# amp0,wl0,phase0,
0.0015250013757643847,0.04997624906900938,0.013161859292470442
0.0025311767814092897,0.048908986880240785,0.07555882631763544
0.0025311767814092897,0.048908986880240785,0.07555882631763544
0.0023996828894401905,0.04954207493554326,0.036295609547421455
0.0023996828894401905,0.04954207493554326,0.036295609547421455
0.002784602432662879,0.04962493403141377,0.04189618956300343
0.0029257092773460197,0.04946533121929099,0.0418832404300038
0.0024213710421892394,0.05010988740007879,0.024035342601873604
0.002783629001228718,0.049840569445616656,-0.013662925181575476
0.0018620448895760341,0.04988723755639966,-0.01731853288446316
0.0018394384488719256,0.05050738608178233,0.019429502057724476
0.0019139080913029099,0.04892197672537462,0.027069390544759972
0.001644629107325008,0.04940902956664265,0.03034490520131217
0.0014879857282600684,0.04878004313432349,0.057226437581339336
0.0025359147655946265,0.048657923669439766,0.08455834030773327
0.0024444105287038096,0.04921714345952542,0.03171094414731496
0.0023462680254630434,0.05034018081316409,-0.029839062428913214
0.0016470921258748207,0.051133864822718075,-0.05137763353680173
0.0015013490246055354,0.051245901617379214,-0.061025042903240935
0.0016934882413126816,0.050942962362705034,-0.06264088640711277
0.002823865666321908,0.04875071509870644,0.0538279633019002
0.002832481148839096,0.049254086054576866,0.07487425452766382
0.0028792101433947723,0.04965848272370741,0.07545303795459968
0.001961274622107963,0.04881196552279271,0.03680031280658987
0.0022425639896617574,0.04929439402339926,0.07525177350177016
0.002548807646304418,0.048864730965450194,0.05762432586290421
0.0022641551032811544,0.0507712553561187,-0.030638393508147524
0.002253022982815276,0.05072495339572158,-0.023351775485911767
0.0017468615151967613,0.049959442050101284,-0.022547087575372465
0.0015170220008025612,0.05015661210887003,0.031795471121584866
0.0017056909223571925,0.04972556925280696,0.03142095130921762
0.002229283310549586,0.050032825735833744,8.189702907816477e-05
0.0023179690231599657,0.04991623995541932,-0.004645334077984232
0.0021529751616612683,0.050248433134026035,-0.009766533376068602
0.002196043280668615,0.050614935086700535,0.01801159978213289
0.002253007234149775,0.050067529036002,0.019400563965641222
0.0019399701501974834,0.04955414584046333,0.015554135822336914
0.0027062181810221142,0.04996540178774424,0.02356945898700033
0.002596160542993599,0.05006349605299824,0.02653051199521209
0.002413564424182098,0.04961628435027828,0.008347821221007827
0.0023047375268220676,0.04959984017412895,0.02291118405959748
0.0023028756665569887,0.04985143247850132,0.01280057770111819
0.001866454268141931,0.05050420131049581,-0.009001845031337061
0.0020664606921690864,0.051214461225322146,-0.053439136028516736
0.002150843365140634,0.05092930939725552,-0.04757679088945471
0.0022013896144391755,0.05126490896877116,-0.049060645693672605
0.0022512502989216043,0.04933324043127764,0.07153454172976843
0.0024639798270010716,0.048950653523420797,0.05942727945176483
0.0018714749413982074,0.04882587044011338,0.04543227662186249
0.0025142701178842547,0.048987497044901074,0.08032745037937145
0.0018893585372184035,0.051543359526053385,-0.05474303547550877
0.0017289371050281856,0.05010125314437577,-0.00695604840026819
0.0017941309451473297,0.05059584142066864,0.010048571393210073
0.0019802173972335614,0.05038547776912305,-0.0201667936507831
0.002290296417849044,0.050190554456245456,-0.01685751786699151
0.002480629396220154,0.05056560252643103,-0.0010645354584041128
0.0026085835071567405,0.05074763832009582,-0.011948068244414368
0.002971230299451263,0.05081887994797722,-0.0196254606503231
0.0025090880535636154,0.05060070912351951,-0.0047678078071798
0.0021715349527374156,0.04967248649950024,0.036129804356220374
0.0022265680258782114,0.04864211136423574,0.028092756186076484
0.0019110112960530644,0.050279749421020564,0.046572173293551636
0.0021311351662007647,0.05011069086514063,0.022743461057040525
0.002587196798382638,0.049678155134261666,0.005483373003225831
0.0018280103564146937,0.049610719674166734,0.02454382350603541
0.0026571861043142605,0.05057473348398633,-0.011723608480343291
0.0026146396699613626,0.049875928108514336,0.05062548532808683
0.001433314209362611,0.04996292086040827,0.0403317580741459
0.0014048717941622516,0.05051429141598625,0.04180467159082327
0.0014198976898417608,0.05053872978484452,0.03499117346271663
0.0028282661957973756,0.050457111364388636,0.037811495089482026
0.002938064116614679,0.04974990819292611,0.002449142293014083
0.0018915168861379306,0.049784176665377856,0.052600367649406475
0.0027290908969190984,0.05028219176744487,0.013053113892364483
0.0021406992202938034,0.05000228141152434,0.008439368584723772
0.0020771815686198756,0.050620802381628395,0.00854125038414652
0.002450125387618791,0.04977015759013277,0.0006285131728584925
0.0022013075055077732,0.050510110325021874,0.010582920657094668
0.002170823690718789,0.0490507098553342,0.03775913334473479
0.0022820334283855724,0.05018139833833749,0.036499356869842264
0.0024964764881265766,0.05108781120066676,-0.013161035704057997
0.002507893526812943,0.04978710236973123,0.027615692345411624
0.0027547673891187034,0.05015243724825886,0.0060184859008481275
0.002386338702352564,0.05081810483536617,6.6186122550867e-05
0.0024929617261994063,0.050289871870191794,-0.02894902077285725
0.0027456521079941222,0.050761317778941065,0.020544924000729485
0.002143971782060638,0.0494230354836516,0.03405358393557497
0.002692952159183411,0.04991874333929366,0.0400693966541289
0.0015942211970332426,0.04929901036361296,0.06613106059171292
0.0016162935332296418,0.049421368112007355,0.06631450950792936
0.0027483260838594378,0.05019964528077324,0.00340078236190287
0.0019888671309610984,0.049217936687426925,0.04231195370692927
0.0021057459529578854,0.04948953230013772,0.044563033999235925
0.0024088009900656115,0.05041899194971478,-0.018430073509098983
0.0024134111482841175,0.05076434486246707,0.00343870001225355
0.002211678831350096,0.049987921181339726,0.0173422716703666
0.002107032126101147,0.05002586477380045,-0.003088734702451153
0.0024260231680455174,0.04926921408196629,0.03746456986541131
0.0023986038039108767,0.0497472129902877,0.0348645894454534
0.002454206775310143,0.05066070521423545,0.010788202330737682
0.0028082092198500747,0.05048355625624874,-0.014698569051693538
0.002284293803894271,0.05023765702480971,0.009095029280733887
0.002385295814828539,0.049350760425831385,0.02642653006229471
0.0021484380329402915,0.049806130901376824,0.036414425130838333
0.002717947403711671,0.05015615846637887,0.01852136107500801
0.002505665696223585,0.049915528250019776,0.021655070757622998
0.002304664426078799,0.05067688937359509,-0.01917446302949488
0.00225334033662991,0.04993276748416811,0.01386375241071986
0.0023674556538686386,0.049520399838724784,0.06909184395244337
0.002332502342441561,0.049143570169862566,0.05261111466348686
0.0021252018403133443,0.04976891948535054,0.012883307341820074
0.002022301069928729,0.04928290892040092,0.06237645997395731
0.0028157590302910758,0.05186349843883941,-0.06124754607192038
0.0019251377483347765,0.050541070098550724,-0.03299699189831849
0.002193521822682491,0.050786237458443455,-0.0032273200786364377
0.0018612941983989838,0.05057511778214437,-0.03446767483430588
0.0027686566034347067,0.04960922586079772,0.022665644345926432
0.0027686566034347067,0.04960922586079772,0.022665644345926432
0.0025812517100930977,0.05040782045708462,0.000673998576467346
0.0024201163295594626,0.05031080867740622,-0.025415070727628053
0.0022413966140627005,0.04860790994735649,0.06498322255210226
0.0023290110160478056,0.0509730784957983,-0.050699393399067275
0.002241744298935884,0.051227713895382124,-0.053900771508951444
0.0023477542418529145,0.04893439676646096,0.0584517117805307
0.00258248916439671,0.04877913284710968,0.07472466138963825
0.0025743659667292907,0.04866464983180167,0.08621224013874983
0.0025692036852778513,0.04789740204372169,0.0604366593044525
0.0025899599692218826,0.04867725635676637,0.06254711799955898
0.0017959944770661214,0.050165046171885434,-0.022240022227251795
0.0019639629127748445,0.05101211943792654,-0.03153591622122561
0.0027456804380767393,0.049402440525925746,0.036583719994335906
0.0022007133834904147,0.04980196687290795,-0.013242545372170107
0.002047011946842994,0.049861395547588484,0.0064046805060124275
0.002378187148042292,0.05022403414789701,0.011154754708681085
0.00222256437873586,0.049881784200183195,0.009467397879744524
0.002179839641809115,0.04953729426869737,0.03474703999690333
0.001987438323984499,0.049224543290334155,0.04310080651384813
0.0023581522333101976,0.05034697886794941,0.0017089192822284326
0.002092318451608169,0.049929216144627725,0.02602326920446745
0.0018582872227162945,0.05016439607850058,0.02837718130256611
0.0020132564630296734,0.05017940014357918,0.03762729812155861
0.001946921337967261,0.04976310877009059,0.047318079160292834
0.0019444793786575715,0.04925323675550998,0.04428282487703281
0.0019004535473839627,0.04947161363042592,0.053292224661866464
0.001859079188734332,0.049045908004650245,0.0356826731323495
0.0019857202432928224,0.049720486788075495,0.05068986973213777
0.0017883669496093868,0.047935165480077126,0.058123023326974374
0.001991055931231317,0.049177375958018715,0.07766610339541032
0.0023285348579572037,0.04875950588519463,0.05736947074478607
0.0021526990760227177,0.04884586178697405,0.08423071300186834
0.0018588560948476576,0.04978082191907609,0.023341231682794582
0.0016430592722905596,0.050459100084507304,-0.01631213942612518
0.001564942277055736,0.05018224701179499,-0.023057986818432064
0.0024484528675390595,0.0496735908945049,0.023222601437949845
0.002354817624514599,0.05005250157092795,0.014905906173821622
0.002647626826428949,0.049759317600699605,0.018776033386123568
0.002201933406348326,0.049983661300236536,0.035632085108923454
0.0020968664618795955,0.0484319208882991,0.07375057393757585
0.002108612264510252,0.04837187639687093,0.08685049695119981
0.0019503132688330346,0.04853447541277862,0.06619402667844124
0.002521550890228294,0.04838752094921605,0.10515257880319799
0.002337062876444461,0.048144742742804794,0.0909549622746045
0.001945769701833606,0.04967769297683476,0.028774723009469524
0.002253474418998465,0.05071291770286593,-0.02418154768942144
0.002262768492942477,0.04990499186136426,0.02198088713463932
0.002653927543090249,0.05067949811501609,-0.007011165912798244
0.0023288223862405906,0.049908827286966474,0.030469788184856884
0.0019787680022684585,0.04982466581980425,0.003127590200768923
0.0020528105003324287,0.05049491861737858,0.015490455175831667
0.0027229781111814707,0.05007424024217884,0.01127791815926983
0.0019504484632212463,0.05056480681054292,-0.015487035937866066
0.0021758951442530463,0.04946314215561008,-0.0002727981537292723
0.0021264930789985925,0.04966793512843414,0.06530259773054381
0.0023827524282646027,0.051323250826517085,-0.023531600339170084
0.0019365964446600068,0.049958319464252325,-0.019132910730550484
0.002317249686102863,0.05032352938785897,0.02413094045355495
0.0024295181003027686,0.049721520218918604,0.05302668383832822
0.0020783475681929917,0.05057764285903122,0.006614272609592754
0.0023073527399345853,0.049289764429500345,-0.01349699827429866
0.0022606869984965125,0.050058910373195875,-0.001185233641007485
0.0029890912354976567,0.05074040547630062,0.005302418943857533
0.0028571552500933906,0.050316518342422345,-0.010637487593361104
0.0031828566766020946,0.05047662805697216,-0.006754281589163952
0.003268737437693455,0.050615087236092905,0.0001505829646869411
0.003268737437693455,0.050615087236092905,0.0001505829646869411
0.0023741348908499493,0.050593252427207164,0.0004996867513502977
0.0023951771113423,0.05051189777065063,-0.021578004560432615
0.002150259986345079,0.050315314701123326,0.0003737647471323063
0.0024943839514832565,0.05024448464640162,-0.01683917375446917
0.0021075969882539385,0.05014853861152171,0.01753337320560004
0.0023765137793741804,0.050114894959743514,0.03122616969227749
0.0023899757956982732,0.0500606279365247,-0.02979531323359683
0.002526950722660271,0.050383451460796286,-0.0415473268273104
0.002149763989597493,0.04965664032269702,0.05234289860502332
0.0024882446911508576,0.04924381647692877,0.040943436716523916
0.0024524460966503054,0.05015031025752156,0.009905746934390707
0.0025244467285869903,0.04928914171819233,0.034009729827876936
0.0017075022998066015,0.04807987609296659,0.08920247290200883
0.0016158200783147477,0.049098975409960444,0.05892146532696333
0.0019863731628318925,0.04949883626665193,0.032540371644587084
0.0019874065936808785,0.04950817249867662,0.032842067677772147
0.00223501632914021,0.050185478975058616,-0.0158514269227113
0.0020779007182127537,0.05052854651493416,-0.03169603961910607
0.0022891700769794086,0.050723697431702276,-0.043511235077629
0.0016784094473272458,0.05068414212306383,-0.016137790105004702
0.001214077163851768,0.05055674410869707,-0.06821330427529534
0.0014401277302440883,0.050402090378428556,-0.049643703336774196
0.002554670973473581,0.05137447849822531,-0.044314396651338184
0.0019247570726767908,0.048288259948687025,0.08101338944708453
0.002256041923239514,0.05032505074832834,-0.009560653734897031
0.0019915266140592834,0.049881729973642604,-0.004705676371923335
0.0023080282380403515,0.050433051310295726,0.022301081298433785
0.002140254066894021,0.050110915428092144,0.007236388530436816
0.001757779354455669,0.04970618270661534,0.003144630111509757
0.0017610752111789946,0.049112917951985836,0.02630784148487091
0.002506979444510747,0.05011447016343534,-0.011969012967646143
0.002475994095075353,0.050519963701582016,-0.02859982932208961
0.0023716817022781844,0.05049776230113488,0.013742009819452826
0.0023238453318896323,0.050357193434149086,0.01963111273293765
0.0017811958028754052,0.04932037505823579,0.014725364775902137
0.0016719774556961618,0.049567416644634064,0.04669529896421605
0.0028056515834447805,0.050915788208263764,-0.01756635047250002
0.0017045236096200622,0.05005375303585823,0.03311385530756048
0.0019033846441572982,0.05017355800333879,0.010036049299405748
0.0016435654056896562,0.05073088698947384,-0.02720032119658702
0.0016071020981826474,0.05031504627409589,-0.013173360035870427
0.002485960720628974,0.05030630134231585,0.016675357042946114
0.0021629017073341882,0.04917873140431773,0.05010691840494488
0.0024872242435415503,0.05070690860706771,-0.02135729591542329
0.0017160351689190882,0.05068306033183454,-0.02542583661612468
0.0023839813581623633,0.05005692245983908,0.02041921254801629
0.002390814018855138,0.04871031610721785,0.06219660054961691
0.002390814018855138,0.04871031610721785,0.06219660054961691
0.0030224847912550105,0.05028980283030109,0.039646246400776214
0.0028950800895114876,0.049521541860534216,0.027993804272358525
0.0023876530502182462,0.049245355314764386,0.0747494997028433
0.0019052342289161727,0.049269777844881915,0.03717123329341697
0.002288728636487745,0.04994208383823485,0.016103772388776753
0.0019354166947247184,0.05040789815392195,-0.011242458796336416
0.0026503353995107424,0.04969228516144435,0.01582471335722386
0.002468127692291923,0.0496552510340933,0.056765502422590104
0.0021271522910578274,0.050074987796456694,-0.007542931998846927
0.0023165977000035773,0.049994725765559425,0.028417028126173093
0.0024626989306744994,0.04897305411373659,0.043559293423438214
0.002525901987700342,0.049818142391544626,0.03299579638662876
0.002335576897244939,0.050196979312154645,0.025332547339851304
0.0022034743233644875,0.04996962826376608,0.0008530246763937805
0.0021102228522340265,0.05024415282083937,-0.012958005717068491
0.0020936175907004927,0.0503405716024482,-0.0010175796629853411
0.0024756413623614254,0.050054206689827394,0.02220466128119173
0.0024136998130421614,0.05080835539631322,-0.0034525168476680127
0.0016851045178376486,0.04827713040269595,0.06450307740841268
0.0021667966010474556,0.04925629133196231,0.047044620713500275
0.00207649522081905,0.049309924823864745,0.06608990728105332
0.0028248454018916635,0.049449159094665324,0.026619822982302654
0.002492693776508058,0.04975959494951036,0.03627319904889919
0.0021177485547941286,0.04883381949263161,0.060792165131126744
0.0024761718859666786,0.05078867629660688,-0.046252716305585764
0.002405625441068215,0.05056604818964249,-0.03079950231848376
0.0025486943834510008,0.05069970405757765,-0.02739536830505215
0.0021530755968221463,0.04894520949430899,0.0561362152787668
0.0016924569981974454,0.04919573783341208,0.05161326645203327
0.0022127677780231104,0.050267313194613444,-0.006141669372551589
0.0018029119692371633,0.05102062093575767,-0.06512102067814758
0.002332931339118383,0.05093240228931834,-0.010329270407509413
0.001984543781702366,0.04993870885087723,-0.0130201591335148
0.002040464670515354,0.05045384967983135,0.013762810041652715
0.0028438450122993276,0.05047892603528292,0.006440574582869853
0.00257209970164878,0.050294517844757164,0.02576700055909316
0.0020931797411650366,0.05082258701088307,-0.006981238985565654
0.0025016809020926116,0.0496903441228594,0.002923851711358707
0.0026295911305359828,0.05026556456897775,0.007921244116456358
0.0023083282234028697,0.05004893412795588,-0.011078636800317312
0.0023634941148269685,0.05015987470797661,-0.006960205188851041
0.0025054970597994356,0.05052521331763222,0.006723093093048837
0.0028549688989600495,0.050167690156056995,-0.01903969519172951
0.0017690894486207128,0.04959686396604408,0.05877583273212758
0.001875164829555248,0.0500591247871026,0.06052878636461345
0.0018967938920801516,0.0499085800914524,0.026820183520228247
0.0021778332927125488,0.04896182062287098,0.06480787163816157
0.0015606456874161583,0.050005555299465335,0.004929201876773103
0.0022457473319519496,0.0504771698250704,-0.01124629998768275
0.002700465296108869,0.04963621235958654,0.013362457199701095
0.002700465296108869,0.04963621235958654,0.013362457199701095
0.0025821959992153214,0.050117681166515514,0.0469220467774457
0.002501922125635029,0.04966210228507249,0.05041022037350634
0.002241363880281844,0.049017550288715864,0.07477318416031734
0.002481456460944295,0.050893937166466424,-0.03002434815516819
0.0020942472812560493,0.04917094158908551,0.051602275480840266
0.0027639059098626896,0.050042491133635424,0.022296795446104425
0.0020762848025256764,0.049522241731453955,0.03671788896115722
0.002167465620160585,0.0502886080422165,0.00866161998347287
0.0021316925319616433,0.05078463754105956,-0.022416070017396806
0.0023858053042877672,0.049582892604381104,0.03733295993755003
0.0025355373615261064,0.05002547903197411,0.02651522753349549
0.0023452529132114903,0.049703266652723045,0.01924542092523432
0.0025261214958092904,0.050579132872740316,0.011804863594707749
0.0025945016910699182,0.05042706457960153,-0.0023098678102008727
0.0023906169540535756,0.04988718613157923,0.012099277772264166
0.0024881354244890154,0.05074193261138289,-0.02062425818831509
0.0024571447959301144,0.05117371695511519,-0.027483283218241582
0.0025099474031314985,0.04960163177343042,0.03605989322722853
0.0022723580718070294,0.049393930559362795,0.044534427960516085
0.0022723580718070294,0.049393930559362795,0.044534427960516085
0.0022204019557465426,0.049263272129425106,0.04152051042236528
0.0023766437378729475,0.049690309820805696,0.03778318566126093
0.002166829678351759,0.049206773608235534,0.03862406432928468
0.002625391236756076,0.05044093418130017,-0.007167165815394755
0.002162403863190814,0.04973066077912131,0.03016754741363388
0.0019071829130383085,0.05001457059757102,0.0017799269911006666
0.00152870877667352,0.05012670597201859,-0.05265924657931056
0.0020734423202325757,0.049396389657643196,0.09238939192032294
0.001978916422104973,0.05093235335001311,-0.03968937937149692
0.002082997738357207,0.05025072083461008,0.0019191330196230512
0.00270669705285583,0.05017006882807019,-0.016590346171692315
0.0019558259992929995,0.04966670825354763,0.004085566464865335
0.002162208287430226,0.05021032712871144,0.02962446217880029
0.002861051491457293,0.04937562115316169,0.024554522419067602
0.0022728307923717624,0.051203026080817386,-0.04738597944427095
0.0024019441259480177,0.04983230469831767,0.012060168133609503
0.002132610197685606,0.04966063754280242,0.0023569055086046387
0.0022141911660474144,0.049920162049154206,0.03638053863473135
0.0022409623434189074,0.05047529163717965,0.00834653151664846
0.002227152125070794,0.05010845533426885,-0.0179551620265634
0.0020152598547787566,0.049607399813523384,0.021398122132231124
0.0023140523625384208,0.04933648733179832,0.03464767428983483
0.002173513625678329,0.0506732324202146,-0.004731146446959523
0.002420284581177554,0.05036612346659901,0.01790138935022573
0.002102690784081343,0.049553155253118555,-0.000877770725491205
0.002642968705726102,0.049519302095401334,0.012193199821762925
0.0026294117300145184,0.05014261971497275,0.0342141699818376
0.0021331092751877972,0.0501862669470579,-0.0012088227505116368
0.0023699892360117864,0.04991593331513327,0.04413738056506509
0.0022112338254656624,0.050700504751252005,-0.0006180562514554428
0.002193117250823003,0.04883768139172418,0.08659449121892038
0.0023528331965184455,0.050609235649876454,-0.0018882999791506826
0.0022767814625832745,0.05057205322269033,-0.03823324014732958
0.0021888199851243964,0.049840979815251964,0.030050126395584017
0.0024993680966652774,0.04961457276903244,-0.0012523103665428889
0.002622039591106315,0.05043941727670699,0.04091760670252775
0.0022569956315005484,0.049879395462291205,0.004549967082743068
0.0021491638153857853,0.05142448844484728,-0.04845586999721764
0.0019805336096233852,0.050666375755225125,-0.029728386851635858
0.0019592906861853367,0.050268056872650124,-0.04302047418068962
0.001883927937512431,0.050863078199735526,-0.008776345923328486
0.0021041119697441705,0.049791140989352375,0.003320716195235006
0.002232783165992482,0.05006094357802943,0.017322910029495157
0.002623837371966484,0.04971889534487229,0.02399600913663981
0.0023053882710111387,0.049865449606085806,0.01903341314402567
0.0024403051236873805,0.0499053222453986,0.014639250691466073
0.002567759584670902,0.050258660995815614,0.010567614342205553
0.0023239316547203435,0.05011792051097733,-0.007773062195101244
0.0026203021967474006,0.05059158741916237,0.016981906551386674
0.0025737345963314597,0.04994999344937534,-0.0003439438121237311
0.0025737345963314597,0.04994999344937534,-0.0003439438121237311
0.0027151699359901126,0.050760317380787345,-0.006485817894675674
0.00245570741696711,0.05002017674090114,0.005466034667335319
0.0022838160110812615,0.05041180310512881,-0.004556703371289476
0.0023941125734525974,0.05010116531242228,-0.005225499858004867
0.0025346084328123674,0.05030366351637469,-0.0018648961143325226
0.00282763863644243,0.050738706565061596,-0.005155756643134609
0.00282763863644243,0.050738706565061596,-0.005155756643134609
0.0022446492884835093,0.050410488638234933,-0.022127284248714484
0.0023951391210634966,0.051207333669389364,-0.03267175036240457
0.002634677589892214,0.049527333537691856,0.03370816959073771
0.0025493759743361426,0.049675149382228376,0.04724397641081418
0.0022501819907538878,0.04934510091389396,0.025045185647272185
0.0018998142637182767,0.049490867634323955,0.007887865937446713
0.0017107154369335202,0.04984336791054431,0.011391818714542652
0.0017962808398788866,0.05014240044256439,0.009343607557615489
0.0021477277977927068,0.050696146301379995,-0.019625380049759618
0.002236109814625781,0.04923208702512159,0.06290569398992694
0.0023167921749533502,0.0497065911184065,0.04278077841941409
0.002262652641041408,0.04948804851525487,0.026964360487285875
0.0023030782307666108,0.0495908596168857,0.04990975810926821
0.002421905384033545,0.04999580225312743,0.03484592362337326
0.0020833069221732124,0.049790998720042584,0.0343717883112592
0.002115504119490272,0.049566363673158774,0.01732812532620955
0.002312563934208102,0.04999955964178547,0.03711761001240591
0.002662555147180428,0.04966006659923799,0.01667236044869609
0.0018635710498314762,0.05022384400472667,0.004886498589104919
0.001924898961193806,0.05003591761667433,-0.00019092503985337442
0.002795410236406242,0.04989243852762618,0.022886525147495188
0.002251803350556703,0.05012352842408704,0.00960620167319753
0.0022906569544902645,0.04954247417954556,0.028522700101112252
0.002325659686086552,0.04978311694904886,0.015000762303265051
0.002117055761336934,0.04941974794463378,0.008448471059798422
0.002919851545014618,0.05012321501778981,0.029647277123048203
0.0021540025143692958,0.049081581025473296,0.030129148849667737
0.0016597961429173568,0.04971454007725736,0.03529625755266642
0.0017292907850119765,0.05029608125839505,0.00868214444472714
0.0017994139698813822,0.05022736554915274,-0.016210398627387875
0.002229885617288741,0.04952680653406401,0.03880053621150747
0.002285634669844117,0.049691087941640344,0.022158730692530382
0.0023747049625857538,0.048968730491860624,0.0474057803338238
0.0024188990309430675,0.04909675098130695,0.07033738330266984
0.00222370334646696,0.048661277612311905,0.05930714995994145
0.0022167741758586843,0.04860155847371843,0.04012415406951432
0.0021283417608635893,0.048296643961944594,0.0896278661253552
0.002074314517826516,0.048562546365955625,0.103423489796585
0.0020990135959425105,0.049875108897154866,0.04053400514409399
0.002307649071966343,0.050761465966429754,-0.023598528052418095
0.002766809098115344,0.04992754809491913,0.014568696387318903
0.0021340716411151497,0.05001020073450607,0.04182593798258157
0.0020855705758345538,0.050151527647767764,0.005666209060950654
0.0021150743815774088,0.05001276669700597,0.014016004016402205
0.002511780344593891,0.049887180621140614,0.03465218699319045
0.0025127423925994795,0.049809168180847116,0.03654953839836626
0.0024215242811202373,0.049987223886516455,0.0330418873435344
0.0024236041228702107,0.04927911871855624,0.03361192575228589
0.0024247039283760976,0.0494631635770589,0.0364193342225636
0.0023285419960923297,0.050387110814896004,-0.014776612732314915
0.002280290178286195,0.049794736936590867,0.020749485124708967
0.0017763641256766831,0.05033118653969655,0.00460592999249253
0.0022404108287423443,0.051138239119190035,-0.05676279881087462
0.0026056835106370857,0.05036066309349077,0.0187467893448991
0.0026103739855633805,0.05040780992818018,0.01731844853483236
0.002150361700777845,0.04928537347352885,0.035333220441744896
0.002335399694352223,0.04889055115749126,0.05190766637081107
0.0025708341975892073,0.050453642884082425,0.003169342745551477
0.0026007615878769668,0.04951029171428357,-5.875129957232528e-05
0.002336024720343347,0.04998520146240565,0.017492518757814324
0.0022240692237032816,0.05012329319576134,0.030393404516644292
0.0021563237886970065,0.04973366807514022,0.01696841298509416
0.002077569760833423,0.051012384610661446,0.00942399099239303
0.0026528572035143328,0.05043132754460257,-0.01590093969605675
0.0028458809278632063,0.050981299117819553,-0.04423957152116805
0.0029842026587357895,0.050470365497079964,0.01602227895479036
0.0019767424147930433,0.050197030046157026,-0.019594122724883225
0.002195678092792066,0.049634586942461575,0.026648042218490292
0.0020539944239986838,0.048938901936315005,0.08448766898942937
0.0014936840942736806,0.049740672524004624,-0.006037748252062785
0.0017119036771150891,0.04951664729619777,0.021711503315765893
0.002030389248369403,0.04915257112774772,0.06052873232916223
0.002044338511961848,0.04890903700874416,0.04925966569041088
0.0019167731242099694,0.0489660989669122,0.0584714011529542
0.0018184259355576622,0.05007811733301467,0.0012631348291749923
0.001743366940977689,0.05107630285333534,-0.04965364826370994
0.0019608200206879486,0.050800432743277786,-0.0255278361616845
0.0020035157769774095,0.05104674230701288,-0.026806913928170716
0.002671686484907882,0.04998355019181498,0.039504780469018536
0.002651166090150402,0.04962702627601049,0.009260955630493539
0.0026313352192968357,0.04991368198594057,0.05493591246996436
0.0025722109327378645,0.04916176373031245,0.02648204129011575
0.0018379245272715774,0.04968121376049712,0.051760068558701695
0.001581971981997071,0.049875303708566014,-0.020366215260614277
0.0017628576378920882,0.04929002195246381,0.03903164816889782
0.0023394226690372283,0.049712165073547546,0.024109430891965034
0.002582673151650043,0.0496797420774069,0.025561362673212108
0.002582673151650043,0.0496797420774069,0.025561362673212108
0.0021933753106615473,0.05008499663719654,-0.004281088678947261
0.002162402846015143,0.05057614408600971,-0.01230741207019363
0.0023353749967811067,0.05085557722557595,-0.013276569513661109
0.002331688239400269,0.050456920890172355,-0.015267268193064693
0.002913542462491633,0.05028645988346357,0.012910398966444797
0.0029541054396359906,0.050425673097675934,0.018132550952034646
0.00223754986904417,0.050309006707577965,0.0026027582103027545
0.0020750665868102397,0.05052307875492164,-0.01336308880626638
0.0026952543238538892,0.05075004148253608,-0.01886768403925954
0.0023411453140529605,0.05053357598841304,-0.01752084217963247
0.0025788914782761863,0.05023236419460151,-0.011433783209666587
0.002263653422244456,0.049883683176857485,0.03589145771184918
0.0024554454888906707,0.049854000005869585,0.01274624084742045
0.0023898530837086138,0.050221514791315515,0.015618245102842218
0.0026121845705189446,0.04990517416348196,0.011068313292338997
0.0024715323071112004,0.04899748826267666,0.08748146277557053
0.0021521664574842185,0.04999463545664653,-0.016611271282192672
0.0023398152731801632,0.050376521463997036,0.012553163600456371
0.0022643839270645116,0.0490699831580359,0.028319902259777954
0.0029530527086982596,0.0496301821376421,0.07150455295925714
0.002042459262502357,0.04828587826410919,0.07305514851666524
0.0021704930450828883,0.04843540141855735,0.08130727059772636
0.00230882906114645,0.05130440986339549,-0.07304891096249598
0.001944967416258696,0.049183524266218845,0.06898741884079523
0.002537692426285139,0.05026116067326476,-0.011831214497818566
0.0025319182542769825,0.05078643890607397,-0.004018955227525689
0.0016915385217217871,0.050352802386339754,-0.007523266432299336
0.0017470677172014954,0.050570396680923765,-0.014356850583479085
0.0020323899790675583,0.04997572768295725,-0.026164100378056134
0.002013430845903274,0.050467460949976534,-0.012287244849015761
0.0027691601455986617,0.050454911676413555,0.009666758929536301
0.0027545931428366076,0.05055818196921105,0.01535527076393064
0.0018702993139535656,0.0491121231060477,0.03066928041318472
0.0019658919772625573,0.04994699207503103,0.03642258822727165
0.0026562203701732336,0.05082675501449048,-0.016835011062448457
0.002695163937519968,0.050780697180209645,-0.008610688391062346
0.001958333990896816,0.04962726227668465,0.03705840719239143
0.0022948268357642835,0.050326154879922425,-0.00211396117864617
0.0023149394110230847,0.04977676105659321,0.02239070877513617
0.0021682051762430266,0.05005127599702916,-0.003847261425154158
0.0027924318523105435,0.0504914888380406,0.032533986050488406
0.002570650823883995,0.050598315991629304,0.022489361909057756
0.0022453815212534066,0.049100458796352706,0.03866017243412902
0.002401689661968786,0.04922011060221443,0.042575474308624975
0.0026266198789707726,0.04998618307603413,0.03869308710329139
0.0019974359993546326,0.049409226101951205,0.006977949855227493
0.002025610062006866,0.04983978811225265,0.050222365959076046
0.002421670766026015,0.04942437068264579,0.06028858792827298
0.0024619730136628305,0.04942089894580512,0.056303830101737506
0.0022645496705221988,0.05044297417206849,-0.02332453243622705
0.002272648306168712,0.05070138959228422,-0.00817656892166207
0.002068803671130244,0.04969487751262939,0.01486256555541124
0.002278644123969479,0.05057546875815989,-0.0040655412743765326
0.0021001987868740296,0.05017843578651516,-0.036754439456355016
0.0017876434528499739,0.050571303578707115,-0.012047615622575227
0.0029098914173031473,0.050462129271286404,0.01359050186358823
0.0024853834081361888,0.049562526589396375,0.027876010409778766
0.002378487110803486,0.05050994029083807,-0.001973166326489497
0.002606215028880607,0.05006105487645143,-0.0008120702736165517
0.0022454395196435145,0.05014709420244219,0.023285621748606516
0.002113442651942026,0.050307910533942915,-0.015479096261585478
0.0022195440725222624,0.050995269901614695,0.01407116525220038
0.002329662721319855,0.0502572995516146,-0.010286724160143937
0.002231478029222544,0.050520278407605784,-0.019291358178635132
0.0023315877552958077,0.04943483765755295,0.040801742826066155
0.0024630186986611467,0.050771128469943916,0.011790728158152295
0.002852144433838911,0.04984267474106971,-0.022552868003982356
0.003028105810034211,0.05001501936157424,-0.008733226650163609
0.0020774309734873397,0.050823131146303095,-0.01816786851677198
0.0020773155569966946,0.05037507188707292,-0.02180825794224184
0.00214549282542267,0.05022130979221314,-0.01871996535195413
0.0022429858407814534,0.0498846220497285,0.03337873572660404
0.0027273162246673416,0.049868381309870216,0.03533869985863146
0.002617916708686203,0.04878886174949057,0.07204005844218873
0.0017216270810892116,0.05041248053147035,-0.022562060331751285
0.002463916926976527,0.05032325017698205,0.005691909203348592
0.002656048144826045,0.050178771929187634,0.018565551438951795
0.0021425089207508866,0.049432403649004114,0.04005257703342491
0.002121375019775874,0.04941410117083567,0.007476035287672943
0.0022008931881481375,0.05007759129154734,0.011140164358965962
0.002313560720842108,0.049895211033298706,0.026236375312052775
0.002570977128181235,0.050161415886994506,0.002154666346563785
0.0021157898339801387,0.050519836069265245,0.0011629231009049428
0.0022246393060255353,0.04980319907532795,0.01321700638153359
0.0021534083440940266,0.04999761056758851,0.03075502809790115
0.0017755294910266816,0.050138821091420864,0.01064578832599461
0.001778081969359783,0.04987418095498905,0.04311632580752618
0.0020072637696815676,0.05022100793050772,-0.024830105628961777
0.002514486213764412,0.049819161479559386,0.01463984778817402
0.0027907932139640103,0.049698250227291726,0.03784269033764254
0.002654073868401415,0.049467780194290156,0.03136631527946739
0.002654073868401415,0.049467780194290156,0.03136631527946739
0.002490254766361863,0.049990638132895344,0.009935509869448923
0.0023102820394883196,0.05021545721854564,0.01044389171685655
0.0019919040016321945,0.05040915977053027,-9.760091166759248e-05
0.0022251476251292095,0.04924696862921377,-0.006081358311880826
0.0020792454899624994,0.0494406394537025,0.052689231177668126
0.0028708251192561623,0.04892463566546941,0.06214577690667758
0.002506655760258883,0.05014641383731813,0.044942943243842445
0.001738922321330754,0.05005521271815088,-0.041743038975096645
0.0019176048475637829,0.050434823885543545,0.007752528144804179
0.0020605743460439772,0.050365895235830925,0.004943092318246861
0.00231395460141618,0.04950290551781663,0.015423202482568624
0.0024455328066084092,0.05003921967594619,-0.01135930313003809
0.0024755276128966275,0.050242273852122606,-0.010702007481443622
0.0022716096517635545,0.0492914929325505,0.03696100815537795
0.00219695648662,0.05001834219663342,0.035276115258030774
0.002866027417718338,0.048920595419969015,0.051963845028655024
0.002129299134703563,0.05110665460119014,-0.01837950615657405
0.0020827038265132758,0.05061682414685286,-0.0279113297949511
0.002026478051894921,0.050253414254393045,0.0037176242515785884
0.0025420585304776187,0.05047888473483578,-0.020321431836406896
0.00232967781578318,0.04984302024514754,0.028306454852956953
0.002018623318658141,0.050443774583505165,-0.014676540897643399
0.0018983640135178408,0.05039124079797538,-0.007067282708219937
0.002449407813301403,0.05003640449997681,-0.011390414371597634
0.002096103038411453,0.0502490981650222,0.03507271252216011
0.0026289149277879194,0.05042163534610231,-0.006498016710943937
0.0020384812167117843,0.049477813300681496,0.033976054649779666
0.002629696948568453,0.05047562421133151,-0.0018429740898316448
0.002858394067924921,0.04998105707864866,0.00792983373458597
0.002399472303033693,0.05014761830761753,0.013628350764457614
0.002390987949413102,0.050039378373334345,0.021164406443225203
0.0023499802051331047,0.050361039895984144,0.009541578182995787
0.0021600222294033745,0.04993179018914683,0.0115997890189296
0.0023596138724190107,0.050215747983270886,0.008683141363123892
0.002346955676727881,0.05018497862402819,0.016004360500470577
0.0023556564143166407,0.04987903978845139,0.007096207785202513
0.0024182852462978984,0.04971612966433296,0.023790293980997388
0.0019053792641091367,0.047966833768602814,0.09978440680892905
0.0017051637143247766,0.04792893149904233,0.1069407624538618
0.0017391243933147288,0.04764305906681826,0.08355245456794658
0.0018374901022222832,0.048500077485191785,0.10965298793454704
0.0018228412733539358,0.04828199227201979,0.11177828249052434
0.002342964064567199,0.050509538233387746,0.008033301727114368
0.0027278964549021798,0.04977764325523832,-2.186028894362979e-05
0.0016728309257103425,0.050064662558971414,-0.01812176431410273
0.002007445297645274,0.0505635095918407,0.004525116838074575
0.0022974161171391318,0.051021292572831445,-0.007071102065246813
0.002511645966112602,0.05070995279472439,-0.026060991674437445
0.002040028726940629,0.050466893364020465,-0.0027103409050707283
0.0018221060411992974,0.05032276923432567,-0.034016813618229357
0.002291726343570738,0.050493097598048514,-0.029048863470122473
0.0017872003054901094,0.049689839344096355,0.012356324022261007
0.00199875439184569,0.050982352799774616,-0.026109770136648884
0.0027021109451506793,0.049936908496957096,-0.0037698775131083644
0.001827807051876173,0.04954738671669003,0.050934098961291904
0.00270856278985469,0.050230562004832426,0.0015929754659052093
0.0027646618816628866,0.05011415351819987,0.0003378572800678632
0.0019751909160857927,0.05106958340968446,-0.02058267192959603
0.0022557729427970536,0.04933498726534238,0.050619804036497996
0.002424260102033035,0.04950695981487026,0.03547476510931362
0.0023464323012590453,0.05103913470671824,-0.0336327485399997
0.0023403846975065703,0.050846899802845937,-0.040127546315240244
0.0024557157504448307,0.051225380215576384,-0.055211437938695256
0.002353882179520071,0.05053917663119325,-0.08058209059874279
0.0022136333769363394,0.05173853474692402,-0.04469884109589918
0.002041714891233354,0.05106335658636695,-0.043324128578448015
0.002041714891233354,0.05106335658636695,-0.043324128578448015
0.002286584012005174,0.050869610104376614,-0.057863988050204235
0.0019230258224050502,0.05126894460342366,-0.002339041016148301
0.002548765258850041,0.05077779922953686,-0.03417473222524744
0.0025044537117837346,0.05038124441200902,-0.016669684556488623
0.0023924082130934105,0.05019690923323656,0.01597464762045962
0.0024594287506426067,0.049722307304089344,0.008649476856988414
0.0027602949338645,0.050614289738338585,0.018592530881208633
0.0028943134684164817,0.049985189254561066,0.0014855101108337018
0.0017940388573441227,0.05197630902426856,-0.040567195553288006
0.0027263963647217774,0.05048927583498051,-0.03826604473259877
0.0026131395917168686,0.051304510774390924,-0.014409348843184806
0.0018674146170591808,0.05057484631416381,0.04051681265475943
0.0019221221924185137,0.05040131277047003,0.03198038764440627
0.002033124929490822,0.04973599241082462,-0.024488453359086483
0.002541635817325916,0.050905163929051964,0.03264255406228484
0.0025820601243297056,0.0505424436494494,-0.017465827922364625
0.001785923963771258,0.0495083012246586,0.07137932876844238
0.0021407860780882698,0.050102722234334957,0.011552531514543333
0.0021674990178253443,0.04896309845540211,0.04520474781558502
0.0020295988477983242,0.049427182209633776,0.03574525364668803
0.0016771993925695555,0.05077546756403188,0.004519821337662074
0.0013844482258383024,0.05003128505381602,0.035894492636019744
0.002803482466105512,0.05186311387524621,-0.06012881409817934
0.0026714976204592544,0.05187520340109943,-0.05793034419580824
0.0015615920528137003,0.04968981784079826,0.0015810947110660185
0.0014039032177089726,0.04894632073265288,0.0339547385938476
0.002185678584613321,0.04942089393451446,0.06158589087409304
0.002656795520606054,0.04961626823421392,0.020807162697050807
0.0024865779589908423,0.050194479005083496,0.010054580550166638
0.002371090827879579,0.05069277611131434,0.00939514786295884
0.0024768051609313714,0.05004504992680475,-0.00447777875506536
0.002087861270697355,0.05007726637357156,0.012252648765790485
0.0023229072428548017,0.04978718748693652,0.003951262938458469
0.0022107660462782446,0.050105647666131084,-0.03418600908189381
0.0024171664882678533,0.050577392458199755,0.017291531709327537
0.002395719009721779,0.05046661366771323,0.007045482871335274
0.0023802047227498833,0.050513178499031176,0.005985958748452379
0.0026221799184020064,0.05004562615532536,0.01722460761092326
0.0019067631084943722,0.04878082120878863,0.04596239228890332
0.0026826329768596347,0.049732711367183886,0.019354184936104378
0.0020813555558159653,0.05021274035219372,0.009929475893645274
0.0018938580262368998,0.049574720655472554,0.02202724347214748
0.0018726496991114353,0.0496569831643403,0.02191006540857613
0.0022030477636383037,0.04965822480961349,0.035221331288138064
0.0020791522138079747,0.05101046838752242,-0.008699515731302192
0.002197143097520763,0.049896533205348724,-0.001262810808125404
0.002241873726011415,0.05097763642430053,-0.018339555774516993
0.0021769490539710343,0.04984565043222604,0.023293591869732407
0.0024904873358082957,0.05006898614518705,-0.014667588100269593
0.00277089376539337,0.04973597840681142,0.05072348505609685
0.0024787778105955093,0.05005839210249301,0.033020302295904747
0.0024310044217134698,0.04972287457354351,0.018351057140366066
0.0025983539304199814,0.04931179961903313,0.06421310310085596
0.0017915903505403155,0.04933396617557737,0.0477723323125249
0.002013019050046576,0.04972492846343522,0.01822989108652907
0.0019283502899372928,0.0497359712490895,0.0059787305402908214
0.0020591113422552087,0.050284665482537724,0.01168304361329662
0.001792466033996998,0.051182265881754486,-0.03620028957852812
0.0017383686029965916,0.049780779314732404,0.0023359521105705537
0.0024709808319822897,0.05028532166514961,0.013048305858391462
0.002581079426840975,0.049560551785227065,0.01293627354940909
0.0019496186587182368,0.050264069157132246,0.01744948300789304
0.0018279563285756508,0.048765674742468026,0.048103981868213956
0.0021017594105511867,0.04881887752083465,0.08867661049393605
0.0023062280461654686,0.048400735120954295,0.08169400588253206
0.0018981553482919633,0.04892768600773056,0.08562938304643447
0.0020799672151303413,0.04951476905641994,0.022510526882113687
0.0021089119207223267,0.04983352823834975,0.048709858618185636
0.002123456527958207,0.04930942288156971,0.0028395853371119446
0.0022425919344913267,0.05009228772187748,0.03846476426676871
0.002635711119711274,0.0504429367879595,-0.030207243743289192
0.0023829103187685496,0.049370616644195786,0.03026535866431267
0.0017851534529607408,0.05150175848192842,-0.039997753939277375
0.0017699068395839704,0.051604667996553256,-0.049831741014026217
0.0023311702876084727,0.04991362085069177,-0.0002329741449408739
0.0023311702876084727,0.04991362085069177,-0.0002329741449408739
0.0023129389895542468,0.05093063253278542,-0.005073425095622795
0.002380919405458035,0.050417942484609735,-0.03317927561448032
0.0014794221677853488,0.050078550252507334,0.03203602803849186
0.001830936938093931,0.04913400500376482,0.03175574682005155
0.0022563683058088816,0.05121943736763473,-0.02470119675857012
0.0020325131771171344,0.04926466130222029,0.05770113827797596
0.001785763135778,0.050109009339348004,0.020015383582731822
0.0018083643166804952,0.04958875363018526,0.09216843063488425
0.001960571650373608,0.049171360967699605,0.04826950448122442
0.0018616485974582357,0.05050669214311615,-0.005828182673868736
0.0023331292765962227,0.050223693194608676,0.03912348331426748
0.0025269038973033883,0.05047803936648825,-0.031035677111633162
0.0030600924105333343,0.051552230572853866,-0.05643687440820878
0.001835103897840501,0.04997367840367454,0.033758005228466996
0.001725056842807957,0.050826896576226945,-0.05048003904079496
0.0023139467151765077,0.05074355980647584,-0.0397828665363735
0.0025634421132286417,0.04995838240127632,0.032106351501657956
0.00198777244373182,0.04985228435034755,0.016651097354158755
0.00198777244373182,0.04985228435034755,0.016651097354158755
0.0025035903844296504,0.04968125814743366,0.027878612563299647
0.0014834704867732133,0.051133424245749674,-0.048190328434629864
0.001547362004942079,0.050817554906502804,-0.028292672868077736
0.0016755226571505296,0.051855656831717445,-0.020627989405696275
0.0019909030289010704,0.05072347468431623,-0.04674834951370952
0.002719006929783102,0.050041411101762426,-0.011200226130182055
0.002151856502175074,0.049166953273586604,0.06575750615237629
0.00202693251225425,0.049102732558520254,0.048313913653842334
0.001986593766086939,0.048948447511587875,0.058155306071199855
0.002776135032734366,0.04884878199212042,0.08335683374385974
0.0027720542830128353,0.048703652662509915,0.07508193253815601
0.0026462333287198938,0.048738162663022576,0.04681995454690059
0.0015713755807636683,0.048121124070786676,0.07709148654811909
0.0013942295911109003,0.047999049543608736,0.10191417961373364
0.0015922160977284918,0.0482497641945674,0.1097333630628438
0.0023337946768397714,0.04832317224391306,0.07541255388009217
0.0021935319254207017,0.05070479080346188,-0.028329659385877337
0.002029366775412869,0.04995514897817527,-0.014073235888967625
0.002203635378714948,0.050758956611660556,-0.014031103967921496
0.001503909253554493,0.049463030081489605,0.023319820047484677
0.0014856442664742157,0.04951125205937682,0.016083622212421836
0.0016705497341930637,0.0497001475394211,0.01930096620175875
0.0021276661694694748,0.050726378602012005,-0.019793778012909557
0.002108585566904131,0.04913844746098755,0.026613044662931178
0.0024239593691310966,0.0503032935506301,-0.01513050586803164
0.0020046863112566995,0.04990795596947627,-0.010807346409566912
0.0018752017463382518,0.04955410121524496,0.04494234673833388
0.002074300416068047,0.047926688527087535,0.131816354729608
0.0021874207552386423,0.04708009274957012,0.08502990610020475
0.001990266407405305,0.04755584919541316,0.09717083113116032
0.002229080560049238,0.048096018421203035,0.13311561340187197
0.0022555947021551635,0.04745028833271342,0.10792405215933806
0.0025045142770873407,0.04796372161271991,0.1376443443074336
0.0022457309094191494,0.04826257048098931,0.13319342999712086
0.0024092354980646924,0.048149174205602226,0.12288046294985225
0.0016910418226500578,0.048086080992171196,0.1111432516480345
0.001273396793280166,0.04931240061934785,0.03111472525779394
0.0023050847284808015,0.04859078144989824,0.06523451026025545
0.001395593082291168,0.048231976322483626,0.08605044746385639
0.00281300637040902,0.04994935316799926,0.017748141430940837
0.002691933345206174,0.05000033657890258,0.033185122415654
0.002207661616023545,0.05042006315372091,0.011823472486838956
0.0022463405891138023,0.049901958661979995,0.01653849713542514
0.0019777817205264892,0.05045340903677797,0.002974953289395202
0.0021864172913456026,0.05046121979333377,0.019737299988991007
0.002064615679205669,0.04991790065002561,0.04878906827087315
0.0019162168942343087,0.04980946209710498,0.05685611682030838
0.002683416837418838,0.05039789293082045,-0.015949252756133504
0.001975957879654168,0.04917798280452941,0.042255544667225226
0.002134263157978482,0.04971709576378746,0.056081806733213085
0.002878855670130038,0.05011338277131203,0.029264298682846763
0.0017752954728072123,0.05016543568305872,0.015711931634305197
0.002803715367252767,0.050192802582710166,-0.016574463039202066
0.002008194055965695,0.049756773334335314,0.025414071345354314
0.002691070028508629,0.0506048638918893,-0.016763464233652537
0.002730173161696586,0.04970413274401142,0.02450328710047401
0.0029097591066664812,0.049716759025019576,0.012167768614318925
0.0023863620462682097,0.050710609463012674,-0.0014301446491693484
0.0021873961266277073,0.05070541888975227,-0.0009438670217269272
0.0024147651343125955,0.05045310385532801,-0.012580028292302793
0.002559149934207638,0.04955196096529771,0.04914112411171507
0.0025522617032880095,0.05043083824442105,-0.011807965836161576
0.0025198772790726823,0.05072551711546052,-0.03509782917723644
0.002392122727064185,0.050615425974587375,-0.030640925405495314
0.0026080153291068754,0.050797484667317254,-0.01219538902426762
0.0027125587321120254,0.04994845392047926,-0.004698627076798966
0.0019046422093493367,0.04997546452355872,-0.02263165760302194
0.0017505269622278873,0.05087274315448381,-0.0016855043133485767
0.001791687238815542,0.05075688517247491,-0.007859240838271272
0.002414778329438537,0.04896025772342008,0.04236328428494212
0.002414778329438537,0.04896025772342008,0.04236328428494212
0.0024256278826724547,0.04895270079367738,0.05048569201900707
0.0026793590252756987,0.049893031061923075,-0.013073931376815066
0.0024064357820289574,0.05000656814640903,0.018281706918457662
0.0023634260521525207,0.05048062748100741,-0.004616128887012842
0.0024183746499754654,0.05076717817387243,0.007250473367249579
0.0021518260251304727,0.049556116843426555,0.012808688891764074
0.0025131884923788625,0.05005045596116712,0.024189166224903517
0.002276995702865481,0.050415932490181635,-0.0069095911019334336
0.0023822965686558857,0.05040235527512651,-0.011500546369803747
0.0024945911641332886,0.05041729028396217,-0.009400020156940851
0.0024489994597869497,0.05017602284613231,-0.006778261488754457
0.0017004537656341342,0.05082527146790261,-0.020576982900819826
0.001966373407048724,0.0493993108793666,0.05559792635202524
0.0021681235576987397,0.049940370161527796,-0.011524506752818494
0.0025266750419158882,0.05015833168755981,0.01089569851669142
0.002382828410243967,0.050340066714230074,0.02281087533364796
0.002304299683750392,0.049966751806053346,0.010279937681381362
0.002395948611138852,0.050086252530663886,0.008289883255776526
0.002202310677596572,0.04970813587386959,0.03674708902883303
0.002528187950514561,0.049486733140249435,0.019762860181386035
0.0027618875150902016,0.050935147747729066,0.011744081443792662
0.0017675257655201998,0.04935480239773342,0.0349138318142788
0.002258107103743322,0.049132563135543754,0.07796921316072038
0.00195259731607787,0.04813462205534183,0.0883092825362992
0.002403200136719524,0.04956433349592763,0.03457885423591419
0.002620711991559346,0.04934674478074299,0.03540376208380448
0.0025476972252875076,0.04943403509003924,0.039991890234691456
0.0027058538800271226,0.04950275670965459,0.036578537922839015
0.0024873514960055206,0.04962156223036319,0.015238759687621724
0.0023338292386089407,0.0503155137686559,0.02073776688433908
0.002321401774378921,0.05021490471981965,0.018915306736511244
0.0021206111837123805,0.04984038018178599,0.023838699968947375
0.0021206111837123805,0.04984038018178599,0.023838699968947375
0.0020762233343259145,0.04990830153443446,0.036144584391530184
0.0022090280711815446,0.05011952194353566,-0.012324681587627217
0.0020032811182389473,0.050194536399553936,0.018203610219285717
0.002152667964652866,0.049893361880800575,0.06955613444950268
0.0019726722677059425,0.049480634435597894,0.04796232851162672
0.0020940648785807824,0.048806973247628734,0.040120593101342764
0.0021789480988129687,0.04967518141187471,0.032832778812636375
0.0024817736258164204,0.050957397913355455,-0.039925650535805574
0.002114678663156422,0.04797614396863708,0.10538498935424409
0.0020818394596279696,0.04848062983544246,0.10337505999357283
0.0020738370502679663,0.04829753669751791,0.1264335075820177
0.0021477553738428407,0.04786324389923277,0.1097908373435307
0.0022899078032960142,0.04785010582034365,0.1114339150243053
0.0019034005155343949,0.04828187898592543,0.08024872035497281
0.002161963435939264,0.05051330733988349,-0.02793308465740492
0.0022366998759656624,0.0496004323310979,0.013767446488360148
0.002062199550882565,0.05101797866387344,-0.027075066422989975
0.002324148651916552,0.050405533184204376,-0.021729903280203366
0.002403670250983764,0.04966648749018096,0.015118050916395998
0.002391766798704341,0.050331755879355386,0.009317572780917717
0.002098554276124692,0.049675820055906275,-0.008196659717065749
0.002196911826254483,0.0512104384382519,-0.014726539299299544
0.002388661961254463,0.05081540982737566,-0.058244839925744654
0.0022440160336173846,0.05124316626143155,-0.05223008839005583
0.0021651750882046962,0.05142898519199746,-0.046791660528989316
0.0026566614821199297,0.04913908795462542,0.03911856246903577
0.0020104018997200985,0.05083270415060213,-0.0008905026255251239
0.00257575346828696,0.050061095109509075,0.018283112201644698
0.002219533598209126,0.0504335799872136,-0.006204335004763469
0.0025039808975274957,0.050633169706573625,-0.03952134215590515
0.002495868044256993,0.050867016575301044,-0.010177221124920546
0.002142833177500685,0.04885022635244661,0.053051517962742475
0.002190830951268181,0.04985045619426453,0.026306819262792932
0.002301593365007179,0.049585819870502056,0.024565771142615406
0.002629899530618785,0.04983436542044806,0.00022249205184790574
0.001621430523872433,0.04960315179144008,0.06349875975532802
0.002261328261435773,0.04969310176544145,-0.004320409745472095
0.0024297425321421254,0.049495802074445115,0.05339092445107043
0.002059644581209526,0.051375990876202024,-0.04271330641723793
0.0020209784760504366,0.05095410449718938,-0.04261699985811592
0.0022235580090580686,0.050711920194507244,-0.007901666623910713
0.002327054936971935,0.049578221283793966,0.00924886423784668
0.0021043957876050773,0.05033247940694138,-0.030457246714016728
0.0023017510919602735,0.05144536387846429,-0.0334657002276979
0.002422535306160639,0.050531896121120426,-0.051583419454071265
0.0024778029336311102,0.0503576966584005,0.030284356994121624
0.002307243933477704,0.04935085265610091,-0.0007999442358221049
0.0020037196479108753,0.05019939143430412,0.04580677422985895
0.002564987969642204,0.04893166208234749,0.04147909878594876
0.0028118687617996897,0.04904793750503913,0.03819650042295376
0.0026489109579833896,0.04905165330085218,0.04850692108769038
0.002648746027429039,0.05001560147164555,0.03723726808074017
0.002203552557870977,0.05024831938561086,0.04489069036347834
0.002526174537000965,0.05012945697187801,-0.0016310813167429558
0.0021452878272339424,0.05118113214878391,-0.04046812113964421
0.0021532122431752454,0.050462107388141796,-0.01846550625810012
0.0019282116717967413,0.05123474670265519,-0.04324934506571461
0.0020264869418213957,0.051613245839591336,-0.03156831216770653
0.0020003938010674164,0.05208887526030637,-0.041986782127431836
0.002328222718248304,0.05038704695006736,0.0032702317697940325
0.002288266420569843,0.05014774722302393,-0.00451193135913747
0.0023563933455603187,0.04932837957822762,0.04112710143587736
0.002449818134381492,0.049963918995251155,0.014511059419534622
0.0024406431554526114,0.0505683756769622,0.02229390672274633
0.002535502127001706,0.04969970740050987,0.05267060329705494
0.0020747244964232766,0.0500072762859403,0.026824480458003813
0.0020142676659964305,0.048852057464088605,0.038259363943993104
0.0018497629944629614,0.048961223640395346,0.013040259718998604
0.001726840359552695,0.04983589859808303,0.03819404942940339
0.002232830478060487,0.04877901478114582,0.05988205370858982
0.0018063614383807777,0.04976821807193104,0.036436567822312214
0.002297719114754638,0.050294422242956036,-0.01615957129997738
0.0025295719579096648,0.04937408653838634,0.05375754131874926
0.00255783022512503,0.049668974423092954,0.03959653534088213
0.002304382819081578,0.04927523691755334,0.05552094022236372
0.0023961220701529838,0.0503473712612323,-0.004003679202088318
0.002595498754200478,0.050168631742730285,-0.03497910003122404
0.002563796877855904,0.05061257701903909,-0.024979885313040694
0.0018007387050007818,0.04907239821907453,0.04548703204407599
0.0018486377535529613,0.04909929339035219,0.048953127640574454
0.001944938404722968,0.049639852377398756,0.006148332795641651
0.0021395803151122196,0.050187615333445505,0.009105774445681192
0.002103205496904672,0.0499039631829781,-0.02204133240010908
0.002054867449344806,0.04980645212892496,-0.02625107134897531
0.002333138002696667,0.04938831921444927,0.028411611785339342
0.0015872618875945566,0.05003690338234315,-0.030903861959889128
0.0015713504601169287,0.05031346151295164,-0.012249190743383277
0.0030320381923942897,0.05018570040586028,-0.011363333208943033
0.0028930000398091427,0.05030971800017537,-0.004533068297868589
0.0025127423229462332,0.05002037033583868,0.011702812795311872
0.0023039203580641804,0.05047320233095772,0.007751410324375437
0.0022874908295074485,0.050473236960356806,0.003975584500860392
0.002316565638707968,0.05063080185642912,-0.013621167405844476
0.002192166704658275,0.05087808852651794,-0.04296933986925638
0.0018679702674123705,0.05107171722727405,-0.02711732868281002
0.0018170703763434484,0.05017780171089341,-0.014902959293362952
0.001628624560819133,0.05026075165713493,-0.003068543546345601
0.0021022989326890153,0.051596452119553264,-0.06257558156150964
0.0024504584545004112,0.050437850458590415,-0.019974501754745553
0.002529806842063618,0.04984755869645892,0.017106254190694215
0.00238537901288696,0.05072088266401088,-0.01894802982113166
0.002556694992112321,0.050052189548397415,0.005647297979463233
0.0021339263548896333,0.049417959653001726,0.02982090508759743
0.001955561502692162,0.04982446921175568,0.024623702560301004
0.0025496818225959703,0.05032372028003118,-0.018018347669404404
0.0024200527665035015,0.05073886352268024,0.0029862786001696416
0.0020685560515818855,0.04930737207464072,0.035642388780599055
0.0025276498372002344,0.05084115638306246,-0.03556898357062508
0.0015635610128401187,0.050816198731493525,-0.02571119439423345
0.00236230268631784,0.04942446762172132,0.03482452613164737
0.0024767333554582493,0.04927013561890153,0.044401204646919816
0.002150832420841148,0.05047473299531984,-0.022518716124379824
0.0021537113820120778,0.05043547489563526,0.005226865818406138
0.002482724814012061,0.049547145615309034,0.016864117004881534
0.0022871199790989345,0.05026246102773854,-0.02573657448816619
0.002142582524615769,0.05017308849412582,-0.056253327007097516
0.002443575048155779,0.04996209738920777,0.07955981541605446
0.0024931015897832116,0.04828035644265671,0.05801802377045592
0.001284628116502579,0.04842116031411657,0.09415362229045098
0.002808528534804854,0.05109357776317896,-0.02160122550668494
0.0025096342142024034,0.05030760984694762,-0.03181690778639474
0.002706084041855956,0.05022914799744225,0.02131819228785406
0.0019840685394667385,0.049706003021033784,0.03653556296984301
0.0024970489604303255,0.05041642721917229,0.003635510995562074
0.001969107506629816,0.05055366002910593,0.01329959122515529
0.0026542265409036972,0.0505467882937372,0.016437331555566474
0.0016323819837791114,0.051039246055142394,-0.06426161978742055
0.001900867305734498,0.05015916512934139,0.015194733899096919
0.0019710976604254667,0.04957832191390578,0.01735160009516503
0.0019092586505465984,0.04907302388260286,0.06802408289494907
0.0023700907446105573,0.05161042873160547,-0.03295004414227089
0.0017608476125363442,0.04878358317394693,0.07997760817111313
0.0015969623994113388,0.048640268812393216,0.05730609871022002
0.0026790766516652693,0.0501032809406701,0.0011672819309926307
0.002285062776775004,0.050478781361700566,-0.01765418541454771
0.001971137803545775,0.050623756041846095,0.005290276638686157
0.0020943751237368718,0.0492874331677602,0.01995713214881884
0.0018643403948421739,0.049229559367435866,0.0257814881885025
0.002445622731909075,0.04908552206229181,0.05721356218502644
0.002393625428136112,0.050529713189174985,0.00027010243901441356
0.002219138824751527,0.04957474594925629,0.044504284621341775
0.0024078281328900803,0.050330353940144096,-0.00449263716377319
0.002579419484132989,0.05115479214743441,-0.023731984169187894
0.002718803255539446,0.05032597935217363,0.00435939128458426
0.002873566286629473,0.05037025448155217,0.00834882041228437
0.0017023741466925847,0.050043228011583625,0.007944166530095269
0.0022292843594466337,0.049040431969091525,0.024236654917206186
0.0018568881027107552,0.04981965081218318,0.05637274974651977
0.002188325698823185,0.04847182893987811,0.03129787483869606
0.0019095405035055013,0.04887526619136538,0.05956825221929446
0.002528806080902133,0.050189508514717325,-0.01775036712575694
0.0024448383862405074,0.050278117941708854,0.0008226225693296899
0.0024929057903696704,0.05026737812936915,-0.022193395476166226
0.002761248920734023,0.05092126327899624,-0.00929169306014102
0.0024494048578936425,0.050176630483902265,-0.002971126159502136
0.00235989121221306,0.05103448736584062,-0.009841340986320498
0.002234615156045509,0.05076002065275301,-0.0418405176365577
0.0021466720281812803,0.05108688384634563,-0.02271113594867081
0.0022726929423559777,0.05049038842458544,0.003279011480506072
0.002208982095067968,0.051115469858534726,-0.05596136246739968
0.0021565782570381665,0.04918532181606716,0.08471432486344918
0.0023362095431593995,0.049004837307893095,0.040664927927510405
0.0023483682839607503,0.05066656136112657,-0.017268323509307914
0.0023309854413154293,0.0494504457478234,0.027119872803662088
0.0024301544366795258,0.04985866805625554,0.0038177811109920056
0.002376269406743185,0.04971685536183447,-0.015183891534592637
0.0020744336283112057,0.04943774931858219,0.012595905091304102
0.0020916292792511515,0.0492331315412641,0.021802047419504606
0.0016330889479081686,0.050704321193361726,0.009671600380397091
0.0021947416814657246,0.05071026138613461,-0.008199926794094136
0.0023633868486599464,0.049613868966190015,0.026558049091378117
0.0023633868486599464,0.049613868966190015,0.026558049091378117
0.002442726601621483,0.05046776878894266,-0.013429021891205211
0.002438935673951755,0.05030572962253261,0.012265397062616548
0.0024402264086279893,0.04995637748962754,0.006032523797597433
0.0023947921852093723,0.04966024630161718,0.04102129936174997
0.002334109957220967,0.049008697250403674,0.04718566232032143
0.0018922496990772854,0.05110411827696802,-0.04823330623104007
0.002545499725278812,0.04972622896018197,0.032956423944545205
0.0024227317475176975,0.050137023725118364,0.0449150419620585
0.0017660171147334557,0.050496476658783075,-0.04463462137183552
0.0018537515139691828,0.04956924221521365,0.027665313980186672
0.0021139243530967217,0.05033276200001415,0.007016395418221193
0.002178963794878452,0.048475276092347544,0.06974828974938445
0.0015771082242194512,0.04883912019496962,0.07804129862004379
0.0016636180113538137,0.049181987396138625,0.04460827698411882
0.0020959672642774574,0.04949496653818218,-0.01778733215345424
0.002318324608029653,0.050364459899096284,0.022274188652286513
0.0023021559515293876,0.0501897491287163,0.019348692717169855
0.0026855118016270623,0.04985192801801211,-0.0015209545521012652
0.0025416238998302106,0.049889008841375385,-0.0010916492042601948
0.0023229598160858034,0.049531320188121564,0.036636735389076414
0.0023977463883413912,0.04964328357174816,0.025230906141472463
0.0025482567531339225,0.04969828831278866,0.02893235043017026
0.0023577376651854848,0.05047344120371105,-0.018209600247927095
0.0020383333740851047,0.049968325289442894,0.006984117052446374
0.002041544083633059,0.05012263422442305,-0.001066505390035546
0.002446928891985141,0.05032582568072399,0.0009125267129846912
0.002340256745726877,0.04982864298937239,0.02897709531524205
0.002387147000742715,0.05005968142555683,0.01667886861309215
0.002140966765847401,0.04926538484076245,0.07140485882561076
0.0025382341706652895,0.050887191173504334,-0.008836034657567866
0.0021780077222089246,0.04951942398389771,0.013084903038679577
0.0017140255006694056,0.04944581666971393,-0.014443550175926927
0.0017158420558776248,0.04946321016208308,0.006545384668531788
0.0024343017567689997,0.04962886220694833,0.01188625257407403
0.0025864218630601062,0.05009125140216661,-0.005333251596110845
0.002751414157861073,0.05017641262440007,0.010033326582600186
0.0019670295571114493,0.049447762106384,0.061668842774035296
0.0019863546053844232,0.049449448719052706,0.05865265780041028
0.0025299916696969503,0.04990161295111518,0.044332417383269755
0.0024683564043036497,0.05004325818961155,0.031147950341221
0.002108894610376814,0.04981698253163384,-0.015429849892253022
0.0018247656245053666,0.05031249017229796,0.03783941141144864
0.0024842089330725063,0.049362474775809934,0.01105379923894341
0.0019450922100421315,0.05034839992121667,0.03373960778357004
0.0018603756155512064,0.049894215062197676,-0.007567590749086978
0.0018636331073643014,0.04980782593465138,-0.0062615181649408325
0.002184240540824429,0.04793647682398273,0.07549030731411285
0.00213533750178281,0.04857657167115819,0.08747622396829305
0.00238376740013837,0.04929943556883575,0.054128606160161935
0.0024856590822613265,0.04987180569459018,0.02994649013709966
0.002182390154770028,0.05027272848464557,-0.021568928198163966
0.0019760476393196023,0.0510254846843917,-0.056790742085093285
0.0020690419240229473,0.047876337109802734,0.10865256897129398
0.002042217402926503,0.0476695744118199,0.1262055993112406
0.0020736733299954414,0.049890165637076975,0.01932225953081329
0.0030086587342910607,0.0505238772653257,-0.005310548613314296
0.0028279934172652176,0.05086745984380148,-0.017187933227087625
0.001560982524552332,0.05087960189543126,-0.01687774649108518
0.0017056892784755116,0.049273568430329914,0.018630809611541715
0.0020742081995816335,0.05062676324391974,0.003953996069175831
0.0025828296162220686,0.050610719472103834,0.009922317441264948
0.0021858472618482465,0.050114971754612124,0.03981178246197026
0.002565406900116193,0.04996478062373876,0.019340247488216545
0.0022496166332054627,0.050199118447518704,-0.005260914870863624
0.0021599791183894916,0.04994054067469587,0.023294806459623386
0.002133256274286625,0.04949187765269803,0.028050826593414437
0.0020054563720054565,0.05030054339073162,0.006828478365287564
0.0019834862054667795,0.0495403764348771,0.010915047135639908
0.002090065815658591,0.04947167320676631,0.06274560115494705
0.0020237151432891775,0.04892280234193516,0.07428985483497882
0.002089691280109491,0.049422710564409326,0.055593090893801315
0.002511990299726507,0.05020792961241362,0.002300411627641929
0.002415470112787575,0.04962394596903586,0.039306810065283034
0.002127190755041778,0.05060734272523932,-0.019533951091006918
0.0023779534389540505,0.05017094726294163,0.016934345484566644
0.0020829631911453692,0.04950157753389606,0.053564730145719365
0.0022468554585990575,0.05014495438025398,-0.007632555091803084
0.002752385926098976,0.0503209135842769,0.01897545893336298
0.002838048541095174,0.04972389365763131,0.014341696552656357
0.0025418826974018395,0.05007938789647726,0.03848899812527676
0.002067239880726454,0.04928193669670622,0.02245486132557679
0.0018348715045584023,0.049977868785738344,0.04322986082353206
0.0016523685858008293,0.04867199627682131,0.04439290907553672
0.0023341229804822064,0.049091223936708124,0.05930901750444802
0.00224949327766463,0.05082726055431168,-0.03545786646252343
0.0025309483120977945,0.05095144421304168,0.00822324569809961
0.002484243774074533,0.05075294777934899,-0.0049269278981237665
0.002502375213484597,0.05036272415407884,-0.031407767471008805
0.0025437127017278087,0.051275386277846904,-0.028214206871213014
0.0015805143163684502,0.05014131282364996,-0.023174093218040773
0.0018938220377354036,0.050511042579017215,-0.0343423470702731
0.0018194739155905078,0.051281213848956335,-0.03998980723000713
0.0020826151412953304,0.05057585956343911,-0.021486193129854562
0.002252225514771306,0.0502436453565442,-0.014835822026625513
0.002585756802552976,0.050129709873830905,0.013552453997330861
0.002123413197315693,0.05147321418619792,-0.043676637079669504
0.002370773482325818,0.04941883649724761,0.06690413993998827
0.002399575497953768,0.05066909311378798,-0.003841603895472387
0.002098881605195674,0.04934972046984227,0.030698596324897683
0.0021172521069729895,0.04993907209924583,0.0018710917285602007
0.002360904025070798,0.05046746767250311,-0.004660903045023744
0.002360904025070798,0.05046746767250311,-0.004660903045023744
0.002304639526475223,0.04970473556164948,0.032724195827179496
0.0027311918631763867,0.05121483642420554,-0.037515979187669427
0.0025068382275794843,0.049825717777101014,0.025562978839165924
0.0024561135496864147,0.05040439087262561,-0.008961687563805448
0.0023201204091800793,0.0503511568112943,-0.028129503757857763
0.0025950655255773105,0.049516337838692595,0.030745747291978247
0.002269362773464415,0.04968546182021283,0.02194908939250484
0.0025633660527487247,0.04978181465798449,0.05252990062466023
0.0027571402196449467,0.0490007264959345,0.0484249670939084
0.0015489301714052145,0.049071400419595755,0.06604169454227773
0.0018870411302223161,0.049362469475261496,0.035301312077428995
0.001796821872211094,0.04940035021056516,0.04562093660358608
0.0018744378002514789,0.049131248750401944,0.04424991154517819
0.0017186388097633917,0.05018583886960896,0.017119555989277394
0.0020787175882108254,0.04912170524892464,0.03679973812451351
0.0015404696613246151,0.05026211402212004,0.03354078415889815
0.0016848689292917897,0.05009663037315166,-0.0006871948789661956
0.001813843157083224,0.050557640416552814,0.005571814165760493
0.0018899419814595998,0.050250825724231105,0.01602228627442631
0.0023080945183092784,0.05145432309183098,-0.041045093097762345
0.0027267748309014045,0.05077370346027026,-0.03363108398372894
0.0025699271187444527,0.05075258891444465,-0.02072243381001961
0.0020186470924650536,0.049972854070905424,0.015489646154154475
0.002645766728910858,0.0497927734176598,0.05916788696569355
0.0027033696425306656,0.049831010952177734,0.04149479442948437
0.0017988352481244994,0.04977923828157032,0.019933123265173634
0.0016351346200461283,0.05030951301652594,0.03581970467852068
0.0024802029823855457,0.05109738612602679,0.0152616334516807
0.0016177392619677407,0.051102109087124384,0.035799992956984036
0.001628826754006443,0.04970686512604435,0.037890442312012794
0.0023964400817268762,0.049765992072330345,0.008370603039361444
0.002421681427233419,0.05051393907292759,0.0049298967357719525
0.002134467813928552,0.04936665071774034,0.01873991329127593
0.0026660522752405013,0.0503272358763551,0.022451817287028917
0.0023216647398266806,0.050411335201242774,0.017280660007309892
0.0020366574989567495,0.05048131507191378,0.040072495805557724
0.0019970498317670995,0.05041224317507487,-0.014921451158383957
0.0024078517640374526,0.04957925461056619,0.03809563304974236
0.002660258055159309,0.04975369194034601,0.030290191076451436
0.002256751289481834,0.05045957843971897,-0.01175120882662993
0.0023994442561601466,0.051118530128433995,-0.04896871340732705
0.0021851632197021926,0.051402071877366534,0.013896042962394278
0.002090763831941981,0.05143341234044621,-0.01808515025654073
0.0017202945855436173,0.05005598578904732,0.03745243609704829
0.0026472097378475385,0.049421096125727475,0.058158036620037504
0.00283033433217556,0.049452180963086796,0.06337924964099825
0.00259053816673712,0.04972063492980149,0.043326052769284785
0.0026077210595878506,0.04939713366491589,0.03278446608005144
0.0024855956027768837,0.05016381056433091,0.05141271998325461
0.0023048948195258413,0.050884103723615855,-0.029840235273512847
0.0024934756204856973,0.05124203665679198,-0.045176352087096694
0.0015840479218875091,0.0498102880518238,0.015009514480771842
0.0024545879611889434,0.04870100189292264,0.09113732978794757
0.002343912592048616,0.04842740420520572,0.08899616375552694
0.0018171737618043527,0.04997142196519167,0.009138341412546977
0.001754467826552345,0.049971955780300385,0.0064854286100307305
0.0018777078454046215,0.049640344306898815,0.020841936021189576
0.002256989765213592,0.04946701847202284,0.014136908499529133
0.0017605132074507543,0.051049896325116424,-0.04882217110315487
0.0025379660843461277,0.04932422534853089,0.04627780666971208
0.00245476495183061,0.04920921470610752,0.06714757432827784
0.002032308839204221,0.05044218322368368,-0.013911516158419556
0.002583160305221353,0.050090929142568186,0.01502801288796002
0.0021307327606077163,0.04993389657308662,0.026353331807023955
0.001719788503736332,0.04992660738068274,0.0488271873001339
0.0024347826990115265,0.049215441856990644,0.018664593248384067
0.0018613193054315648,0.04936881435280905,0.02624944374566564
0.0017910011729311232,0.049812533699129746,0.005861133388630708
0.002139895531669416,0.04962837338267728,0.041116608248020235
0.0026270110250640856,0.049970837542994605,0.036818699302490536
0.0019320332591872835,0.04935736238903352,0.03644616830525633
0.0019130169072347715,0.05004616037919258,0.016190010151312526
0.001688508997967153,0.050702872373839865,-0.029044230597633194
0.00292204503643305,0.05028061119382182,0.011680753094445549
0.002929947240361452,0.05092827047347119,-0.016111004655543573
0.0024473080292545146,0.050712390569396,-0.020509567725644485
0.0020224485775659595,0.04993437186960135,0.01436096218010306
0.0019412878536314083,0.050130204579613306,0.03910494656532609
0.0019412878536314083,0.050130204579613306,0.03910494656532609
0.0024028881018040207,0.04985037755102319,0.003894183088934579
0.002246585430805985,0.04964310892832087,0.015362273977556417
0.0022285128674847596,0.050783288271866615,-0.00759112373856097
0.0027896688906820645,0.049872270379144545,0.02592436424654355
0.00252122597257424,0.04994936893051895,0.014598711522606956
0.0021733134403243825,0.050614414967790136,-0.033029452562930335
0.002149466447532022,0.05068239695518718,-0.018947556213158835
0.0023941957451155318,0.04982931919139482,0.023599722088295534
0.002466475673970948,0.05018890327159323,0.03306014824009996
0.00256961610936494,0.05056929789562748,-0.026732977446159205
0.002277245432744203,0.04984667895963411,0.037087129624729216
0.0020391425567061606,0.050630270668275024,0.0023677304540380938
0.0019863314623866156,0.05072175837327833,0.017026273811388083
0.0019646653784633076,0.0506497433218896,0.013862068130646775
0.002283022039622962,0.049084842636844914,0.03400616450166087
0.002289504879921796,0.04917068749531198,0.04213554069326725
0.0018337766376312942,0.04940759491594906,0.04970911239062114
0.0019386397887152728,0.04914560639341784,0.03475327090627323
0.001952074752836714,0.048992634696908406,0.0360164984656626
0.002870011000883322,0.050194444783198934,0.03754959107328116
0.0020809913691589013,0.05036635556849612,-0.028592580074918307
0.0021892566224923356,0.05100590277651409,-0.0203142531103397
0.0021639361172924834,0.04930896453385766,0.07336262820841186
0.0014477135624062023,0.04871460758329608,0.06045100982545569
0.0014076389635726502,0.04847492709885547,0.07060717867748074
0.0017779770400826041,0.049758568684485964,0.06383431462559548
0.002080381966726665,0.04964102519487404,0.013360478813857195
0.0026536801389815097,0.049786430052538924,0.04134621282955149
0.0018878695548494673,0.049182057163250074,0.0577758978938074
0.0026644295677505756,0.049769792306278426,0.056201080701481124
0.0021478199284335787,0.05042512000395287,-0.0016529031298147222
0.001830783623535768,0.0499440479882829,-0.008258481488048013
0.0020554393619197173,0.049523658034224954,-0.002105268105323413
0.002019953268796677,0.05045729406343336,0.01084269381507145
0.0025391096250141363,0.05023843964485382,-0.012196033584005762
0.00264948547229727,0.049966604546014357,0.0034641261963724575
0.0026007265129770274,0.05004929157515596,-0.0021434455479683906
0.0027165465172693157,0.04987423210134178,0.03074129868503781
0.0020680823082544395,0.05009147191626204,0.00553015657992356
0.0023707201296633605,0.05025484750441706,-0.020873520599634866
0.0029736838739877237,0.05026247347559159,0.0127871184903774
0.002223315135104482,0.04996683587745615,0.008148976728795837
0.0022803065984155664,0.04955260974602881,0.011250279035791129
0.0023138553019473934,0.04950826814561435,0.01670282128574263
0.0024646172346023667,0.04933452963672802,0.01550395320366168
0.002295650602073708,0.05018540672417441,0.02268035294002481
0.002001265790872148,0.05037567104572963,-0.011508772703048668
0.0016321499464349515,0.04988651677636574,0.012052436030636385
0.002062616522109503,0.050390661699199514,-0.012958016377720516
0.002097078611564689,0.050567924827878474,0.003169633078924343
0.00203201984206262,0.04978255060130425,0.002212843572024153
0.0021468644062906123,0.04902406500548621,0.0663952351370259
0.0020408002560571292,0.049866150668084246,0.028742989592746057
0.0024240545181519525,0.04992577127296646,-0.005673793983229122
0.002504835381506893,0.04975147282279799,0.051634093261575933
0.002093087562595715,0.05010287838393571,0.00455659355105233
0.0020581785750905745,0.04955213105973492,0.014183998904327089
0.0019706689379798965,0.04983581447960602,0.049999966663760886
0.0020057763508778896,0.049950596964447445,0.058099370026075625
0.001964954183342161,0.050221601194958,0.06440061709999695
0.0019123206924094396,0.04896468405722774,0.00541093763520571
0.0021881705430491006,0.050092098219770086,-0.02675367100319424
0.002736157301134246,0.0501359232683004,0.03086201031606013
0.002338493400689845,0.0492027239911404,0.034402355800941184
0.0025346897186288215,0.05027175173340541,0.00027877001906958187
0.00229077503330723,0.05002374209118009,0.023551136811067682
0.00229077503330723,0.05002374209118009,0.023551136811067682
0.0022630463869546284,0.04961360360156476,0.0226128991306967
0.001794508232867247,0.050928038129153516,-0.02974170506805514
0.0026613786225425213,0.05036652933586364,-0.04346898804999634
0.0023357153896529747,0.050585323846029165,0.02941140857273838
0.0028479272559809384,0.04945241170816201,0.02388366702431497
0.0022106482534202,0.04952633080577152,0.02068091257191529
0.0019887074907988327,0.049772336969681724,0.033307444289668184
0.002025284096367064,0.05050845506111369,0.0014738684076942524
0.002111888903044249,0.05046221544029987,0.006531327841978497
0.00223800706482314,0.049453600720905926,0.04146002526310804
0.0020334918936935026,0.048602318668129266,0.07125227476238084
0.001920569749162093,0.04903780120242378,0.060111231505896985
0.0023712219671052515,0.050876308828278635,-0.024617062594840273
0.0015297449909023994,0.05055504551829205,0.0038278688604839613
0.0021712722468637813,0.050552351868247435,-0.002533146853020446
0.0024826078895914235,0.05019578620551179,0.0211727790966542
0.00236903254642214,0.04893111758797699,0.03889967292060435
0.0017227231854514402,0.04889807251170635,0.08271011173211619
0.0022872416131101353,0.04909288980314053,0.036505686618104424
0.0022364538105410937,0.04888098215105921,0.025276135168336773
0.002268766781261305,0.04844503035839271,0.0302330809766642
0.002013700773186119,0.0488916090109045,0.08776504732032558
0.0022209213716920116,0.048732856485489244,0.08021565551728765
0.0024394750345072915,0.05137968068196387,-0.059431802135768264
0.0019155944426195615,0.05021642749557188,-0.004166128766544853
0.002522714143793853,0.05044271831881529,-0.013271334394465354
0.0027150920443955134,0.049822276858706493,0.01830005685000609
0.0026287694635143744,0.05008700372377748,0.03218645539817861
0.0025152496316396353,0.05027867761838753,0.06040847920965884
0.0024959099835734065,0.050434761641640284,0.01915650708343749
0.001995015723562897,0.05017095928186123,0.009141700003255523
0.001685318093560187,0.049932993290515676,-0.014704350578930344
0.0019307892174443278,0.0510791783232004,-0.017429369028542172
0.0016368055829928043,0.049256839523060064,-0.006752060951774504
0.001726686616699719,0.05037017453581461,0.04063705457872417
0.002209535703444592,0.04986693255109588,0.010914703249056608
0.0020556589481670767,0.04955415948032007,0.02572281829243462
0.0019988756212423126,0.049502135721331615,0.02970308266736325
0.002247810253199063,0.049387067951055616,0.03526829506302133
0.00254129278790871,0.05044437607682998,-0.014286414242493639
0.0020759288088736646,0.048448282944032764,0.06394628108467751
0.0025738711114171066,0.04958962489548011,0.05278790826300907
0.0031149093247256794,0.04959769407001999,0.027482257396054522
0.0021579378920666948,0.0506047710696795,-0.0014053137413629728
0.0021917882674710554,0.0503881170970104,-0.00022540194599609856
0.0022454978303142466,0.04962832350661754,0.037686698430391255
0.002698814031421618,0.05012716490609165,-0.010914577720158995
0.002150509883360833,0.049072212127384815,0.050069302025495845
0.0018390156529557835,0.05019450710857218,0.019030476985716454
0.0020537830032469574,0.05042304880407612,0.02019344773651798
0.0026740111175143576,0.04991432530204698,-0.0004341654471902074
0.0020176278332236113,0.051696907094890575,-0.05398797781357615
0.0021032352636737276,0.05175868016082371,-0.0666416287218855
0.0019962453698489403,0.05180861451740489,-0.08425423386758588
0.0018908626044142113,0.05177996708235313,-0.08054069173168026
0.0017485382512675654,0.049438714752429766,0.053364692591429896
0.002715257957600886,0.05002154912094356,0.02537172894914165
0.002910070810946313,0.05063988085450416,0.004153963714503609
0.0019337979955057435,0.049471460980370884,0.010487854127683756
0.0017921701073829713,0.05039146046719335,0.01497863518278792
0.0027168896692638285,0.05076986512664284,0.005644525775577184
0.002768680698521211,0.05033717794716894,-0.02267048375420851
0.0026441219041595993,0.050505416036413814,0.001181253245633372
0.0015639971335777401,0.05073964741511,-0.042458446638309374
0.0019314266266115252,0.0516206847909112,-0.021604866048818352
0.0024402327888917563,0.0497467761424451,0.059052710670618735
0.0024712004022979495,0.04935160882395578,0.041145071430074065
0.0024712004022979495,0.04935160882395578,0.041145071430074065
0.002237721245742128,0.0505271972596753,-0.026701304921650147
0.00262429953763356,0.0512095482740779,-0.008841520914889493
0.002627715221097153,0.050900235689885574,-0.01004769187375674
0.0026965393195601474,0.050254717687150986,-0.01215870596538222
0.0024715577797795566,0.050282703992767165,0.00699655966778988
0.0025981622554577775,0.049925355676206117,0.012656619111037305
0.002383004160984427,0.04961070071089112,0.03182777492027788
0.002778583124095489,0.04910297156888101,0.06343601281035072
0.002905121989773717,0.049083622650619795,0.07276017145804538
0.0023991905516923357,0.04931786757018926,0.04512034032331213
0.0020197641913848098,0.05058411118093822,0.016965338033808456
0.0019634591062988307,0.049416420468939126,0.005979294342104362
0.002802760348013236,0.05006060537497956,0.03289005563949207
0.001748378594383922,0.04920436595588336,0.06283828357079278
0.0018299229922115786,0.049350976067498886,0.032291908732647916
0.002578009981750109,0.050509757959454074,-0.019162729845116223
0.002319865108940745,0.050656439739650685,-0.038849949074018404
0.0022375291501805675,0.04974890071393034,0.004308373723605408
0.0023543727208902355,0.05090555926353935,-0.02586925381878606
0.0023315796398744254,0.051231285702838594,-0.02897768599177343
0.0022418568177023737,0.05036975489005883,-0.04976010994688196
0.002167952468131499,0.05041904704679412,-0.039159041503568005
0.002047443942036811,0.05024889587277341,-0.019222003992273883
0.002077296484335816,0.05192851591846482,-0.005461029659444354
0.0019200296510135098,0.05054928977575048,-0.07970884943271515
0.0017217727952361609,0.049118104357789336,0.03456034881734164
0.0018796430328849882,0.04988010660838313,0.025377005885212297
0.0021657457971113346,0.04946108572878487,0.026050216875524067
0.0022273964029739875,0.04980318841443447,0.03218902584188808
0.002636369504075366,0.04998726410212886,-0.0005187041044092865
0.0018997675837260004,0.05006020117115207,0.004121804752099954
0.0020662808945228956,0.050781850763385795,0.05009597100370808
0.0022292158682637384,0.050031611361074216,0.0371072706463535
0.0020797723670229608,0.04966572881802732,0.0357283241805796
0.0022633688838104953,0.049760976268890526,0.013186096677634918
0.002146284751640875,0.04948182038335885,0.03865456333515639
0.002175271955907586,0.04939377093248176,0.014041440251088324
0.0023191175355214417,0.05048651597132372,0.0067810250907572095
0.0020478991364502462,0.050936164071344804,-0.015524954112966144
0.0016415879601088445,0.0500528474934627,0.01021145253125037
0.002290326790692074,0.04961021265283546,0.02640604273458149
0.0024428798215165417,0.050374624445220825,-0.0031795778473790613
0.0023996246754543287,0.04997429749249039,0.034734024721356706
0.0021420544216196455,0.04980284066992664,0.008506001396072506
0.0011434867612390982,0.0485732891117381,0.054547283973736094
0.002772850644943664,0.04945220481749909,0.038364162102328035
0.002427656727646864,0.04981396018610257,0.028164006095678613
0.002362916010953585,0.049473003779757344,0.018336992925262405
0.0022395462078279,0.050135623066799,0.004114828701633337
0.002487739116329777,0.05010711911900668,0.038569048770167036
0.0023703527042351217,0.04965887909503424,0.027271290827669957
0.0020139515170958366,0.049205233031602374,0.023537048050083734
0.0017890826197170197,0.05010933648776684,0.03077756149138022
0.002208383811636163,0.04982360362130384,0.010777031748224487
0.0023548748033305126,0.05015388873416542,0.012523016618091402
0.002540905866383266,0.05054980357364942,-0.010873966270208136
0.0016811513921299302,0.05114301535826629,-0.03839800516506124
0.0026717481617450933,0.04995903727324438,0.020882736328694116
0.0032504809640177706,0.049959699826135934,0.054786598411393286
0.002670502515128601,0.05019971697484763,0.009253573352796689
0.002786576691396127,0.050151280715595645,0.013221535545815045
0.002786576691396127,0.050151280715595645,0.013221535545815045
0.0026465399140462864,0.04989384155171822,0.011605863826444046
0.0025919473726235174,0.04981072327192357,0.023893882214018947
0.0021425772062983743,0.0495074311055079,0.06113651861680504
0.0016204889126637222,0.04890089520363294,0.06898853458856746
0.0015873426207900522,0.04933628939518853,0.026974293292961915
0.0019282552033257603,0.04975781472986112,0.047057438402822206
0.0015741659309450463,0.049401257537603285,0.00012476431457744653
0.0033137467130626664,0.04946358643801052,0.06671868654127434
0.0013957348371256405,0.05207100200699572,-0.047717821213427346
0.002843760249479982,0.05027594712852806,-0.03767776900542482
0.0027080104692673974,0.05077724058948301,-0.020316134629896655
0.0018792184849017915,0.048533998001782847,0.05337508622823789
0.002052885556247534,0.05019361951240801,0.03332684421487407
0.0022046216287527572,0.048964695977193995,0.009336204066753031
0.0018966667476221972,0.05174130913889305,-0.06730368629989708
0.0025913916384475958,0.04895815533170647,0.08354023896849684
0.0026934443286568965,0.04876278428617193,0.08927380668486413
0.00208641071055833,0.05038299103546819,-0.019853161068176754
0.0023109696608520293,0.050280748202535766,-0.021880067112029545
0.0027254938198818363,0.05031653506088284,0.0010642470583511225
0.0021996388891013037,0.051029646610475765,-0.015382576316114997
0.001734708654845266,0.050232122563958474,0.00206641524094057
0.0016822067329297456,0.04972269927332818,-0.021756119301294233
0.0025262779167492507,0.049960392993709406,0.042678650375544656
0.0018948288930716556,0.05094004662422082,-0.030078941125033294
0.0024892382274617846,0.050154482522343447,-0.01271722291487845
0.0024892382274617846,0.050154482522343447,-0.01271722291487845
0.0028697158417800473,0.050399137560655824,0.0160818952442706
0.0021003790228839884,0.05119244525858226,-0.05825723264134967
0.0025205532959960038,0.051332041364835955,-0.07271291695684168
0.0023523553782397602,0.0492083777257404,0.059976531343998433
0.0018845316649283813,0.04926830193313269,0.07248100466253433
0.002305885286345028,0.05040354819739887,0.005234544287500058
0.0028259888042668295,0.05063702578431784,-0.025312576155158518
0.0023031436783080483,0.05006136326572057,0.03205308346783552
0.002375436231466423,0.05021156179802758,-0.016471983391298215
0.0026708440992462613,0.05049582141742419,0.00026424865674336593
0.0024109606569683397,0.050324164373450636,-0.0049834629128961095
0.0026077789546986754,0.05021986407582888,0.023980691589740016
0.0027212329279044686,0.04983334050107909,-0.025097548498652793
0.0020418712692850385,0.050521872804990674,0.018708597349539665
0.002598029287338479,0.050224263990716105,-0.010179582146357833
0.001978462768036939,0.05036883113565583,-0.014336275143399161
0.0014649736201419604,0.050098926473791314,0.004123143006364916
0.0014357178258289052,0.05037454301088784,0.016084454578334233
0.0019645724935404532,0.05065179578865801,-0.03452154397788941
0.0014248209601511585,0.05087902566249963,-0.04737288644950265
0.002618186885619734,0.05073239896602659,0.018230459497734483
0.002559828855418736,0.04951485532584243,0.049106456448847126
0.002830992046617362,0.05007688732590983,0.04618514915178203
0.0028177780683310664,0.0497592592857951,0.02519205121196148
0.0023191829731575215,0.05058309855180211,-0.0014336074729764754
0.0020914649420835695,0.048723185895276404,0.06144821782525484
0.0019040188630659411,0.048835724347770955,0.07490803279217134
0.001640093447442748,0.05010000076547802,-0.013068635685916173
0.001742662961425544,0.05046195403279258,-0.006582320399293821
0.0022032678317801184,0.04982935854489714,0.011641276899606477
0.0018491563080704247,0.04900808909251044,0.011835445114260013
0.002227070158454259,0.05006667488885748,0.021609962318284284
0.0024390541651530453,0.04999336193758208,-0.0033235616342568684
0.002318982799582712,0.049849234342425636,0.04246311859903745
0.002072985775969213,0.049957096641123834,0.04830270908292596
0.0020279025228937455,0.04961784119715414,0.0308962949224598
0.0026839210604911934,0.050005404355299814,0.012369671299513165
0.0022641627723446332,0.05025915062556834,-0.016216782194781267
0.002283090478057198,0.05003267652546708,-0.002955768593279704
0.0025915580329502327,0.04996797573784298,0.014992975069873269
0.002210875286189119,0.05009859355048615,0.028301822026127712
0.0021580556808880593,0.04978882182868529,0.0029640712491014708
0.0018967539599635075,0.05058155982595057,0.005392844464698923
0.001987270673090217,0.05039095812076591,0.027802865319451878
0.0024045730240815607,0.049685863317154674,0.029483500766157907
0.0018890855715162714,0.05004094532996171,-0.02686735646676201
0.0019351961044647816,0.0505868998808904,-0.002248499258384033
0.002648427389482424,0.04942445835239274,0.058607490244360815
0.0025646647003828996,0.04909382296421883,0.05375341924996629
0.0025646647003828996,0.04909382296421883,0.05375341924996629
0.0028554073313274476,0.04975580776222396,0.04581392823822849
0.0024344282021459534,0.0497226851015081,0.04621148501794041
0.0020399764360884212,0.049145443156739695,0.04521393126319807
0.0021191760118025936,0.05028507525494221,-0.008459907638023031
0.0020707658214301275,0.05019811092125463,0.01943459588936374
0.0021057901486940932,0.04947300359018558,0.013483029972409282
0.0025152760686300395,0.05077304851268749,0.005521466800773802
0.002556655233649182,0.0502419961587047,0.005832963029574447
0.002085825682283493,0.04996064731068469,-0.009234737611447419
0.002142806067608946,0.050970276247976926,-0.045850180273188434
0.002458820120996071,0.05068696055091588,-0.034566165611527956
0.0023487904464151105,0.04971125048441029,0.0289796868398756
0.0024740705500934483,0.04961709271493987,0.02878463822628506
0.0023751789091564063,0.04969611583103102,0.018052201396863136
0.002379146270331354,0.05013326869168971,0.016435895478412427
0.0021153029082755155,0.05048450401322239,-0.022141557493429512
0.002509927945183478,0.05085523689063768,-0.018110916802330738
0.002354530816679907,0.05030208019777518,-0.0033331229528865123
0.002379479903153343,0.05011902167136359,-0.006465649727688907
0.002640528205185367,0.04988241654801461,0.01728914016260985
0.002147916607851215,0.04981807860238011,0.014202236228281461
0.0026643487862508617,0.049894911031489395,0.012109706321981037
0.002429758951576281,0.04989498871680669,0.010878049180414278
0.002429758951576281,0.04989498871680669,0.010878049180414278
0.0018185067696664544,0.049952258065313636,0.013341209386946868
0.001859470221236578,0.05106577554725046,-0.0284241350769716
0.0019447050815083644,0.05096777400377808,0.000972958455528744
0.0025958500516391854,0.04904156327390971,0.033549753216171034
0.0022690319789318257,0.049636512271979856,0.053733006714954776
0.002572869911459006,0.05014605299006086,-0.0027680752154848635
0.001960364790299762,0.048392365715492,0.07402877629040469
0.0017936786350134324,0.04790880378163505,0.12198594291572594
0.0020516194517741725,0.048422369167334535,0.0796215885878806
0.001654569578908234,0.04864206953870763,0.07831121065600731
0.0028194607033651506,0.05032399767414954,0.044075704599082895
0.0016251133678002977,0.04963279285398246,0.03817486370915528
0.0016096511814286524,0.049424014356163594,0.044704603796431513
0.0022727364020393584,0.05083604141716212,-0.015600872080953433
0.002407403727514836,0.050733278473062506,-0.014180438477445023
0.0024227084395692187,0.0500417907332435,-0.004230413116173137
0.002437705369884977,0.04998539350746449,0.032629851577373414
0.0023969719313463545,0.04973745902939873,0.0012434404264188717
0.002281727401122669,0.050426424063424485,-0.023259242395269976
0.002521302658201526,0.049461164933393115,0.03477141501606615
0.001974617799808561,0.04974342470330883,0.06377371742161657
0.0020704218609103988,0.049031008307486475,0.019959856813152533
0.0020350555704467996,0.04893328989092606,0.05995253876609683
0.0023075913987741616,0.04991169655218767,0.01365186345725428
0.002369806322573827,0.04989860170231596,0.007646341543187827
0.002400628029839062,0.05034948714492136,-0.010145661005801143
0.0022269906882898573,0.04991165769981016,-0.0016096162477087042
0.002261807067503176,0.049864647204326894,0.03486677993636128
0.0025957493244336606,0.050353414437080364,-0.02405448876343691
0.0022832180493411397,0.050444219232932165,0.0068221348474334816
0.0025232874232924444,0.0499381608424954,0.0011174181672991002
0.0025312655799079125,0.04983082561591561,0.0304859563002661
0.002276356424221439,0.04962559589167146,0.03013320407406513
0.0024848831375187553,0.04853202449043353,0.0975068730303322
0.0023566393985372655,0.04853591693666716,0.07612729702929055
0.001975166924199435,0.050419848249119534,-0.023085104248054218
0.0021316937881148655,0.05043815239685036,0.004832503883981462
0.002138664278570309,0.05063609315943029,0.008571525738168032
0.00278153762021503,0.0503134517201702,-0.011262319248093598
0.002920624564344392,0.05036477766109833,-0.014489563874252187
0.0027810296159225343,0.04998985625959712,0.06787854296080241
0.002844002121921354,0.049483834464387734,0.027808246470263788
0.0016157934427646875,0.04833520934128943,0.09246269747661813
0.0020983182127772304,0.048283407101325206,0.08010346638719977
0.002556171601155018,0.049910234175284764,0.0037702878886834022
0.0025612323067546084,0.04987244119481035,0.026261505564810834
0.002631090469750775,0.04993621357339279,0.00770047755129841
0.002092948970016194,0.049417366123212764,0.05058140626848927
0.0019914619772232497,0.0491429465691572,0.053894434081126145
0.0020070959057704096,0.048784551085455145,0.04957791064179457
0.002059654146354716,0.050066190952468004,-0.018898654745191663
0.002049085188549234,0.05054075269930113,-0.011553969090547001
0.00172942601660077,0.05125021128232365,-0.013261053491889219
0.0017264450340836,0.051203010082872716,-0.01130915176262465
0.0019254564809425257,0.051330920619415285,-0.002136049268243696
0.002223761614869481,0.04986078630069371,0.009295842681105492
0.002330440982319325,0.050668832732863905,-0.004901104200438086
0.00211995850576785,0.050416243173167764,-0.0018493943740192915
0.00249269019709157,0.049804552458575416,0.005464496445279681
0.001913901334338208,0.049874046342980066,0.049208052202753885
0.0027980581833925806,0.04992048887445881,-0.0037592556353283225
0.002719120420956501,0.05051126510517943,0.02618936143130462
0.0025457878256072678,0.050338978377780653,-0.015054114206002746
0.0022460206674105605,0.05076009167752471,-0.03711215390376094
0.002330987588234553,0.05074831143224697,-0.029059755132959494
0.0021629332593427544,0.05043115687854821,6.724763072209673e-05
0.0021806294218036657,0.04992119810675726,0.0022033716791104905
0.002619661836354129,0.0492338381520707,0.05493306579120278
0.0019294165107102215,0.04927444286742636,0.037459602739358056
0.0027720121963085527,0.05121101954028338,-0.05159312999449511
0.0022918990915147624,0.05062694148471006,-0.03884545953215943
0.002671541420785737,0.051147923296567664,-0.03818117309629353
0.002738327043845011,0.05076368262290833,-0.04866222826394304
0.002452372930445004,0.050684691143157955,-0.028485360103387737
0.0022255317815082307,0.0496443630906737,0.02419669350092201
0.002247659433245005,0.04993352860094706,0.01591806085903515
0.0023324551345201673,0.049120417305697404,0.05350681210004491
0.0023404794396616226,0.05030321069644676,0.020958347051312626
0.0025470617930251115,0.05023299226512943,0.01030282613622818
0.002175625346009572,0.05027227905629111,0.008146364437195132
0.0020533955119902306,0.049293677474938485,0.0004143939225308269
0.00204277267735387,0.05087397957766148,0.013099810715783275
0.0021259342913792782,0.04909357463620079,0.01542933965148319
0.0020077180898857624,0.049840772023230874,0.01553997829933717
0.0023538830419463407,0.04949228472202801,0.05781815485696012
0.0021168468598143433,0.05030836363346323,0.010318128190785222
0.002205418557321094,0.050324544077258566,-0.00015011193543838455
0.0022486732853378376,0.04970265749182344,-0.00011156026144894302
0.002627470962186243,0.050059977287208166,0.024177282801124057
0.0027792000986671377,0.04967073593427787,0.019700321456515762
0.0021933112145707968,0.05002232657677208,0.030741017556257338
0.0022616973400615293,0.04993331548162769,0.019951388109934888
0.0025657428083808967,0.05048448481999865,0.021947254604494742
0.00252762458205099,0.04978528742796317,-0.0104931038615145
0.002336072490089183,0.0503046590374665,0.026979985070673576
0.0021289594406891867,0.04987165734888054,0.0363491746582879
0.0023564176543418936,0.04960941891648268,0.0400936351368734
0.002453319348238357,0.049957039601736544,0.022393561993695608
0.002112986109001359,0.050289422934626384,-0.0060163612459641245
0.0030500600004498544,0.050348783329349396,0.02269019210095604
0.0028397821146615722,0.05033864441758273,0.012457284310579167
0.0022300911666088396,0.050566555421838834,-0.025146016990530623
0.002237363007133176,0.05086375589638386,-0.036336143089431734
0.0025453246873406396,0.04958216241879149,0.010300246723765014
0.002016822792008441,0.050362256113958344,0.024609565397020153
0.0020772582885618365,0.04901494697017558,0.08788848887999845
0.002413244099409887,0.05083381480467312,-0.03533895507070374
0.0024584492051408424,0.05057380469219297,-0.04506947651226078
0.002623141132622713,0.051275922441313286,-0.026548218349145503
0.002819796955268154,0.05104344917307092,-0.03930645945454512
0.001787079600070562,0.05049629645031074,-0.00583150982602605
0.002231870999166346,0.050582348304671794,0.02262336183854898
0.002293121342085608,0.0498541799587223,0.013934842781674778
0.0024313222077494497,0.04959948365470261,0.026489561285058486
0.0024313222077494497,0.04959948365470261,0.026489561285058486
0.00251104510685732,0.05043355912621588,0.016790862427460182
0.002087131771920439,0.05076501147203446,-0.033183391430180134
0.0023027050912971664,0.05019279903185459,-0.018101356708215492
0.002392973394290408,0.049665179407881184,-0.0014900751258311534
0.0022906912965598046,0.05002747347032254,0.03796343976621893
0.0022566476079400157,0.050177357213853004,0.007488652287819058
0.00228398913027309,0.04972846745301362,0.02283734581005827
0.001975193074590269,0.05031237877840882,-0.010843507674776107
0.0016304622383721652,0.049455757786865874,0.04042169699553705
0.0016092606049730805,0.04912766033276823,0.03839334719822968
0.0016213910838596567,0.049401868100342354,0.05620601271622095
0.0021351013129094366,0.0498112025786523,0.0018525511215156624
0.002369949772317904,0.04999589141875993,0.027262729633499082
0.002411305526338614,0.05007619721608741,-0.00040632310528806775
0.002187884699914761,0.04996609906068545,-0.017564456744954302
0.002083390402914211,0.05031796034631696,0.0006238210866410791
0.0017734598015447553,0.05028351838619128,-0.010515366026783522
0.002062431750651932,0.05041690893133576,0.030296647601249022
0.002204147206498054,0.04879318222004837,0.04665786043651926
0.002118097030577803,0.04872372322811184,0.0614601536065333
0.0020416631898522615,0.0486183392316173,0.05065461162134336
0.0021943653020709986,0.04884629978421237,0.04807157748378452
0.0017623953820011364,0.050113616288759655,0.026285003486008814
0.0026522692217354087,0.04986009283976973,0.036745602034867354
0.0028439506331523986,0.05021057577815807,0.01833429507081985
0.002579545173807446,0.050075359967521285,0.020663994615707827
0.001953561653385881,0.05078679123236679,-0.033664798359910264
0.001953561653385881,0.05078679123236679,-0.033664798359910264
0.002423940810081102,0.05045093092976316,-0.028211371580564453
0.002395478372520106,0.0504566509905596,0.024684253360200848
0.0025230347144359756,0.049892611992518814,0.017369702558418722
0.0024865467899636592,0.05023119515950004,-0.009493298639494932
0.0020929746533401594,0.05038773095628827,0.009247528516786938
0.0025713281557287987,0.05024599379579579,0.020070143013020257
0.0027974668482296703,0.05051405919883546,-0.03597310217080406
0.0027974668482296703,0.05051405919883546,-0.03597310217080406
0.0026741606104615776,0.05053431985036297,-0.035378034299411
0.002480355001321465,0.0509947028494715,-0.011118999575301672
0.0023399890069690527,0.050472441952210095,-0.028027160675423705
0.002334290224843809,0.05063160058678218,0.008134100417208369
0.0028646064800580975,0.05018440879452515,-0.02613817658420606
0.0027787149607266535,0.051184510072183644,-0.013340118560619856
0.002118247226409712,0.05025046854019224,-0.04238480431689933
0.0024637628928542194,0.05046456438488093,-0.02226059419224255
0.0024955057653338517,0.05077594398509583,-0.017979807931711275
0.0021491012736656098,0.04889467030664245,0.07634280699612647
0.0031300698384005934,0.049897084409888715,0.030331927681489814
0.0027635090524367038,0.050043626502428655,0.05076896544760302
0.0027636344623611867,0.04961755464321314,0.031211236519642784
0.0017450700091583532,0.049712287165728716,-0.004077561742452349
0.00155589514308415,0.05061459568693259,-0.024231464924512353
0.001982259732887639,0.048981791068915585,0.06121688042261316
0.0018346084110419836,0.04965111774718222,0.02777356942725196
0.002016157324912438,0.04818231099067521,0.09660049492234926
0.0017864554954585203,0.04901554246296118,0.0691365044217696
0.0015206691876581374,0.048727313275890395,0.038952063223710115
0.002620248566570312,0.04917782824615597,0.023894312842116672
0.0023290169421715944,0.04989631719275417,0.045526516642334494
0.002329307777812239,0.04927517949139252,0.04624921603623373
0.002334173943793913,0.04903193637849533,0.08272018711474531
0.001935138133079418,0.0502752586270859,0.0029607148080218384
0.0020252178836586534,0.05106091442250023,-0.052627995462822486
0.0020596796807173744,0.0487095381082657,0.07019831933515094
0.0019077798099450803,0.04979903607958077,0.0025184655886254553
0.002804071097178101,0.05096858499648504,0.005122581194405134
0.00283686575192292,0.05057065598235588,-0.01674587631499511
0.0021217922679152576,0.050542281064794935,-0.0262579186769326
0.0019197212131100028,0.05095055474344468,-0.03600969404599765
0.0021198311889911625,0.05015793394154941,0.0018261011227313625
0.0021406032132427577,0.050657227176982206,0.022674959520907385
0.0019518397156100078,0.050887686082733766,0.04126280099109203
0.0017429180604533524,0.05020359684368906,0.036810294292417334
0.001610046448828272,0.04901966974242564,0.018253933953320232
0.0026145769816869864,0.04922757968627659,0.023503265072365814
0.0018994084277634284,0.049843795278262354,0.04902672662777767
0.001816952525185236,0.049256881363180224,0.01587475115398839
0.0025843531195366594,0.04900989842197528,0.05820822952260713
0.0016712589806503286,0.049425542959558956,0.046244056112986376
0.002099019832197544,0.0492479397929589,0.005294736652389817
0.002132667956777649,0.04931354794905869,0.021224660514028777
0.0025025706012699123,0.05051422116800924,0.004418920190089202
0.0022719819223868017,0.050339359397123105,-0.002805982507114426
0.0023929912682972665,0.05058298251864423,-0.014834638272105445
0.0022465640124351557,0.050517897075976405,-0.012200392924824801
0.0023677751383581144,0.050428574312474606,0.0019405895753497053
0.0023916771901843314,0.05000803526181124,0.006422487645807225
0.002294226536617198,0.05063425864890966,-0.0032884597897370406
0.002257254752496323,0.05058253245135371,-0.01870629113884343
0.002579066068403887,0.0498442926906309,0.05398577481119076
0.0017163186735990354,0.04940995165983663,0.02657029015396726
0.0018954891884205103,0.04940680509668323,0.009593014122456072
0.0019193772258576636,0.04920249315570532,0.0029536212415086673
0.0019350201105595834,0.04976977823790917,-0.003017386434524581
0.0019750978317583296,0.05035054643046995,0.00118816631107989
0.002200788334833539,0.04958132660106289,0.021273510548678924
0.0022193109676681235,0.050910976981694,-0.031018421061298977
0.0021294432126653298,0.05080564333518324,-0.013681371692868033
0.003006717723687545,0.050283387875140424,-0.01404566506544447
0.0026703656387235594,0.05088363757949738,0.01713364208341049
0.002271780678290997,0.051026273770449763,0.005164578767274778
0.002563863694027669,0.0507972626719389,-0.03954147880314621
0.0025704252170499356,0.050695485888099995,-0.032763189849403795
0.002296823403453808,0.050680209103950324,-0.03792311793580128
0.0021069396723474554,0.05046492045607919,0.0005638184171541383
0.001894614114602326,0.05059476290823848,-0.03559648862711081
0.0019136113419228578,0.05059137311155316,-0.051960338550003614
0.0020431250442905714,0.0508664888378651,-0.03374344914014923
0.0026268747354134753,0.0495772587204176,0.042526539445431874
0.0024768470872540064,0.04981957809013346,0.013716048970840928
0.0022153038604190607,0.04956235165768695,0.03810939079527913
0.0022443181929224527,0.050825796692750246,-0.03826986519864535
0.0026924848060879123,0.04947127815563399,0.035540021493917405
0.0028707898365768468,0.04940890219651578,0.047554975701529306
0.0025745295772696196,0.04964646330386578,0.05537365562798997
0.002409978148954531,0.05017434862622029,0.0015562578443636488
0.002048603788171041,0.04894610110228018,0.03520054479235965
0.0029768685372107587,0.05036254135946001,0.010530770958220578
0.0018669573783732622,0.05053296976423989,-0.010097545751926562
0.002228199434401897,0.04987112046529938,0.009641055351752975
0.002274603150359035,0.04926957331700537,0.024525760882522736
0.002188051374066997,0.05008353613375393,0.035284461017197837
0.002141573806863195,0.0500132669027101,-0.022324692216877356
0.0027533115470096082,0.05050007999525384,0.014344282102742337
0.002850348535256656,0.04965950353259663,0.013869694460459273
0.002570879001459931,0.05027279299082512,0.0328191536506922
0.0026185340212609943,0.04995710041071795,0.0401368188886706
0.0024480051927947793,0.04979368249707549,0.04262980433476367
0.0023340168993680717,0.04910498638403207,0.041789175580188395
0.002452624112137955,0.049105251537259,0.057198332401204977
0.0025495184390065336,0.049869254815901036,0.027446174548148423
0.002426468673260309,0.05017448120073093,0.012166476628587969
0.002469504190742549,0.049774102929856276,0.027459446733438083
0.001747018910868262,0.04939102552224581,0.04658368329995462
0.00305742095092465,0.05032708389507734,-0.012924481083798567
0.0021828726530166744,0.05061567557597596,-0.027878844559879788
0.0021778122950240767,0.05022869296779861,-0.00776578990450665
0.0018709420988889567,0.05058296695078586,0.007120128246105239
0.0023257646651927847,0.049884034308843556,-0.004508085512793783
0.0022571882897884678,0.04940177335136926,-0.007667838636030084
0.0020131193521620216,0.05057812571459671,-0.049345021999785035
0.0022725820245894156,0.05036112047794702,0.03829080141669457
0.002343464805631214,0.05024415546785485,0.03627058646983104
0.002334841049874342,0.04993099277732148,0.033947691534898565
0.002193593806788916,0.050292850446414954,-0.010141164720555304
0.0015770617641806088,0.05032493439945736,0.006043192056946132
0.0024499834707073843,0.051373251050774595,-0.050405605746445474
0.002343153396341305,0.050823643520859434,-0.04351784462334446
0.0024572302009277136,0.05097538469230258,-0.04591536527428806
0.0020572044383205014,0.048014439630736504,0.1045804276510138
0.0020007588762826177,0.04782945493807039,0.09585940253416685
0.0020144508261591507,0.04757362556408478,0.10570552860388618
0.002144890865571169,0.04854115736414174,0.049828362768119985
0.0021833052032718754,0.048436806748555154,0.029666355758831867
0.0016065890506128616,0.04970961827161919,0.042914157155154696
0.0017530069943973237,0.04967169373271953,-0.007131742263156757
0.0018367768295544365,0.049723701266326935,0.023382459678820494
0.0016847528862010024,0.04907760497595206,0.026794528673119954
0.0014346746078081941,0.049812288913161876,0.047103324669578076
0.001710090203988741,0.049100637936469516,0.006504820556069534
0.001731517934039887,0.05003011612520669,0.020111601555337966
0.0016394430851085868,0.04987182601323493,0.008854767973374143
0.0024346009498769187,0.04974371015797246,0.03571485009649518
0.00215600763806676,0.05056678631316973,-0.04154873233713331
0.002088325896176555,0.05061220945767123,-0.029152080980460127
0.0017745337621870429,0.050925006578434705,-0.027682797065857367
0.0018670708695029568,0.05029868844621338,-0.017614839883605782
0.0018582716374006575,0.05051782177050331,-0.010057734735893742
0.0027070146061330853,0.05034687195503964,0.00834801417207957
0.0028275945726282735,0.0503521249190468,0.01874413481877625
0.0024168722155245253,0.049691750707955076,0.021536791474237295
0.0025490270509450005,0.049895044470001065,0.02616007000064305
0.002144813405409642,0.05039652249955276,-0.014890282345059474
0.0021209859982731943,0.05042060101230303,-0.00809094468809071
0.00265775336946914,0.05015805466202478,-0.008223052252807775
0.0026345074054718557,0.0501617844134001,0.009003047704142344
0.002576489294077522,0.05016063873800883,0.01448164863741886
0.002606009012001663,0.0494139893024834,0.0256007194358167
0.002787029901594623,0.05031814827467548,0.03265946010927438
0.0019556264753133085,0.0498564707587166,0.041063499641029295
0.0019757578250719425,0.049708195952389476,-6.899962919854004e-05
0.0022744395991787063,0.050546174683623726,0.0013173867927993351
0.002630330364659697,0.049601494712586285,0.01314516448432406
0.0017979433962690993,0.05011449781426793,-0.004883595439479426
0.001978519413496748,0.049812829933529035,0.009262608430784233
0.0018702235042047744,0.050762213567442545,0.008120288990847983
0.0026951585251821313,0.0507163696915724,0.02496737872172785
0.002253475243250937,0.051218414467793946,0.0003864100716877821
0.0023364881403090555,0.050966837335732956,-0.02984991826522052
0.0018346725672279012,0.049500268457925656,-0.009412996725495065
0.0021641303478361004,0.050661376429529614,0.013444889202128607
0.002305623239339432,0.049762989892770115,0.014964199855302536
0.002200724502399932,0.05037218739064491,0.014046260147837797
0.002368413207232641,0.050842890990634965,-0.06012894006878951
0.0022599890382334954,0.050642243032784404,-0.016170188628688655
0.002240607314352936,0.04968057211590551,0.02082487000684642
0.002246414384293876,0.049849206917180755,0.01837927173270809
0.0024472845739119038,0.050367515926980674,0.005895194378094188
0.0020729541960490426,0.05015669290017605,0.013626362741331171
0.0024363777303213555,0.04940019343389422,0.031547076075502604
0.00239854794518528,0.04969721677677333,0.034018842508587235
0.002109227690236138,0.050344807280936404,-0.02579191345634516
0.0020043522682944527,0.05022997722300578,0.021734030743247004
0.0022616480860053,0.04990288716820127,0.032902395109299536
0.002179131547930969,0.050075979410409144,-0.0248297584768022
0.0025225387899255047,0.05097073254531732,-0.014874981389674144
0.002927303824989734,0.051392271431803006,-0.04127474340469855
0.00250354092591309,0.05059512788826358,-0.03256498980479645
0.0014458584102853924,0.04924339124233703,0.07001869062387889
0.0017961593216389094,0.04879792921511804,0.0334864919346063
0.0025385653173904685,0.051076676900651076,-0.006688310186898855
0.0019945963199393935,0.050473711604888456,-0.0350482053068447
0.001748072210926776,0.050094797689607354,-0.007180867647373219
0.00285126097044719,0.05016694637921989,0.024119903997371864
0.0022268003798008047,0.049600829682722274,0.01227459379176102
0.0021673362150188753,0.04987494131595575,0.017191908188042445
0.0027926601358122687,0.04946592705448527,0.03855774847562449
0.002933130775637809,0.049780245513565594,0.04896156469934477
0.0029846250042198557,0.04974873409247665,0.012564804634734077
0.002657402081131822,0.049752027413552294,0.05263019655230666
0.0028717891896380583,0.04895229754429692,0.0722708495044935
0.0017275256659818313,0.05091328552071481,-0.04352009030242988
0.00253243668219767,0.051259847653616346,-0.02423723412584974
0.0017146185802919213,0.04986782490277405,0.04469491932084751
0.001605986750543053,0.04980267433865189,0.011730351981335431
0.0025722805907481636,0.04909515266921085,0.06218111677760026
0.002173544170894936,0.04957047423791974,0.03919574311497808
0.002275141099303682,0.05015175542964944,-0.006127824070006461
0.002664758078442536,0.05031159498843465,0.0019346503335135156
0.002484340350061373,0.05000775618323709,0.016458446595317883
0.0022683998891898215,0.049726892815361044,0.023058317617760064
0.002372531993148436,0.05054824948922117,-0.012098077854226633
0.002140917313856039,0.05185979476641128,-0.05047351961221628
0.002355498493490889,0.0494089913846779,0.08298160488677914
0.002350228673896543,0.049478301049433064,0.0750474706270301
0.0025610245054574067,0.04984520627107192,0.023371891052012102
0.00266114737575907,0.05045315318125863,0.0050408724708547745
0.002579308106042625,0.05018858272525742,0.00442960062247223
0.0020028248206523896,0.04921292842669701,0.06463838507104806
0.002313485529126243,0.050357478765414,-0.007457476710599277
0.002130028177160619,0.05089545090433189,-0.03647872101459248
0.002459732987249534,0.05074953995066327,-0.007314083907025474
0.0023429956530194415,0.05023923293496113,0.008085662717489873
0.0024538615023739292,0.04951294130345532,0.013646255313025083
0.0023032273088828435,0.04980747880748047,0.048891923551865134
0.0020314389926271944,0.049460657140704425,0.011109698412363277
0.002316696579916097,0.05017416502133661,0.023329219090389746
0.0022717889781100277,0.04931925238327997,0.013558693781730724
0.002003162796491164,0.04791254225193339,0.09439197202102026
0.0024353179779231034,0.04776571493371973,0.09844884477503008
0.00211647982607986,0.048217408552413264,0.09918849123117043
0.002211054162588685,0.04951104217146033,0.05861063895424148
0.0029019011414246534,0.04928386101674074,0.03446625113003179
0.0021779261419488725,0.049862189453995495,0.06336908309931022
0.0020007317420762806,0.0498333960926903,-0.02929904231315168
0.0018322589315550367,0.050442057978984774,-0.021458420842619428
0.002036484713977692,0.05001025945242097,-0.009059388973407042
0.0019618089699330933,0.05084758654178256,-0.01319296948586583
0.0026416203860424392,0.04980899916738359,0.05854364196369248
0.001907976810499425,0.05005923407548682,0.03919670384994518
0.0020473488633071233,0.04915495095441229,0.005833715279952159
0.002252214881043032,0.04941612227166124,0.07566061892711604
0.002306458424283386,0.05148075974579093,-0.032580935213930406
0.0019983168542351865,0.05008512338635026,0.03160942123336114
0.002320690338740132,0.04945840092843224,0.00933531012711972
0.002126373062917669,0.05093956889041979,0.00640409962359187
0.002657955772883034,0.05085231058835488,-0.014163571083644782
0.0025706450984931566,0.050371366070918834,-0.025289694349729427
0.00244113267036914,0.050945542644523834,-0.0043865092584987695
0.0021581896049635185,0.0499527189098434,0.042825172222338934
0.001935761284869757,0.0498284139638685,0.01711658862012798
0.0023768104479555945,0.049573975175014356,0.02170894870151394
0.002469591102777669,0.05011044397990323,0.016977907756590464
0.002139830562716073,0.04887404504160046,0.08279039682648882
0.001985688331204402,0.04858262199999474,0.06243547947766629
0.001920148015274857,0.048975508272647544,0.08498600176555512
0.00205423402164708,0.050588003714158655,-0.04034991960633368
0.0020358722900765706,0.05016358399795916,0.00505942612311411
0.0014823088788695096,0.050528894944218104,-0.004105780326725653
0.002165941119162219,0.05013261379783804,0.0003630621089266154
0.0024452938267077013,0.0495209518882958,0.0376729458105246
0.002266318969411565,0.050712571461768406,0.0016104691556898811
0.0022325193864079405,0.050515572540579506,-0.02015066636555223
0.0021968445218476613,0.05005280116399825,0.0176880401675387
0.002259715271923964,0.05007682109325023,-0.010086298424322937
0.0022954217020217382,0.05058497966476853,-0.006260016882020003
0.0022126255637313,0.050628133109598884,-0.027348980447886067
0.002377837888695704,0.05025444374907503,-0.028942437281978164
0.0022605316345591896,0.04912463460846461,0.038705182672778934
0.0023322625105459426,0.04874522432606576,0.07378765237360321
0.0019539437729131338,0.04891068223770531,0.07078147510427744
0.002559495624900126,0.04980565540208277,0.04145743471782226
0.002292695493956982,0.0497922892071237,0.017806597456224326
0.002022843152274763,0.04874019419801476,0.053487786387591094
0.0019268987320170412,0.05065152041034853,-0.002650054781581917
0.00189923625350332,0.05014270064082916,-0.02590974339270276
0.0017696670457407345,0.04997092041038267,0.05705860113411015
0.0016580830198550936,0.049805597338591,0.024379680231518094
0.001641072834449637,0.04953011940987707,0.04069208240805652
0.0023533140363435146,0.04975511793635183,0.04821273157145617
0.002560130662929094,0.050004142047185555,1.1265747300883736e-05
0.002380733759977147,0.04959177428012268,0.014077377709586536
0.001558592657441413,0.04922601936912447,0.05486385936445403
0.0029447570410722863,0.050481575049901604,0.02256512663812235
0.0015720103569565082,0.04998825379457474,0.04666025560384018
0.0014430992060994693,0.05049875849006539,-0.005682996767128537
0.0016813924471283505,0.048916220629954925,0.057864786015468385
0.0019449774423851095,0.051050816087730655,-0.021054805293686075
0.0022519691807953617,0.050280702087890594,0.012797137975177819
0.0023443847392258417,0.04999974729314295,-0.026473803093060695
0.0031046182115168994,0.05082013295414225,0.001651664005339858
0.0026243261313709204,0.050301277555618175,-0.034665496450123325
0.002474919876786887,0.050843462588419555,0.003610333770278696
0.0019107410521925843,0.050514550949045986,0.010794107918235787
0.0023847789054138174,0.05039928198257878,-0.03675553191834992
0.0025305958052691756,0.05032186268223558,0.01596251675185114
0.0022608404047052685,0.05033787010043463,-0.0028315896526684542
0.0025801926646265828,0.050803786639563545,-0.021262612142519007
0.0022382504483235924,0.05053265160089234,-0.01857961238318286
0.001960827378550611,0.05016206361673871,0.016210985156541523
0.002471894563743297,0.04964950184770507,0.03560459844897494
0.0020416871085033824,0.05067794078611799,-0.015438210402018478
0.002506814892451596,0.05019057503434017,0.00048538899495103086
0.002506814892451596,0.05019057503434017,0.00048538899495103086
0.002112026081023825,0.050698057684317954,-0.007015553220778825
0.0025404597525746845,0.04964152647899902,0.0044243292332694405
0.0025754732423929976,0.049866962650781006,0.013908101742739985
0.0026283453869268654,0.04969762659279239,0.054839877091798384
0.0023359628093107903,0.05063654467362863,-0.0463235864536421
0.002360471678083254,0.051449280205717665,-0.03820447239960868
0.0024146962427830073,0.04964136916022661,0.04663371477194657
0.002567658388428567,0.05002760075596614,0.004354096892156713
0.0023431187618380756,0.04998211945856387,0.007343417126600537
0.002212173193587056,0.05029125624812458,0.007423790254672458
0.0024905373188995896,0.04981773114968323,0.005419859329834492
0.0017169586585476396,0.04971038860252651,0.05110219044347061
0.002263091825231314,0.050973327579638426,-0.06099130240616865
0.002091883903975774,0.05122100989108742,-0.02911306555165087
0.0024033750484832696,0.049492152990228536,0.035748211574279876
0.0023337816543988386,0.0502801164841446,-0.013191280863373803
0.0024312753394614404,0.05035599128105507,0.011210945948840778
0.002377281588043576,0.05029664323059102,-0.018755758291591113
0.002524325009329844,0.050049041001110565,0.020590280999262658
0.002447266731924903,0.04962363516409245,0.02413001260591043
0.0025760340532519706,0.04995917171214253,0.03186771925898829
0.002429904722030959,0.05011309132326814,0.007498483455509324
0.0024555405283463424,0.049756633341860444,-0.018479145473901334
0.0023573668902569915,0.050642256618242926,-0.00574781398217966
0.002250295569565102,0.05016976280661141,-0.03387503489524618
0.002053478168785624,0.05036415835209321,-0.0014231848277535528
0.0020973028851416628,0.05012437107287323,-0.010817809441423848
0.0026696403141703005,0.049980201853308016,0.010313988363258277
0.002139718395152214,0.05081217460719275,-0.009828909753228313
0.002264524013657851,0.049941101468590945,-0.03209112259856369
0.002100295249889507,0.05057617256116045,-0.015100447015320758
0.00212568818355724,0.050374769345007626,-0.012778303822575124
0.002206258334842132,0.05047738130947158,0.003022123501279205
0.0020916807845370758,0.051102379172625396,-0.046438393572373615
0.0026022805575120675,0.04930011371763676,0.05032490812612662
0.0023100152107647706,0.04955469051741389,0.02830335688461984
0.0024398530450616515,0.05036628601766623,0.01905460893030681
0.002376455549561798,0.050397019197006454,-0.032805950457623426
0.0020169810445894647,0.050379497901378946,0.01993786390527954
0.0024416619290695803,0.05107670033725455,-0.007927189494375483
0.0025481802549187625,0.05008627024860589,-0.014871024863332916
0.0021942734570946924,0.04965532030961687,0.0005496749446878206
0.002180136513247589,0.04952925570946833,0.015066894770243682
0.002070229587287434,0.0496936032191858,0.0440689994213281
0.0025899504104322066,0.049859330747340704,-0.0029688689738731366
0.0025899504104322066,0.049859330747340704,-0.0029688689738731366
0.0025899504104322066,0.049859330747340704,-0.0029688689738731366
0.0026443022805003264,0.049847262756681665,-0.002801939161341547
0.0019280539150308392,0.05043656817447033,0.030033623109151274
0.0021391625140337873,0.04970615578488043,0.02968897802571456
0.002338507949259493,0.050384274698702304,-0.004418243978804378
0.001854035233818468,0.0484397006362816,0.08207900910168271
0.001878890916376568,0.048606627824076605,0.09207665716829587
0.0025073154028578157,0.05103213344901246,-0.028622065018466786
0.002235267229626974,0.05021025948671562,-0.01378484499565703
0.0027075158704100762,0.049865515290559555,0.036129866287089585
0.001923365846483564,0.04986496066931168,0.019925407285139692
0.0020227854124697463,0.04951109450898517,0.014654294016909366
0.001974983851577158,0.04978974985789371,0.035480744275901276
0.0018075699547243432,0.04959481884874161,0.012972087513843966
0.0016939458944561692,0.05033992665101363,0.021481155271892365
0.0022763450142147543,0.049199565501623806,0.04629588907200741
0.0024168877755817277,0.050516079992651106,-0.017897832766616672
0.0025128631025321444,0.05041616949445049,-0.022211424102954666
0.002813156213608854,0.05073247985894141,-0.02377350334152286
0.002070265559602652,0.049188401920502285,0.054965580431313804
0.002595022376130301,0.04979806968409944,0.06569368721200344
0.0027965351731195714,0.049509750529967395,0.059498127608487494
0.0018579119107882077,0.04972519736446658,0.03500292511975561
0.0026012866761408494,0.05091238495619322,-0.04352304576011915
0.0026411183155922117,0.05088791656768876,-0.03841344501868981
0.00244079085182142,0.050516593286597584,-0.02316317462718428
0.0020150698286747104,0.049026965304108584,0.05458711637374077
0.002005172248253689,0.05031722487864824,0.0606304447190097
0.002460972365617887,0.05004245601312844,-0.023119834546271794
0.001986048415546542,0.05008479545808152,-0.028666134577271275
0.001779759650057187,0.050387629527231456,0.028468714410567787
0.001914141842652822,0.05053831098291872,0.0005285620672940441
0.0018700550479455922,0.049696866583658204,0.007234819042237638
0.0019257638873036453,0.04958034906580846,0.030360664938935782
0.0015130755623487461,0.05052068492223094,0.015049898913938667
0.0022615218580848123,0.05044929964342057,0.010044002616656484
0.002585312521278894,0.04916762753801126,0.044414704605557
0.002883459779870466,0.05030216116535848,0.021214960559307106
0.002423768183770848,0.05034756924667716,-0.0066515816243017745
0.002170708891847715,0.05021774284492272,0.0011616963987439203
0.0026902535427075864,0.049573046269456376,0.020279499721148328
0.002481127113158456,0.05024022459245881,0.022457087409245305
0.002332773159900079,0.05007895607398441,0.005854003470459306
0.0018497807700803511,0.050144598787457,-0.026524584273442994
0.0017340530117970227,0.05022682647650216,-0.014298078793110744
0.001961814960722154,0.050046337554074484,0.019044585953615696
0.0024851195530575933,0.05081544107742418,-0.03275841609645842
0.0020227584921680627,0.0501979040924896,-0.00098574808381592
0.0018798716500173156,0.05037887097756141,-0.008593409109922559
0.002248123452647317,0.050348528668653844,-0.031797913285909724
0.003114331765446392,0.05088227332216682,-0.005485115818211516
0.003052992452056941,0.050710963462079706,-0.0073087154789832996
0.0022068813683127383,0.04984863103283136,0.008674411748909655
0.0018963416038372974,0.04966082810909079,0.008604139964032273
0.002020045692469957,0.04984419865774106,0.035871303838898395
0.002405243938567162,0.04954181267825952,0.0009386046961124286
0.003047812503068991,0.050081717483313054,0.051240281967241195
0.0027331344425518857,0.04960218307206474,0.051081247577859465
0.002730183058971313,0.049816247703845136,0.044916417910156395
0.0027122054554931715,0.049846643695476596,0.016549134021643364
0.0022217163646683505,0.05069996820892526,-0.03783758753547462
0.0024943404233440836,0.04953151819161328,0.031950823005107425
0.002052027621042539,0.05011135772570267,-0.0003196914186242611
0.00219842987104968,0.05038640815135903,-0.015200074086307157
0.0020948452774987684,0.050320690521846914,-0.025730880586988716
0.0020713631618300573,0.05030075375571991,-0.005351356631768896
0.0019766509289265836,0.0505775487815131,-0.016830183842936188
0.002059132341157129,0.04992576692944769,0.010998856399099564
0.002174312804380112,0.04975942558688533,-0.012149973047856468
0.0014746042004760626,0.049786266684681994,0.06023688717587246
0.0020087025604028433,0.04987781440478667,0.007518553631416586
0.0023587583168830292,0.049560179287270696,0.04192292316895338
0.0023457044352555305,0.05092443557139863,-0.03079392814149605
0.0018820968518435803,0.050189463938083906,0.0051192096759316175
0.0026127344595069427,0.05087777943725578,-0.05745699660687728
0.0024079338875166315,0.05061000886337866,-0.0349141033021138
0.0022133547535976438,0.0509783706301057,-0.006425393225208575
0.003093381121939362,0.050111093635534745,-0.0005654572083610393
0.002851486317186674,0.05032466349619842,0.030383561406450113
0.002763084873219509,0.0502181752268494,0.036459538690203165
0.0025659714793440053,0.049425178370695204,0.009231219727456113
0.002109314288676243,0.050514805369663296,0.0065014186916053235
0.0029355151283389923,0.05016721524559004,-0.005126643285110143
0.001858204020828678,0.04837492780362401,0.06021840817072374
0.0019469939020775057,0.04811873936224175,0.04507486967732376
0.00203121425078446,0.05076255068305155,0.03089036022586822
0.002603127434513048,0.050179694832433876,0.055183780235964056
0.0025692466685356932,0.050097499371008554,0.04253109657979476
0.002190409207098362,0.049508060719748864,0.018996564761046282
0.0022686853302919586,0.05010739236949907,-0.027126360837504658
0.0023540703737967516,0.05038257479623034,-0.0199814821737747
0.0024629097991288014,0.049922491448298155,0.004686210110033556
0.001864575728006773,0.049273958590525815,0.026393361809564336
0.0026561914876971045,0.05025869608403202,0.012173030765965627
0.0024136823137183173,0.050141165672636635,0.01802518501049639
0.002329788671594515,0.049856373831803184,0.03978647550463373
0.0025547417711527676,0.0497380075153801,-0.006318304378470878
0.0022071614847112924,0.05076253845422314,0.002663664831832608
0.0024126953886508644,0.050048535307638184,0.023996556633409466
0.0027943032008523254,0.05005473014710553,0.009261808485996064
0.002432310725534117,0.0497355476919216,0.042382079546977376
0.0021168911746055046,0.04918975012562996,0.05748128608800948
0.002180199183683385,0.04933414707821951,0.056342089529360005
0.0025742002564596526,0.04918812217177236,0.01811384098249877
0.0027694814642031714,0.04928362159552916,0.024852673334630655
0.001615062395112475,0.051561988917653824,-0.07980995258614194
0.0023615532648343595,0.05070462198986785,-0.031826256424786495
0.002574126398132699,0.050212643315655205,0.014933066003414272
0.0020489867526621757,0.050409596204187244,-0.027336315621179712
0.0025509627501328984,0.05067207962045594,-0.003763686130267373
0.002190283622376723,0.049467635589975474,0.02058839356040775
0.0022751789891437874,0.05003583316026726,0.00274903099108105
0.002691885214256383,0.0501739520922426,0.006276251776662825
0.0026561079108468368,0.050506908595742486,0.0017042872309846638
0.002595105042979274,0.05037708900524316,-0.004970135984906169
0.002691277820819269,0.05011891399131663,0.005625251821649936
0.0023671675201388195,0.05026292656514478,-0.006461598185447091
0.0022625804126534697,0.050842324812391745,-0.005381185883513861
0.002025855545441443,0.05018922963903414,0.0028871086124421528
0.0021147935150422426,0.04987787223834411,-0.006974168341880451
0.0019829738681662002,0.05037556594358484,0.015180386085707851
0.002230217037190292,0.050275442951734535,0.02179666250093001
0.0025162239425608668,0.0496390494085937,0.05640890923517373
0.0025072172441740585,0.04930653391523886,0.04529623041843725
0.0026839203053953768,0.049051178949199796,0.07211610058068625
0.00274209559556844,0.04906226450229824,0.07279425238517662
0.00274829298804131,0.04892362306035123,0.05461271001326979
0.001485728395957749,0.04901038166490572,0.023422412248105425
0.002944100919235254,0.04937856928858999,0.02251525598821595
0.0022352186723040572,0.04946392432730297,0.06570662633273242
0.0022938402855316757,0.04913978394183689,0.0592763991981959
0.0021795267767298456,0.049718971278886984,0.04619965018143849
0.002296738552964777,0.04950323749852306,0.05212467630696763
0.0022266249645143408,0.04971669646313335,0.025578168656224327
0.002593443623186613,0.05013850454168817,0.01576988287121075
0.0024848694078751,0.05023317092985586,-0.011218090366762565
0.0024848694078751,0.05023317092985586,-0.011218090366762565
0.002184517644515636,0.04973767027219804,0.007851953766606095
0.002209425484662295,0.049471775717985396,0.01685394513263913
0.0030687808551119506,0.05105773216879671,-0.020154341029881187
0.0022340137969860652,0.0501220629220604,0.019665010351554053
0.002438336357152509,0.049740792506591185,-0.0017322088353938336
0.0018585522152346563,0.050353624708349885,0.01254731573809832
0.0016971916018984465,0.05072811256325809,-0.003816377951444307
0.0025785338485310567,0.049348846962969914,0.021252341514038684
0.0019106673659720279,0.049966374386632255,0.02204387401483291
0.00213613441970351,0.04961032977187649,0.03773911903172143
0.0028154087754587776,0.049939984350637304,0.0020867932231861713
0.0028154087754587776,0.049939984350637304,0.0020867932231861713
0.0020266489380789767,0.04901366458431136,0.0845819493611392
0.002279632527226605,0.04883997991761703,0.07876276161867336
0.0019030025102701187,0.048784559753740346,0.07676354812713307
0.0018971804085351968,0.04876476396851252,0.07476686073315753
0.0020728884947720317,0.04930483216124266,0.05418710862213013
0.002462930341838243,0.05107430841890482,-0.048922371525064755
0.0022802513405556393,0.05105554797611878,-0.04260490281573626
0.0020583808764254724,0.0487136727469578,0.06367695131048626
0.0022757956792343677,0.04925360145965262,0.05345144748049042
0.002267185280910911,0.04990112521396581,0.058748348831923446
0.0028162064841196956,0.049792888257932155,0.005844363088282944
0.0024786262941340446,0.05047602931713385,0.058010993499222584
0.0024844996926740755,0.049926679049532824,-0.02008160142493627
0.002711964374357641,0.050529242843166455,0.013286982554948184
0.002219773027932902,0.04973335384541108,0.017222225193245656
0.002485708083718911,0.049690043730886806,0.02295104683400383
0.003042896544760123,0.049893046167679554,0.03368935848056561
0.0021672656350625995,0.04970993502379386,0.023288598976394764
0.002265102818404398,0.04959154588978587,0.019136390409445415
0.0020940410334474033,0.04968454174508431,-0.0039556452640498955
0.002406584475977832,0.05010742747383026,0.03522732604733849
0.002196755951744591,0.05018107771500585,0.005236261244808642
0.0025434761829351412,0.0498703326099626,-0.0035428194574572904
0.00233006931772305,0.050636623261566455,2.1279512690616036e-05
0.002044391509691495,0.050481911347972835,-0.024075733882669287
0.002733182851975064,0.049750117742406445,0.03256126635989371
0.0019922532662002713,0.04980449901097321,0.013098159134973078
0.002147258613855969,0.04970986547664639,0.012875058433144184
0.0020453533037358565,0.049790012049243784,0.022563924554810467
0.0022729413465085195,0.04964498935816097,0.00908272167217549
0.002130415014018963,0.05115430409903739,-0.0314153794333931
0.002221337358001954,0.0509087176407073,-0.04578164602364416
0.002640438153108655,0.05002146821544916,0.004003418076901363
0.002640438153108655,0.05002146821544916,0.004003418076901363
0.0021117955949749266,0.049908932585716284,0.020744978985926615
0.0021208228373276053,0.049659354073827044,0.012486043417649986
0.0021042113894269923,0.049163435099028215,0.04466515478129727
0.001991789013918559,0.04983934781591309,0.0747229370526724
0.0023073519096291407,0.048880202766674596,0.018871712132943027
0.0023546124836118084,0.049784558638479186,0.010793226645893165
0.0020700391179903524,0.04952837363197112,0.035787149155753865
0.0015377185626246341,0.04988014871766092,0.04324730470011065
0.0017895143725575227,0.05031013972320934,0.006785685631756633
0.0019409758437366363,0.048271991275847026,0.09828555217763206
0.0020780587789000393,0.05099077609306353,-0.029369329230539275
0.001393614125090604,0.05031260854346196,-0.013028824109334619
0.001484345596572156,0.0495898306106634,0.012903599227471333
0.001883439051377634,0.049986362440708094,0.012961971685627353
0.0026975661380969893,0.0506499084285153,-0.03369238754043675
0.0029165536818565366,0.05045349578114052,0.001331541343358975
0.0021983851361115025,0.04992971445457947,-0.009782452013527416
0.0017781588382011016,0.05025944105671679,0.022407102498062527
0.0021455556005139,0.05091156439123256,-0.023050858004632656
0.0017657905419620275,0.05022845757643665,0.009578647994804389
0.0018790848579896375,0.050453991869283066,0.00428153527756851
0.0024920935252400996,0.04958095198759393,0.021941466045736557
0.0024765443303946698,0.05116961006397696,-0.01946528337946249
0.002407007263385882,0.05063027628044926,0.00043378432534315356
0.0024940255369385773,0.0503000502422839,0.004765517401418288
0.002250322317261516,0.049237922812663475,0.04478968255154523
0.0022985683173353724,0.05094321793719453,-0.03786689362889049
0.0023658888454795995,0.05085125967654318,-0.030490365489969914
0.0025065300333824486,0.05015579656898519,0.022166136902451016
0.00214666342695793,0.049679119484506304,0.04082221365641639
0.002149044925838602,0.050283588453334284,0.010433682967907407
0.0022022203385869037,0.04854520644722092,0.06718299655460479
0.0024382001326328875,0.04901587743701838,0.06026729900892308
0.001746285636726718,0.049039816641788726,0.06452315095529683
0.0019857358867974265,0.049362589094592006,0.03725692196734133
0.001966567814703696,0.05013256040900497,-0.009335303028412522
0.0021121409780866618,0.04968547004630017,0.04308503681897267
0.0025895644549495888,0.05055859575396778,0.004284888340965793
0.0021805515292105462,0.05078398487371628,-0.04314729605793636
0.0022044773233790135,0.051358384902952955,-0.057941256764316114
0.001947013104620999,0.05069603638812143,-0.012866382538843653
0.0017085924137926313,0.050269416312635075,-0.01405433546333411
0.002947923258748457,0.050388890169138924,0.012613284655775731
0.0024421408736596912,0.050109171312069094,-0.0041590913580526485
0.0019440859907983658,0.050251188893555454,-0.029922188188529278
0.0023504844374784718,0.049594148335463,0.06409211811411113
0.0024967776260560893,0.05014743562261387,-0.004774103914673111
0.002145053970910231,0.050409766139298394,-0.011245407046316283
0.002271055357926845,0.050845577830216294,0.002130710856175382
0.0015910689495346104,0.04934154026234005,0.01570184480623463
0.0024917924228992664,0.049115381613025415,0.04575030633746597
0.0025132346829644147,0.04959853800271614,0.055677540982615445
0.0024672135173538223,0.04961866156129452,0.0016882616304668566
0.0025331225916975304,0.049704644812160026,0.04301169844398516
0.0020760142537334307,0.050040873819882314,0.0162741853582674
0.002687852408867001,0.0507679878286839,-0.014835653223652689
0.0019892726438143033,0.049453626370617614,0.03734490504565553
0.002296517065943804,0.049586239955363515,0.017214267313254154
0.0018815207878179118,0.0490806103698083,0.04997806112270347
0.001931279076630502,0.04872762671494134,0.04477046286995607
0.0026525610611449046,0.049920757912005634,-0.009567608993942274
0.0024961269581771817,0.0492547098583521,0.04732918371182242
0.002117986353120606,0.050146377091969244,0.006026478153920453
0.002272451889152004,0.049493396393421485,0.02637528971051758
0.002272451889152004,0.049493396393421485,0.02637528971051758
0.002081558576088051,0.0505054787285154,-0.007224264149296409
0.002231273448260666,0.05116019870580294,-0.022382305032455422
0.002392502948224127,0.04991633547206942,0.04463613408891029
0.002502416362404564,0.05000976422820986,-0.017113479032381633
0.0019524117757586375,0.0500114957186501,0.03369786649560267
0.002348817348920389,0.050452027757501176,0.0027820639047390623
0.002215249230988592,0.050055414100838004,-0.006767844014139489
0.0022721220929918995,0.05076853076656164,-0.014023023413616036
0.002284104240133393,0.050713917389625274,-0.024189731000419778
0.002486674825837067,0.051146850182384115,-0.025736344803093402
0.002131669146376544,0.04999885905883896,0.03985663778113889
0.002274013181128466,0.0502409181856795,0.012512523458904504
0.0024643621800089998,0.05063580583312914,0.012435598593614252
0.0024833367333813973,0.05070867001061813,0.012391191387130003
0.002720484791433718,0.05001560597390118,0.019701688770794992
0.002461238678780169,0.04978216867397432,0.022485788622602153
0.0024522233236326427,0.04956035396185333,0.04091817359488091
0.00232699423915388,0.049040282705123915,0.05702880699674735
0.0023724854727992825,0.05055367705407858,-0.02270526397050651
0.0022519502925504886,0.04992588403730252,0.0002813636270439165
0.0024741247750702977,0.04932774680177526,0.03198779509929623
0.0021942758182209258,0.0500044496439524,0.03641290380858904
0.001812124244422043,0.04973143364359389,-0.003345662425543134
0.0017834890250655717,0.05029950579493524,0.014053554485230572
0.0025100702707226918,0.050931683880227105,-0.03048748592006584
0.0025169011729427905,0.05116512748366296,-0.04437862500162238
0.0023290850442792606,0.05046315585594582,-0.0212660530888891
0.0023025283346276137,0.050756640713293305,-0.009859137585489775
0.0024355758226216784,0.04948754224518234,0.02891595580860912
0.0018602613188546048,0.05001062555443571,0.011745450800471298
0.0016311905852060065,0.049920166674705516,0.0070436950948626256
0.001402895020970609,0.05018231538423563,-0.004501166611351016
0.0018662402311444889,0.049589874776149,0.02768074619461963
0.0025825717054481175,0.0504717575549668,0.020144371917662374
0.002123366603137232,0.05017756030481409,0.011066974140879988
0.0019094670248606665,0.0499412516242148,0.0015417307436816662
0.002260543559846174,0.050329733847476986,0.020678755490224528
0.0022678091607370287,0.04997486246253512,0.01056551413069616
0.002097437984686941,0.05019516367074289,0.009169557037785709
0.002419957819894279,0.05010680681306092,0.008473802443055173
0.0027255366447569832,0.05032936088889976,-0.0021712866002877767
0.0024182401601353996,0.05095834746456505,-0.03490581440942679
0.002155869501667663,0.049713671450587735,0.03292117584019042
0.002482792629330788,0.050429421072295214,0.002688615175382539
0.0018559694943364403,0.04942645855207086,0.004372072673203022
0.0015277006861800684,0.04962039952154686,0.05346225714271602
0.0018887904011015162,0.050218848069222395,-0.018084083883678184
0.002157270606224813,0.05015963442278026,0.02980210023321961
0.002545902940411567,0.05014731639034548,0.04993688752489733
0.0028175552708969037,0.04892404336842803,0.033593631958038876
0.0028175552708969037,0.04892404336842803,0.033593631958038876
0.0021007973094018823,0.05020973739889366,0.03938327204983648
0.0018793710770899602,0.05003356349908773,0.02785462081299576
0.0015794702296268793,0.049518153384285446,0.005521322644949989
0.0027332690634381757,0.049852781168492004,0.04052301215810625
0.0017425005853435958,0.049863925878446534,-0.011142595554393151
0.0020469766884254064,0.04960586956055365,0.055083691459396567
0.0017550194338761013,0.049080673160404695,0.02716787316405691
0.002292425728057028,0.049775659037210096,0.025780041797576633
0.0021507480888692232,0.04933919320102845,-0.002081101750817872
0.002273299962781374,0.050548237638426995,0.04509175389262735
0.0022768178306431146,0.049402713022392825,0.01413294790437173
0.002897329417436475,0.04956673816968148,0.08750103449081396
0.0022606535578747183,0.0485624822842781,0.04974053523134758
0.002324149890220684,0.04923278964743322,0.013663054841008281
0.0024644220404258397,0.04964374342264925,0.027037478867449262
0.002448795801864609,0.04997993402191475,0.031887714290819866
0.002181807347096817,0.049964571586997276,0.013425098459924352
0.002125129882483778,0.050374087964701504,0.0088438303547448
0.0022209759559952058,0.04969620990024378,0.018049448036565847
0.0020563606570588693,0.050907245514637336,-0.039883500655459446
0.0027608973738531732,0.049434377372517394,0.03275171826990375
0.0020149148376389773,0.05044874780845932,-0.019581871246747345
0.0019332307732794285,0.05064775687962964,-0.02003932556224545
0.0025974304354113853,0.050178283595733515,-0.028401704874237953
0.002675650171412259,0.050794703743651796,-0.007181596205877564
0.002537617147276612,0.05076239004080129,0.004891314127595018
0.0022473926576189918,0.050356627924959964,-0.0038419671213576444
0.0028592720299101906,0.04976890881005303,0.023780573303683248
0.0018463829238093503,0.05069494363224457,-0.03794590352498307
0.0018016257615795052,0.05034003628300331,-0.04430773240858065
0.0014927965557291634,0.0502324523006377,0.040571366005189485
0.0015910167304047501,0.05025219050198574,0.05569597442997117
0.0018211608047941738,0.049777037079331725,0.017574172451753203
0.002129342767815173,0.04870146139415035,0.07636995861043513
0.0020856209791133445,0.04970555125075457,-0.0023496309208970523
0.002204381249524394,0.050714771986985464,-0.006896913315666314
0.002301577561349605,0.04959583556209287,0.007096100194456529
0.0023237610411121433,0.049995611452813865,0.02551352796891977
0.002130809200607295,0.049282851917106574,0.023137416292131945
0.002087991081969719,0.049101700137431634,0.05049164670902041
0.002090412231385653,0.0490417269549562,0.04862223122006982
0.00196725176819328,0.051154187393803875,-0.011320433173666586
0.002034185662543125,0.05095802227785417,-0.012178522838858064
0.0021204107408442393,0.050666173781168625,-0.05203704117283834
0.0022186618981662395,0.0499437215633234,0.050107131172284596
0.002566768956899147,0.05011994711012384,0.051735053125502646
0.0024767862413419338,0.049050051473677456,0.027417332212197318
0.002433078441373548,0.04982454396767792,0.05122196253192071
0.002433078441373548,0.04982454396767792,0.05122196253192071
0.002433078441373548,0.04982454396767792,0.05122196253192071
0.002345849516325926,0.051135810624644694,-0.026905230277912223
0.0025600048377669646,0.05012728106505821,-0.013762893413454488
0.0025239350689800597,0.04992247418555211,0.012535207922385532
0.0025343179407193257,0.05001365760206056,0.011111424227201844
0.002610302024040435,0.049987131746658364,0.011163675025547153
0.0021970441142507456,0.05048467345051669,-0.01729544135335606
0.002247265964487741,0.04949743550620302,0.014590341401015124
0.0018738985496337206,0.049998082821925104,0.02525409197738418
0.0022786990546952196,0.049348459999794946,0.01615509564991862
0.0023671342429158926,0.049325040994675336,0.05580808464661234
0.0022322976803277796,0.04935297848070809,0.04368321601715251
0.0022322976803277796,0.04935297848070809,0.04368321601715251
0.0020121962005400056,0.05078928501856218,-0.03685662802069238
0.002238079707162416,0.05083185859221179,-0.052182600856489444
0.0020982575409085103,0.05160704531412532,-0.030697283121671828
0.0021367454571805757,0.048857438686927344,0.07709106156207335
0.0016143947889912262,0.04836542289691854,0.053538205646361504
0.002829885254785272,0.05028545076604342,-0.009003634760583632
0.0021206237238951616,0.0511465497437082,-0.010784899781348282
0.001994898527302738,0.05047291595321457,-0.026493862514038645
0.0021296717781361203,0.04996904309553646,0.008787552910261138
0.002098497383971078,0.05000295858257416,0.008592008517630378
0.002040806445245088,0.05036571601216177,0.015218153562443475
0.0020448051227255617,0.05005217134994016,-0.0012009802385960467
0.0024617841528713626,0.05010449357395641,0.03654720703139782
0.0022213265930096132,0.0496837657135829,0.06039625102441965
0.0025025051234680118,0.050671112488273384,0.0031776860260102195
0.0029266297979363117,0.0505146018831556,-0.039515982412871055
0.002091656677767166,0.051597588102525495,-0.013077359573458165
0.0025728230755413294,0.04938016202909661,0.056133071217076384
0.0015132409187051266,0.050366836643813084,-0.03247531743166436
0.0016432102871206742,0.050203170052416604,-0.03685119898038143
0.0021208595710223415,0.05008268851464671,-0.00980231987880261
0.002710404143770679,0.050584721046539605,0.012114101471331804
0.0020828153368555773,0.05067501809006518,-0.006293465651730516
0.00198858477770162,0.05052375375817181,-0.010652480497883655
0.0019262922132249707,0.05064832346080959,-0.03657364865275921
0.0025519555920565256,0.050573531733490495,-0.0021629528043352595
0.0021529630243149332,0.04945908101276328,0.024040840473015954
0.00224395845083994,0.05005556053123345,-0.0014026478074141754
0.0023497982064139833,0.04959751059856357,0.03510516838726618
0.0017704748910902898,0.04995907109387257,0.02318236629295159
0.0019095316757397128,0.048742936275929696,0.0778766971553387
0.001826406567548054,0.05024303582388296,-0.008546206685093784
0.0019850304391412815,0.050522580983342495,0.007887346967658632
0.0027881450764622945,0.05055322925547011,-0.03231298405894209
0.002745985875631578,0.050584819615644844,-0.023513118975292333
0.002031352313939585,0.04951132543224632,0.0459981857413352
0.0022756349397887003,0.05016737537748979,0.012662071492797291
0.002522607478603204,0.0502100691409789,-0.014561139907454465
0.002482196051936784,0.05080443468654219,0.02914107372460274
0.0023580204318247745,0.04983295861684073,0.02512136205200971
0.0023856107635774073,0.05031868908440772,0.01741032591821061
0.0026408826004225227,0.05045706239278677,-0.025322640238639817
0.0026470118492975475,0.05080202952832796,-0.029333739779030976
0.002001114608521098,0.04919082530518859,0.03591640519350561
0.002035779764837819,0.04970122977277852,0.04283154370518598
0.0021675385709859878,0.05102856075914749,-0.029275735614824255
0.0025916625812747555,0.049605676811855584,0.04414603802577898
0.0020351417949872126,0.049998955449567284,-0.009623750425357003
0.0019407179931858478,0.05002726810330673,0.015313478042671417
0.002063348225530362,0.05027258928818279,0.01201810328621903
0.002025261831440184,0.050421364649296425,0.019322258030197624
0.002603629934045339,0.05077055401190245,0.006943427637880194
0.0024905432821157245,0.05057137528780553,-0.002263844675889102
0.0020239731322023832,0.05059175803055629,0.0010756844558642044
0.0020549153741887694,0.04950726909782131,0.02491016617844204
0.002258871003710793,0.050301182228815466,9.145147032911362e-05
0.002258871003710793,0.050301182228815466,9.145147032911362e-05
0.0024128027419107823,0.05068343793753349,0.0041472703638811455
0.0022006770661343582,0.049839102782564246,-0.023076019426458625
0.0027792044377294113,0.049795318321819576,0.03755041528479983
0.0027280246812660725,0.04958620993068834,0.03173874943001931
0.0019300464480785239,0.05000951751753621,0.033424718450877154
0.001960715514228371,0.049853249476915835,-0.026245591651170144
0.0022179798329757723,0.04929071087496874,-0.018101785022636947
0.002151872073906866,0.050135698683480875,0.023398431509700873
0.0024821947123840967,0.049314899713769504,0.012932190856892893
0.002330427123348285,0.04998102074317646,-0.0009866806020555152
0.0024491563242299876,0.05063486284744737,0.0005966695644125639
0.0026714898564048047,0.05072541590267188,-0.01083783841127949
0.001971598894083203,0.050264604921664124,0.013624753157539653
0.002095949793550288,0.049514634270228244,0.022434863946811077
0.001733579297553034,0.04913958730591691,0.06984210291489881
0.0023490916049792986,0.04931860793180433,0.027190518037364293
0.0024605878901113403,0.04956999516480857,0.03713650101507482
0.002339063397760638,0.05019282655092244,-0.008564234397461302
0.0024395956887850946,0.05056095986923621,-0.021463717440843775
0.0021841660745418098,0.05029388400219446,-0.01622796233571664
0.0023696279306241294,0.049645371823738266,0.02586828819417844
0.002166955269359554,0.049808986491961055,0.022120816167938515
0.0022266692868882164,0.04949584821336872,0.03414474690922752
0.001959343870013906,0.0499056869639792,0.016889031494520992
0.002389515345491773,0.049606420687374524,0.021474072531884988
0.002320551245304545,0.05007365233325149,0.010694346489444588
0.0022600905545995423,0.051096812604545655,0.00203948194381264
0.002070733738224897,0.05054710130372897,-0.019216243666707596
0.0018495428062671301,0.04988452376085298,-0.017976767204826202
0.0017536593148563336,0.05052922243362389,-0.006594239037478527
0.0016212946470444897,0.050594443138608974,0.006781876697324895
0.0015311495854332645,0.05063303274743467,-0.00045428461482635167
0.001422848205054365,0.05063464085868818,-0.01153249794943198
0.001678143638506985,0.04991187941544613,-0.009527647907768581
0.0017671942272685876,0.05030357170400246,0.002598569474243452
0.002686359099753904,0.0507893171225004,-0.013032346537551268
0.002772039713128821,0.05031964349716594,-0.02941687702140756
0.002420951099540673,0.050142377147102915,0.026754199276392908
0.0021108588043438742,0.0508579265812585,-0.03701545327099032
0.002048764415365511,0.04928544977383238,0.06060556430201092
0.002018003649007461,0.049839424914095744,0.01984903070744451
0.002530089653229361,0.0500424733688649,0.003964386168559885
0.0018887503537858069,0.049224272757748266,0.0940956025087457
0.001894947096857682,0.04722606925170833,0.135327761021263
0.001596721404694071,0.04842860175928304,0.12323006076890743
0.0021114420428691785,0.050132723349277014,0.04668769338153253
0.0020191016258407526,0.04997139837818247,-0.011242719646203027
0.0026912737772496194,0.05088294393423752,-0.020706067104074955
0.00247433852810474,0.050896061277214105,-0.039083287506996384
0.0024671409117923765,0.05086084828370023,-0.028762549721765177
0.002261272585281352,0.05075291873687863,-0.019595973635685347
0.002348450055692818,0.05061102818692878,-0.01843600602672648
0.0028275259611029724,0.05030123060928525,-0.003670355860933594
0.002813259200952832,0.05063975159528184,0.012939629839374914
0.0024816967369889037,0.05011633957894784,-0.01482860909364452
0.0027639502779998808,0.05071024811912671,0.01667092380512243
0.002171332079643488,0.049600294208021166,0.01931725378364147
0.0022104944732954674,0.04939020003967929,0.014701793885105998
0.002213534337403914,0.049470345296473206,0.014144300564232076
0.002209359969016333,0.04947348866632536,0.0029801802161433725
0.00227598124399709,0.05091350670036712,-0.02460360330942077
0.002276580373103507,0.050712285668477436,-0.038409357615410686
0.0019383338898541795,0.049953408209342326,0.019408330197826906
0.0017076280550692717,0.04934904912345481,0.03102738038409687
0.0019874399225757494,0.04920460847551775,-0.0055592870767332625
0.0019230202863008538,0.050663366629237136,0.025781010453379022
0.0018788193649636295,0.0504975738764823,0.012709257491580596
0.002209320088867632,0.04907158835665755,0.043172035949862145
0.0019141149096192503,0.0498302242622631,0.0340522430921751
0.0022043947962916495,0.04830182489755546,0.10630678732925916
0.0017141056404828047,0.04823201013144396,0.06920789211622196
0.0025995367399306,0.049954096348643715,0.017337174169403384
0.0021822703825355,0.04990566922304278,0.0020083546079325506
0.0022366501157945326,0.04995055883441052,0.01600135431004463
0.002389665610712111,0.04898892876902243,0.0680795265615128
0.002341273151662986,0.05071901092068023,0.0004967239626655394
0.0029771973909610747,0.050029217797028486,0.012954651447841994
0.0022227428766475165,0.05076731806788083,-0.0007468731079838656
0.002193871786583636,0.05092893977817167,0.002658317768487564
0.0024503166885392388,0.049961773989067655,0.04089967809144783
0.0021996105974010365,0.049825694708530294,0.015388745859810631
0.0024786359570085183,0.05012900929504679,-0.008260807173551486
0.0028468287497718375,0.050257626116263394,-0.013839704058210833
0.002771964062567257,0.05049760649906243,-0.005079561696065233
0.0024444981155628508,0.05036413005212298,-0.0067745495982369985
0.0025015237239848836,0.049732944242324065,0.01930679322824951
0.0020462506604735434,0.049538463232655094,0.02621514872837852
0.0017979408497389622,0.04999063091972769,0.016254186396848776
0.0027312580712999307,0.05106462989577519,-0.021330686238535915
0.001666891002324204,0.05063120834412562,-0.024077215310900752
0.0025221192097681817,0.05087169295098606,-0.04210141920409771
0.0017247943966050311,0.0499208781751588,-0.003763615897199667
0.0026386792269770514,0.050467371490836424,-0.009650413857757889
0.0019572137984558207,0.05043794973638813,-0.009506668716684222
0.0018258567712219262,0.05001586665728393,-0.010132020045900645
0.0018473549485781375,0.050181089836521114,0.030712218183385317
0.0018570226282167922,0.050771466574059315,-0.0591638326612089
0.0020354557253490033,0.05141363220898535,-0.021633306828434683
0.0024748584886195683,0.04950113579001109,-0.00198964687452728
0.002166241613415409,0.05037319366744871,0.023257612161163798
0.002587272855182623,0.0496197959363471,0.020438575906590543
0.002479576263573465,0.049983541432879086,-0.014592366321717636
0.002323144870104591,0.0508071947646397,-0.019506855388936824
0.0018825732046891604,0.050550214814794395,0.03566432728808157
0.002261113894476698,0.04998735669496133,0.01018427425885588
0.002572835874790466,0.04978403625765121,0.01536264882011613
0.0025189281718827903,0.05081451871688239,-0.03253783200746091
0.002552453010860482,0.050678478628802856,-0.024373022650591866
0.0029775702700927794,0.05104852489629581,-0.014772722515117718
0.0028405182931769686,0.04991333881111658,0.03212269695781369
0.002538537715856862,0.04996164209747056,0.030440741137849305
0.002364796199341706,0.05028626397768073,-0.013056251041968793
0.0022408065433040633,0.050080324243382796,0.018439170760025554
0.002122010491397863,0.05048349117234144,-0.013324808824763305
0.0022308398869298313,0.05089871726394936,-0.03816867839707528
0.002316119157144365,0.05044178553236281,-0.05359633155254363
0.002402114861296735,0.050766973112541754,-0.0323445147895266
0.00202784647780378,0.050714002337911256,0.004938205309564393
0.0020677204999771646,0.05014367810648148,0.028980968103845615
0.0022297950812361442,0.04982260869967565,0.035109956235441664
0.0027700019642094404,0.0503221402258659,-0.020163687228265753
0.002142124619941218,0.04971747719024691,0.03419006612729311
0.002180711219229062,0.05013553075414858,0.00518845734388334
0.002121065228720201,0.05072227279844903,0.008141603094869406
0.0024357739855457466,0.04970067128433303,0.014874368025256426
0.002545984074219066,0.04987678497431279,0.029125454337755822
0.0022436920507849195,0.0506013798088854,-0.03605135326218593
0.0018732354030661787,0.05156408263952995,-0.054323049525701085
0.0017598156828625374,0.05195405527830171,-0.05337450337428527
0.002737315799233589,0.05040917547612227,-0.03694314767039988
0.0022415252366018153,0.05047876477423475,0.008305215681537291
0.002028318840055101,0.04932386441714445,0.018577609105970627
0.0027996775765085813,0.04974976072044305,0.023580612248073916
0.002424641085856412,0.049883270430167076,0.022465476347612694
0.0023551318372448974,0.05043521284355862,0.005090577511359271
0.002432468785599943,0.050142466102633135,0.007098769212861456
0.002504993317267838,0.04947421612797874,0.05016722681201781
0.00286051357756556,0.0505919682531845,-0.0003606235947625273
0.0018661952251539202,0.05047106401885538,-0.030606328913457735
0.0030929945698478373,0.05002700207350189,0.02040206715166243
0.0024203741361050694,0.05021949540108678,0.013976756250623003
0.0018304366190101588,0.050210954942822995,-0.009787498628412642
0.0021741767406066696,0.05077294787813288,-0.01330644419903882
0.002137283992841363,0.05074927428119439,-0.030997509946031104
0.0016507049676856584,0.049756187710369965,-0.0438766253514464
0.0014783209818270274,0.050258599298382986,-0.009820239095882874
0.001754225009957315,0.05128928866280844,-0.05510150119773557
0.0023939200058844677,0.05038934879760314,-0.03480388321138524
0.002228377706575159,0.04932613771635499,0.029989746248585056
0.0025505092009419396,0.04983767096748178,0.030730664091449058
0.002099530693629807,0.051020567390202165,-0.03837265757344551
0.0024594625006903064,0.049946568867809585,0.015191044710339089
0.002278670722261745,0.049483424464201536,0.041444493058210984
0.002425118881840119,0.05039181335932636,-0.0012506140752885327
0.0021129258480344446,0.05000854758637625,-0.012074654874181825
0.002211276014488281,0.05037339911105514,-0.02612986159095436
0.0022589102632274557,0.05045967314776121,0.025349923674835628
0.0020907019840393074,0.050008703670481915,0.013261070377055453
0.0019650563436755314,0.05079689488348549,-0.002639191751877556
0.0020391921400377175,0.04968663166840226,0.002593655800378585
0.0018997524605716657,0.050067304071051796,-0.007111502471806099
0.001834657909639059,0.050084139011687394,0.006308044104736971
0.002082682517770315,0.04950286619158327,0.058654988906516124
0.0025976001879359618,0.04985034382357803,0.023528983151465413
0.0020290858846795544,0.049202240803307054,0.0434958455374007
0.001955782482042843,0.0499506491177831,0.013102877992276881
0.0023789963527598434,0.050969122997697,-0.03632563071519613
0.0024449173266604843,0.05043403146736619,0.03372214870751798
0.002588628833542699,0.0503785546052007,-0.0017860972842971363
0.002040232753571162,0.04993060719979037,-0.012966192374078344
0.001874523037463732,0.05032711758602344,0.02168404162606762
0.0017114037533222043,0.050037533094243226,-0.0024508715334745188
0.0015518684889426985,0.05006364860655954,0.015485907652987985
0.002842914518511162,0.04940206848576443,0.050692350722867686
0.002457278167901876,0.05011587978429286,0.0003093444786056614
0.0026310175176818954,0.050284163490234186,0.021962449056358788
0.0023855235388883333,0.049342603964479134,0.010796198643410207
0.0024178973894288624,0.05096578810782699,-0.019230338597410683
0.00269723159484951,0.05049484645867487,-0.02479748966641573
0.002730691554365217,0.05072814502827998,0.02069189105813096
0.002498471033392794,0.05010287517644794,-0.023509256945675478
0.0024900845389253076,0.050185305339502564,0.019275665191949506
0.0017395239501167242,0.04778123809775744,0.1474668355442784
0.001509910946211137,0.04695894000844294,0.15094433531212026
0.0016509185905922937,0.04733491016257945,0.12264093050511019
0.0015898809107373604,0.04776933216770923,0.1058450135588975
0.0019264436445185723,0.04802326684054508,0.1080638586747872
0.0023145893856307627,0.05087105029154751,-0.026698154442772393
0.0022856937540407067,0.050139388143307075,-0.00793444342530893
0.0025389666184369363,0.050418776390437986,-0.012224958138967932
0.0025389666184369363,0.050418776390437986,-0.012224958138967932
0.0026928927455698577,0.05086246482178236,-0.038767182577509135
0.0020156762902769753,0.050190908851899724,0.029926149665554472
0.0020526640640007774,0.0499692500235737,-0.004655750767013502
0.002554626923759685,0.049644072277306335,0.015150996801409005
0.0023474480922658254,0.050442911171059486,0.01838300547995152
0.0022998194717106673,0.0498748242172558,0.026066779963443244
0.0021731203309316117,0.04938423558986213,0.04351189794623943
0.002336962700928237,0.04886764883231026,0.047848241092668026
0.0021767043357539696,0.049626623232769146,0.038443426338558885
0.002397997961780798,0.04922892604874914,0.04434054517590642
0.002344576216343361,0.04984913840365418,0.0322460774179951
0.0027202983193154837,0.04964467799568227,0.016768194697425663
0.0025937685846441076,0.0494083759775313,0.05066677209547803
0.002484478816928126,0.049859271159748475,0.05528439672176747
0.0025208681584124983,0.04977723718814931,0.06302856497551798
0.002309667324543378,0.04956918870954184,0.04092691919792927
0.002453254078368473,0.050399849646263505,-0.00730408310583432
0.0023704438964364024,0.05027986480146695,-0.005884366631853331
0.002561174899383423,0.05099538343408587,-0.03418935400017935
0.00223805050072866,0.050995097251968574,-0.029922339397159024
0.0024524993562430666,0.05019207405596148,0.002369762429036938
0.0016960914904809805,0.04990604542500996,0.0018542280394061583
0.00204552028861287,0.05086153598029204,-0.02058803772935221
0.0021416773186216627,0.05025855308817367,-0.032815410890774936
0.001958714722795333,0.05005296893750644,0.004082566575904872
0.001968127057907116,0.05004387230471289,0.005816177210981489
0.0020615180048622,0.049836774037294,0.0038664472196768994
0.002237131543599253,0.049989912398439446,-0.012979533980065495
0.0021354290976387355,0.05087822380577115,-0.016601630363797127
0.0025008493453732117,0.04960804379597735,0.05493539129589596
0.002289982893885984,0.04958472874389354,0.036239312548924506
0.0026356485866426563,0.05062068549256487,-0.01088308195361933
0.0018343408735517796,0.049880642269400324,-0.002813499912032538
0.002128927139918993,0.05056679199481412,-0.022163294879754266
0.0030148620439851325,0.04980779616515752,0.03642994980488955
0.0017459501749658623,0.05074245895161565,-0.04292218093504013
0.002059895464838899,0.050743806387993175,-0.007583824447464031
0.0020096213259960718,0.05045879644875331,0.005109581341482375
0.0021037890508699077,0.05067168808510107,-0.038410121860226944
0.002090980871314038,0.0507956315260661,-0.029274825946717306
0.002333008372548823,0.04933584677147746,0.07323023012304834
0.0023277609129158726,0.05103203497516529,-0.013300375478549654
0.0019565789135971914,0.05096910124067987,-0.06139035771495772
0.0021035001206163376,0.051446953424446114,-0.06121758165238495
0.002279319055973108,0.051377306902014086,-0.07554376800188745
0.0023698999295900802,0.0511589109116373,-0.025376133384076797
0.002276316385829182,0.05069126981973082,-0.0487277344559631
0.0020998581743515445,0.0496003460136704,-0.016278464269010806
0.0019056442324344397,0.05084796594050494,0.013458547032632861
0.0017583419125530551,0.050404147760670016,0.025265930039755347
0.001529233406074753,0.05100971773077445,-0.037227582292936705
0.002283871220351424,0.050987579593426445,-0.03956965947496599
0.0022625583877592345,0.050862683652058704,-0.02957907402246057
0.0020845438315492426,0.05151313308810256,-0.05685412801399643
0.0021365192303397025,0.05160847448816257,-0.0478229023637579
0.0026289400121522525,0.04963908521850225,0.03367967295108007
0.002700962917733504,0.049891043677277425,0.02031447359751629
0.0020009992771439934,0.049564898163412634,0.027434349501972533
0.002525864950350979,0.050787671141218474,-0.020117283338525565
0.0020928096002633175,0.04950636885374162,0.023552725341381607
0.0026324331757836567,0.05059907070568193,-0.009377091167467112
0.0026324331757836567,0.05059907070568193,-0.009377091167467112
0.002661917555475125,0.05031347095710225,0.012904782078963369
0.00283865113375218,0.04980392051312839,0.02490220436620498
0.0023617762412109665,0.049162836389938416,0.05519149562536743
0.002209685999962,0.05072827655817278,-0.020625878612963063
0.0023576856165094,0.050000572733352205,0.0034090465262134675
0.002214921909448413,0.050195647767551144,0.029928500221201013
0.002449052515569054,0.04995345743821657,0.027313804987241248
0.002574796975102066,0.049363889434180505,0.0407087713695484
0.0026244090702299333,0.04971098412922343,0.09345498283466921
0.002669700469596555,0.04954631619612839,0.08600153049414641
0.0024957663641919205,0.049388089866526125,0.08863307652210727
0.0030296308912332523,0.049886247064609084,0.07719542395486177
0.0027592755343410517,0.04975202441071397,0.0208493750188403
0.002590098617409374,0.04976510049195743,0.027722215922542027
0.0018520822195641068,0.049327658493396154,0.01422312504012817
0.0016153608578659965,0.04932613791142157,0.031170247726453177
0.0014538382002720223,0.04915919237190109,0.06357459343802227
0.002128200032176331,0.04988426983928707,0.016948360695970246
0.001961723692454045,0.04971084451894074,0.03507365062970183
0.002537386072772035,0.04958593877031296,0.04486623800110002
0.0031122872409613273,0.049794150013802524,0.016919823244199547
0.002481227555846963,0.04989727705887216,0.037007585393901136
0.0021868782893865644,0.04997288690840732,0.03128897005271585
0.0021342904676403328,0.05002386411685021,-0.014385737721979684
0.0021846752334199453,0.05089922878124908,-0.03260850792386669
0.0017692294160939807,0.05029794076502597,-0.0022887020438689355
0.0019777893101084374,0.050064691954418414,0.019720810723244244
0.0018696634695294615,0.049885895794913954,0.018319233132801236
0.0017629583188276316,0.04913840599961732,0.05709906964065065
0.0024497859278995587,0.04940715656900452,0.060186001967077664
0.0022482865066334114,0.04931006784609786,0.06852416440082319
0.0019597280967964957,0.04797588908004751,0.09427351447097881
0.0027191389061251674,0.05143078351401463,-0.06721350654064104
0.0026137768220431796,0.05117685438733065,-0.04204580710507713
0.0021818043753773506,0.0487117159392994,0.07177671351724685
0.002372723617903569,0.04869925929385188,0.044724399872137034
0.00223150786670027,0.04886636088569587,0.054789929060118835
0.002404897552351324,0.05101028345644501,-0.0407316494170206
0.002365282939806715,0.05092694432549803,-0.04220747066878731
0.001857472013907921,0.05029186790381135,-0.02833486066500503
0.002652303916933705,0.05109532968525887,-0.029967472737573185
0.0021654574711868976,0.04981239302133163,0.024057058584972695
0.0022188909791212483,0.04966891421305216,0.032596421259487474
0.0022188909791212483,0.04966891421305216,0.032596421259487474
0.0021373078757083255,0.050438463896538055,0.008627703089275018
0.0023780840527398983,0.05027468431220128,0.020843827277335324
0.0022483384514950426,0.049499940580653976,0.00988202450070181
0.0018027342156978986,0.0507680861793856,-0.02901117845762745
0.001766844998354311,0.051330292161778215,-0.0617071402753901
0.0026926062451317376,0.04988651764663223,0.016571169381119275
0.002184287058896474,0.05078144023487073,-0.03868564810357636
0.0024051186780315514,0.050602087435296046,-0.019029260164173528
0.0023948589257121104,0.050641939022901206,0.0032423940694482197
0.0026895098657429405,0.05019469384234969,-0.004850570658177015
0.0020806166294147317,0.05042019576592025,-0.025832357699624657
0.0027836163687362464,0.05031707371139332,0.001686500997115733
0.002881386258250754,0.05050497585689253,0.0363523749980067
0.00214462197641255,0.05048180078063112,-0.0358025691856726
0.002533875246053585,0.050658089598413655,0.002354676768151368
0.0020788694173513077,0.049687145286281216,0.011343224712107912
0.0018358639180877374,0.05003224881587463,0.04755179642259391
0.0018869352818954742,0.04975031070653582,0.022187688667244944
0.002394627192289384,0.05029411097199326,0.008634235364304896
0.0022840308342823106,0.05040166193270837,-0.03707242394793942
0.002585270720348288,0.050850667806463516,-0.018229208856090313
0.002030516249453546,0.04950112766334581,0.050217568440236324
0.0020969354951294638,0.0503497863563156,0.0024897645426171016
0.0023104611421027963,0.04996064259216257,0.006894659384289894
0.001973444815041966,0.05014250487940753,0.01617706326185991
0.0020887804560890785,0.050420163380581626,0.03567193012331757
0.0024523131289158717,0.049400743269558414,0.0485104814478425
0.0022510859578749173,0.051050751689035126,-0.011382832447878627
0.001603581314029773,0.050287396252186777,-0.03470630824982884
0.0025726161984256325,0.05068851294353564,0.009068963426906437
0.002405408510329177,0.050200541011667814,-0.015118145993147465
0.0022116745182977106,0.049962015755130595,-0.04120773037605173
0.00240634340181654,0.05062931271219257,-0.0023176211850253576
0.0021076508062176083,0.049540634038920485,0.02661932376732758
0.001844522065660904,0.04848298449956613,0.09006471761284796
0.0019620415010588965,0.049010043588134745,0.052413642742294285
0.0024776269734342656,0.04929962482535863,0.05009546755033164
0.0024908036497473646,0.04891882578704378,0.04400882771462204
0.002568983768388232,0.04856618936162815,0.05698731672498092
0.002470864175922859,0.050655654914745996,-0.06267985509047924
0.002097993750839298,0.049257985321608466,0.010186844000010081
0.0030219778747151696,0.05016657199834989,0.029794514394923373
0.0024515639786335686,0.049730204556850725,0.015309113145258244
0.0019543004276068145,0.050380795059112915,-0.01611977539773657
0.0020264632061938706,0.050599865466686614,-0.009832818029512367
0.0019353192851731841,0.050083271107639486,-0.030347427321421358
0.0021574460852450002,0.049380055354046985,0.02049562571905384
0.002204365950924705,0.05074616563666092,-0.008158779658733364
0.0019242491927468346,0.05025171911267434,-0.032363478616546905
0.002010590177202203,0.050431318601529045,-0.051249309811691186
0.002120405222630181,0.049676110249088586,-0.047187999026710586
0.0022748942614724417,0.05064235061429793,-0.005739574924755376
0.0018836524124087534,0.05040719755958107,-0.02715125717298667
0.002259706142422019,0.05041539328929381,-0.018493571894074547
0.002259706142422019,0.05041539328929381,-0.018493571894074547
0.0023427780177029747,0.05059849114287214,-0.023454591987240748
0.002486228093436678,0.04934763725715754,0.06398780983960842
0.002119051564220391,0.049837128930836506,-0.00984309074480062
0.001651997161473231,0.05024358373230807,0.017600956731373955
0.001736926537309902,0.049950853962305176,0.003695910473615167
0.002197202395709814,0.05044939064963537,-0.005281575827405422
0.002186041936973222,0.05017323398052301,0.00016612615246225606
0.0024406660987891004,0.05011417921736463,0.008296194000483854
0.002395943493356886,0.05072090012541601,-0.0024044597929280755
0.0020291989038644285,0.05007735771292444,-0.023694981210683433
0.00247513272354784,0.04993604982644247,-0.004718777397927504
0.0020472379083229498,0.050516956193707656,-0.02525476081524777
0.00214163072263562,0.05019305978653099,0.017241204358472966
0.002147266267392979,0.049996201982490385,-0.00038305732727943263
0.0015689381565703437,0.05014284538260138,0.01494131102327967
0.0021230741382591615,0.04919500641031102,0.054448003490362946
0.0022046391127512107,0.050013895048861765,0.031022142691723386
0.0024078634226695583,0.04970793029040372,0.05080086875730042
0.002419702114157501,0.05007132824367112,-0.019682658238995173
0.0022998544396438778,0.04948801637460619,0.0681060668916274
0.0016989288956492713,0.0489713260288404,0.026578883229160355
0.002532665961109893,0.050179140919546394,0.04106269551310776
0.0021147786714457513,0.04935167432819546,0.008727544627032138
0.0023122512978936776,0.050122320569387556,0.044915676909461945
0.0022904377832934724,0.049950790371547135,0.03845983380297139
0.0020338534334813875,0.050086374946369396,-0.018330056296570592
0.002214204498127972,0.05076640107608979,-0.004413934172988302
0.0022342106872557015,0.050791721027961645,-0.005765118036527975
0.001952363773577341,0.04920549671902818,0.06677679334038682
0.0020584617399080317,0.04877492683018168,0.05471877486840784
0.00273959532619901,0.05056733897125568,0.035824800901836144
0.0017403892964412064,0.0493134405923159,-0.00534235069424471
0.00240307854515521,0.05047543564513469,0.014920742882042929
0.0020859274110300603,0.05029155968649609,0.008459328739749732
0.0022676871561486747,0.050311537985485696,0.016881539553818152
0.0022298791937500157,0.05035201940592699,-0.009203561745462881
0.0018693816558496559,0.048876979413051226,0.05065492503282311
0.0020493518361092227,0.04941989785041634,0.08625097309580045
0.00228090779346779,0.05000879396388193,-0.019167310002631246
0.00223060854713776,0.050135091125334,0.01348704018837663
0.0029111325102989687,0.04936955718782002,0.07386667876067449
0.0016014977142798416,0.05082549831423888,-0.051892964715342015
0.0025529461990533944,0.04973307956835629,0.012740389837405114
0.0027366431164191686,0.04991763068919064,0.019075766527624077
0.0019286471139026286,0.04988076952880625,0.03171009834608141
0.0021057848083995147,0.050323259560293224,-0.019135372894536987
0.001976510239733364,0.05069526089479192,-0.022845361932157686
0.0024118598463851934,0.05028089935346115,-0.0029416133242467554
0.0024554944650588047,0.05062613996767282,-0.007657149490670031
0.002632201522489637,0.05045671286646664,-0.03266226942269842
0.002586181473485338,0.050583178155012364,0.008904864200526729
0.002627934814853138,0.05022391382261976,-0.02146900738146745
0.002169433720611754,0.05055636623690834,-0.011007855605568743
0.002263630760822814,0.04925971780212995,0.028865438542704465
0.001684743030216451,0.049525016587803096,0.052456908416784985
0.0028794501731249085,0.05046436329859113,0.013973161601754623
0.0024459219510334766,0.05072355762612403,-0.01636725663688689
0.0022310211805717456,0.05021649523143502,0.03476375344004314
0.002753666615564773,0.049369702155282164,0.06110788144574361
0.002164913269809364,0.04947266448621765,0.01919491225886252
0.0024773008638899166,0.049823638099350434,0.0405093678141746
0.002057174674919795,0.050722844312065085,-0.023808983975193543
0.0027182047435996117,0.05013607951069421,0.002037372512991387
0.0023736584703793495,0.05022780694620087,-0.00997561632168432
0.002989670955112747,0.05035123789869621,0.00043597827253973314
0.003099180212762616,0.050508765586516007,0.004224773427498535
0.0020744865085539936,0.05049877369445888,-0.00548026455993494
0.002300649706445665,0.04962349820839576,0.008813704358160519
0.0023657324996928797,0.050989790403093496,-0.019372910956716928
0.0026577572900579635,0.05054847173552824,-0.03794690989693261
0.0026773407909780863,0.05057517535063238,-0.03325987385253382
0.0026773407909780863,0.05057517535063238,-0.03325987385253382
0.002623930855406507,0.05071140098416236,-0.025847498675489553
0.002595534319639754,0.05073481500088296,-0.025034541538727223
0.002136135880992651,0.04916597141508454,0.05067618158638733
0.0021852883088659797,0.05023810134821434,-0.016983496824942344
0.0027501439437273853,0.050154714315491344,-0.0028115204982983896
0.0028318827357856806,0.05056409503437148,0.02321349959686053
0.0017803548829467908,0.050914470126531074,0.0074608161834164985
0.0018090839550506076,0.050019033368477135,0.004319802267696793
0.0022150962670864816,0.0498865049694869,0.018397920318964207
0.002199274012853168,0.04954242589331533,0.018735363450923623
0.0017577469392486779,0.04975870739048268,-0.01464474967094572
0.0021754401838493423,0.05076062113902097,0.008622072467512894
0.0024163680145317568,0.049576807148323,0.009353762453303634
0.0024163680145317568,0.049576807148323,0.009353762453303634
0.002590822244345419,0.050885710799175886,-0.006595532372847468
0.0022058176619439126,0.050113255358667265,0.023228205936174067
0.0019092973184406158,0.05056295399600882,-0.047175575289110046
0.0028630822460544523,0.05066680370419098,0.00873643480018245
0.002262570423181252,0.05011635508469604,-0.012645000379498787
0.0023974940926123262,0.05002576488967722,0.010931057049796033
0.0018363350909437093,0.05041846238684624,0.03525306321323199
0.002140858918421421,0.05011261827269231,0.01653419897790106
0.0018645495280362326,0.05017164493699692,-0.0051990910586724665
0.002285291729765922,0.050576855735304994,-0.022737845568983724
0.002047324913661591,0.04978457014931767,0.016972152498837594
0.00258223376078776,0.050287950887774165,0.019964112845356197
0.002321514504060174,0.05045720563040545,0.029657870255498906
0.0022317535861363464,0.05062410940267878,0.00973687018789467
0.0023158090466627586,0.05030120527945899,0.012060386291405453
0.0023296878681566767,0.04923897207019062,0.032237407565118247
0.0020870283066932002,0.049891507789144834,0.04938619868433864
0.002082346512468408,0.04926267023282417,0.034006198211116834
0.0018716312971549481,0.04998260381016755,0.036651091976076744
0.0021092325116049255,0.04942047986667881,0.025380915660087627
0.0023288855740054536,0.04994358866968445,-0.016061525500201693
0.0020787689181252646,0.050302108987986226,0.006148402499812091
0.0022040135218299142,0.05046550210179152,-0.015505393009914251
0.0024806508354645804,0.04933003651497695,0.048681943255501466
0.0021227323400983575,0.05035624815047938,0.00143510699295464
0.0021490918522426433,0.050450850297590624,0.01057557952950405
0.00205573666086831,0.050273675242882704,-0.005201677620414296
0.002326795523542577,0.04968233551869893,0.03710178406629096
0.0023823135747826816,0.049532631306501616,0.06816316568919073
0.002195224786568365,0.05084652342662104,-0.003194387499224303
0.0020383412786523837,0.050887915863807226,-0.024954237259538686
0.002518382318902815,0.04970313231143993,0.02890555369103937
0.002207812984762618,0.04960933568235532,0.030882947686892842
0.0017408744583115342,0.05048988933048377,-0.020882653468753867
0.002493209083849755,0.05005299865791918,0.01277880899992097
0.0029387035604621177,0.050169670519196755,0.0044617515140462066
0.001502842770065018,0.04923097872205966,0.05331807941610617
0.0015489391226735185,0.049057681817115124,0.06062795540720816
0.0023868390275355133,0.051495948362568385,-0.04439191070000664
0.002011384545099524,0.04905103478691704,0.1047225154778949
0.002129566181931226,0.0489093484367435,0.03046407126896494
0.001806208687370784,0.050139270629583906,0.06656393466541421
0.0016989458236582645,0.04870450391986412,0.010179285211950313
0.0018801051312551092,0.04926505677076769,0.03907907612197217
0.0017485968828141625,0.049340240105299964,0.05168507259585242
0.002596390999812569,0.05029617145290861,-0.048633924247300175
0.0025918999467559995,0.050961643154869035,-0.009304431172388262
0.0028827499969310845,0.05090101435593927,-0.035012336608424545
0.002200607992551435,0.050190472944334937,0.014830628454328624
0.00239399555424238,0.04881153964633446,0.05061079579540097
0.00261442653142912,0.050682193668241726,-0.02989218482843141
0.0029114614168074295,0.05040363226016346,0.008842881716166307
0.002114687692575649,0.04987710343656209,0.015218823900821011
0.0022929090047975505,0.04939536307381248,0.024758711172676258
0.002080713720692323,0.05079319519265053,-0.04797167229942273
0.0025590907232059218,0.04960196385043514,0.04255452515415876
0.0024148628969585654,0.049354750933775234,0.03281874253575149
0.002328377962201423,0.05066159586307176,0.008367666364058151
0.0024838177393492664,0.05023164334886101,-0.0027799492634410423
0.0025713443339840025,0.050511176732281754,-0.02079917641294448
0.0019679088392317834,0.04986161306083647,0.007748511655173356
0.0026635204944566084,0.05033840228111451,0.0005222327533872334
0.0028433107883809277,0.05095162621784826,-0.05144882885188675
0.0025249546167610566,0.051040068569614815,-0.01818109164820408
0.0027421266219022997,0.05057621306364365,-0.03917033713957558
0.0021637672253897668,0.04964055692390108,0.04823655363822085
0.0018012220726124606,0.04959890703998046,0.03545836988461938
0.0016240064428506957,0.049550230246408915,0.02231586902748431
0.0020438497080611973,0.05036873705140873,-0.006530947178277355
0.0021575850211208876,0.050374493883742495,0.02196828698004366
0.0023833165743668834,0.050405834114322076,0.038262784391200025
0.002071460893038414,0.05030402284789543,-0.026872951136508397
0.00206221209587362,0.05036304909872087,-0.026985953658213126
0.002792971831277287,0.05069752716293902,-0.011331712484153445
0.0027400998801546915,0.05009780689607954,-0.01654959158522237
0.0027813063710641107,0.050920291063710446,-0.009775778530717137
0.0017525475200265259,0.05006526622828964,0.021198426441907184
0.0017355666433884298,0.05002186820406969,0.017872327864924497
0.0017355666433884298,0.05002186820406969,0.017872327864924497
0.002902605104698939,0.049786713641351295,0.04002414824392864
0.002355126541976947,0.049922227170585635,0.04663913622584738
0.0020660416430006725,0.04920285570397959,0.03311755504485183
0.002560152268673915,0.049635109178407834,0.03973608782568305
0.0023041912672287883,0.049753045018392665,0.0063911760436901645
0.0023760593448577646,0.04982104537082123,0.0059884860487987475
0.0020186854516740472,0.049881492234043194,0.003144963174335688
0.0022513813363531504,0.04913435461750042,0.07734192358930435
0.0026645675801135167,0.049927368407838714,-0.0037820727453251866
0.0029667440108280384,0.05062425589008867,0.026052374990359638
0.002439377867930302,0.050227017278486316,0.0003972454579707808
0.0025436834675087675,0.04988622180282412,0.0009316887402441134
0.0020202106188167025,0.050516496370834024,-0.00037910804443224685
0.0018584660819676944,0.050051915130056274,-0.02009518623026013
0.0018461252665056892,0.0501655946128503,-0.013941941147953487
0.0024077784210938266,0.049521288427471624,0.044155035618908614
0.0019746873542175586,0.049929572444252404,0.020193946967687157
0.0020667983718110658,0.04985493944597359,0.004637195183830576
0.003088864592213037,0.050955507031256286,0.023417718518675922
0.0026354394915337545,0.05084021278387421,-0.008247929044205482
0.0025846655832266266,0.04944042436941375,0.045184209271201876
0.0022278460481418567,0.049463946007511,0.02228848799177181
0.0024958421463250917,0.05042187692233836,0.004957180334271545
0.0021204795710838484,0.050199896027140985,0.011994686829566368
0.0024135268284729183,0.04999456043596744,-0.0031300180956533754
0.001980205441417618,0.05025064355890171,0.00443993132252257
0.0019129565712471812,0.05035623687902985,0.006957610225781376
0.002075016674145179,0.04992190371089294,0.030486824392243678
0.002234235326076699,0.05026279968191176,-0.014672974612537165
0.002179307987028377,0.049633704203946104,0.027045894450451535
0.0021712383745853877,0.05009934126445275,0.02230599375507649
0.002174442846153633,0.04985711698640836,0.06133997046919582
0.0025027572198562573,0.04869295797992656,0.06187731713623115
0.0021088889995575823,0.05024543227697862,0.013874822266592396
0.0024409997044515137,0.04969509323737103,0.041119107342179176
0.0024782047642214313,0.04979511603244189,0.04413059419880023
0.002281172703381853,0.04963468784273951,0.04229167272548433
0.002463505059329955,0.04978354746977347,0.024797811110831527
0.002146230084876018,0.04976874483610949,0.007186971066262
0.00220227286074841,0.04977114587730142,0.02998236917509937
0.0024916013015985907,0.049924524448894156,0.022438075251775845
0.0022676209293171173,0.05019162366955957,0.010540962652159666
0.002102249949413122,0.049218709087253926,0.02446516236495693
0.0022465669157661935,0.05080453386846651,-0.012709610228935351
0.0024183673678546246,0.050170951738777496,-0.024680908695570707
0.0018392367141714897,0.049668184868773974,0.028414779928073248
0.0018450988179925867,0.05093389320188729,-0.03977700925569246
0.002669308421490491,0.04966453909249888,0.04087174518404401
0.0027661606915859002,0.04974305347746296,0.04667430546714135
0.0025194516621326692,0.0497234925527953,0.012497969400270913
0.0023656935782267957,0.050510123437063015,0.025975670260179
0.002787253971427919,0.0505330476964239,0.020441104590660834
0.002850164280590572,0.04984621628603508,0.02721143785199359
0.0027903021923651188,0.05023267626238806,0.03905890611158398
0.0020129489969088997,0.05068702982556506,-0.007575156766142971
0.002575674888247368,0.05028298977238722,0.014218457220579905
0.0027430683169627043,0.05039205901674337,0.03364027517963337
0.0020312839280504924,0.05177488167774124,-0.06757264460535768
0.002147027629101431,0.051542246315899536,-0.064679130695522
0.001794724866782137,0.049351896213285035,0.01791068082092491
0.002780873960835352,0.05029700918147293,0.014360250597827421
0.00204664727973025,0.05017855270126537,0.010163924656006199
0.002364403910145246,0.04928192378630983,0.05183762359000095
0.0023745970187475907,0.04969924986783848,0.06040244867996655
0.0023764438249439437,0.049389738927450876,0.03709277137519265
0.0023128825914510843,0.0499700650816981,0.02862209615189672
0.0022621655798247707,0.04976350199970393,0.04874383264484967
0.0022013205737225414,0.05079589883690796,-0.005753253414428311
0.0025763598322734245,0.050422243217374714,0.0010317028333535973
0.0020738231549959104,0.050226711383455434,0.005700815363701335
0.0020282951691905043,0.050216323964908174,0.008132051446639794
0.0025762987505642755,0.05056900135584154,-0.007108396518995183
0.002660676361789718,0.05056777292698297,-0.013801850395113602
0.0026966989205305836,0.050735260720111496,-0.03237194491480085
0.0019594575256748274,0.050650278659187586,-0.02329342111383477
0.002056398233121925,0.05109093751847281,-0.00798960337967788
0.0021043045648403663,0.05006466470113103,-0.01353700553854177
0.002090926557192201,0.0498370548867656,0.018706638266361975
0.002177851882009293,0.04962928373879136,0.022153589315038
0.002527215826765566,0.05053531181222889,-0.0181563899106446
0.0020329198078112816,0.04995936848402899,0.008838724994976585
0.0023272600484753516,0.049787974678198794,-0.013459617372248234
0.00273789692648695,0.050380298222863856,0.03668284370995388
0.002320028406846235,0.05019749887974878,-0.01687267619416241
0.0021775819212608506,0.050292254765388726,0.027319453783053567
0.0026041605627439147,0.05057523242533759,-0.008257404470861844
0.002336107268457455,0.049808585721470004,0.014705886387307483
0.001873540711659911,0.049438594208354954,0.03905575197433765
0.002127172248919687,0.048881849773049255,0.053440508304394486
0.0019067147226531052,0.04933776296609407,0.05605162345107223
0.0020766602484775616,0.048522003244651314,0.07113893481670723
0.0018826521354037649,0.05005710932871032,0.05512556773832147
0.002481900052711737,0.04979532414371764,-0.019841973421245284
0.002210773808408857,0.05032462086131137,0.027005698251007088
0.0026116167742362578,0.04962479652386431,0.0008867850351294646
0.0020831392591806777,0.04957878158755627,-0.003856131983240646
0.0017011222691169937,0.04911646322968995,0.07359473088060353
0.002345000932811236,0.048818615714660236,0.04931299822578996
0.002338501447371658,0.04871188776117346,0.04725183585623487
0.0019414548592528984,0.04851161639478471,0.11423381853684184
0.0019509443664623228,0.04851722862466431,0.12312464522480289
0.002401132764700417,0.049867701137311926,0.026661829633931062
0.002486858479710022,0.05019158929116885,-0.012154280747278682
0.00236694168085462,0.04985515938088423,0.024751883256115048
0.0019463228774159451,0.04989326882083913,0.03887037585102911
0.0025020300975315364,0.05000772652824385,-0.0018103666978968942
0.0018761967100550468,0.049743551459472145,0.010738404738940603
0.0017270240753246915,0.05033622333060166,0.0031723975153342423
0.0027106378502972364,0.05052369343374163,0.0207455466504602
0.0023990484400899024,0.050120350447752114,-0.027077740872818803
0.002620316143951942,0.049282170061087385,0.03172719575500399
0.0026396402571730285,0.05000277931452917,0.046347228252703154
0.0015426124805064437,0.05143131132619697,-0.09941887645518459
0.0017956152384917675,0.05204980796071574,-0.03356255909206425
0.0018467932157698425,0.05065787987201643,-0.06022281224894016
0.0018227380138418868,0.0506270295985226,-0.05478253559076866
0.0020668494887586073,0.05090953057034842,-0.02217389229559395
0.0022323103806630895,0.05109038489439718,-0.029800360790689862
0.0021727981201928107,0.05154483870876872,-0.032134288924113394
0.0019042912735224285,0.05127070047751891,-0.03984543437050023
0.0018813766533666307,0.05138284999958212,-0.06987559697019044
0.001823626144259885,0.051938022480137624,-0.06947274641341478
0.002244704303045715,0.05092491275434731,-0.019034284430549903
0.0025571464848807464,0.049394535409875796,0.02296648514750803
0.0025995171198469214,0.049562821067268066,0.034554215897123555
0.002760254305237007,0.049465075057499655,0.04996394495866837
0.0024825237220351313,0.04919009343166945,0.05399940819045024
0.002300555336855028,0.05075548075445608,-0.024665564697343916
0.0024635045737167035,0.04969445163384178,0.04181382827039675
0.0021833431845788677,0.05122549592440099,-0.04052268184747274
0.002166344752180322,0.05102171759596366,-0.013599272326324482
0.0019672052184629236,0.04993863659057839,0.029418130334872592
0.0018306212805533012,0.04971770131857564,0.014840373129994238
0.002198795181704512,0.048862361464977105,0.053224044110696304
0.002691366646828046,0.05102793512002278,-0.005558794144782538
0.0027974217312212247,0.05034686847425974,-0.03960332791124122
0.002398710031431179,0.05045658087518143,0.013647767667712474
0.0022968622243300387,0.04907702818966539,0.05133637018293385
0.0023984276576262628,0.05015556230172433,-0.020177560535928174
0.002543276169980726,0.04990257595462369,0.04076776811852765
0.002503919087682393,0.05029147808318724,-0.01438033229127133
0.002487191921309987,0.05052621725529867,-0.01085481420736403
0.002366855594535884,0.04993267593078103,0.04343932747370495
0.0027346488828617556,0.05034003992746003,-0.034902993194091854
0.0024324106138805418,0.05059585008215682,0.005038279843153261
0.0025887636641693233,0.04993528878016024,-0.009446585704932443
0.001543700886649735,0.052005636953129174,-0.08384652671636299
0.0016694539385093588,0.051077097456987575,-0.06581228120012972
0.0018841900122881113,0.050750090119618986,-0.022172490256945735
0.00198696427322458,0.05037430256512759,-0.03966711456808699
0.0023421353083059367,0.0496658833674857,0.03472609208449955
0.0025325140024314518,0.049409519696080546,0.032049270490620375
0.001766998259605014,0.04942133576642814,0.048627551363344505
0.0015825995886556226,0.04942548482038133,0.06115634120359141
0.002006346864620275,0.049670449066222006,0.018176657218885027
0.0021993859101999873,0.05084296319593235,-0.003894655237344151
0.002286325504431132,0.05066456249824518,-0.01315061096541547
0.0024023325687184227,0.04978457000169951,0.03479728223963403
0.002640538106938938,0.04974397901945042,0.00489519504751662
0.0024025119061083034,0.05086218803344367,-0.007995792878545578
0.0018438846801941897,0.049490639691300846,0.016695834380255486
0.0018470516803926911,0.049371345598289325,0.03699873072513756
0.0026321740788331294,0.04930946325183032,0.05533245650954284
0.002420104238992138,0.04991199023806112,0.004749415256437037
0.0025867089860668355,0.04972578488782924,0.03072341914929282
0.0026202588449554458,0.05015591091653805,0.03696394499095858
0.002799406331566093,0.04986812046156091,0.025810376096484868
0.0018847439381692891,0.0506591135790714,-0.02572787948975193
0.0019837975384476196,0.05020250695228748,0.006511709637794986
0.002341228545723128,0.04937344254417182,0.0561851847558015
0.0025823413498463456,0.04889795174015611,0.0690903191028843
0.002572743409875164,0.049463863291243665,0.05291258049060095
0.0019429849290006494,0.050525850778231,-0.020612606448989337
0.0026473628583647615,0.050421430649271966,0.011433394945402105
0.0024951953527040218,0.049734531907573765,0.010138667875534017
0.0022256716151433527,0.050883099818606156,0.0055399957980209495
0.002308154156855868,0.04951177934107684,0.013941059388519295
0.002628288857155394,0.04938220763329423,0.05906250269279854
0.002476068623430261,0.04911210277478966,0.053778896542217354
0.0018604525192387697,0.04947849062902095,0.022520887835640307
0.001809811824856897,0.049687528710214666,-0.006300447154355985
0.0018846921780189827,0.050234972441165066,0.009880338838230602
0.002082758398975912,0.05066702420806279,-0.027062267126031082
0.0018316916388523975,0.050049699099321165,-0.006729930077031836
0.0025522612290115976,0.05066973120383489,-0.03974811627323928
0.002424183044046341,0.05100527567103525,-0.03359334064962013
0.0023884517538963392,0.05104256203527875,-0.02718207550756646
0.0022298413433622702,0.05017447651578468,-0.026535646495498305
0.0028087004294424407,0.050436202455352394,0.011445674261396551
0.0019597274830122162,0.04914061197897741,0.05408419114965456
0.0021822598498174774,0.050156157516969814,-0.002123244295081318
0.0021822598498174774,0.050156157516969814,-0.002123244295081318
0.002873020494998492,0.04957298170969185,0.036773799854957274
0.002712250384077415,0.049579293580624614,0.03535818063521639
0.0019326248107209535,0.05023476403699265,0.004140126804382383
0.0021077650962694656,0.05000586697875425,-0.007085471296339852
0.002190437281359606,0.05012597388617406,0.012380632042780065
0.0027519372191202006,0.04993805252848735,0.01787734189589622
0.0019988480058086636,0.05008971546016739,0.01015005572620456
0.0019594467524939154,0.0494568025359913,0.019558738204319328
0.0023712535075586113,0.05068854798978879,0.013901784138464077
0.0023712535075586113,0.05068854798978879,0.013901784138464077
0.0023425408408701497,0.049988683268176716,-0.01333845371903157
0.0019639585613348064,0.05087480641930284,0.004466669359280348
0.0019046879862289186,0.05013043161446146,0.0026025597055652516
0.0019070971540861138,0.049820730725352445,-0.015360709311879859
0.0019070971540861138,0.049820730725352445,-0.015360709311879859
0.0023947460693156215,0.05053698458773149,-0.005214616595045839
0.0024009215516252024,0.049736026879514415,0.02434330050673966
0.0022656902837569315,0.05047065163403004,-0.010705007343205538
0.0025946971318189156,0.05061542882597413,-0.02336422554920328
0.001967739315155665,0.04938446407874309,0.04996835209748626
0.002204528620053123,0.0487312765850211,0.04338130134471837
0.0022691589183839716,0.049413348793237194,0.06359821958904696
0.002473368476580033,0.0493092585204669,0.02407451405917309
0.0024970940060134385,0.04910176905022037,0.07425351342906421
0.002630140928423127,0.05017618661628395,0.000497723370261216
0.002560112147532491,0.049977593558070396,0.01128633940217871
0.002629064068135018,0.04983268326344696,0.02149387852527584
0.0027111247108204703,0.049548384950567036,0.0543819313500568
0.0020613735922806096,0.048985548053011835,0.04297175808084922
0.0025895718630255015,0.05044801105199514,-0.020428729353833185
0.002885692009861642,0.0506288998326837,-0.008568249608368774
0.002885692009861642,0.0506288998326837,-0.008568249608368774
0.0030548381291036395,0.050527853635963405,-0.01586944164462667
0.001516510004742289,0.049212879079122994,0.055025677963719336
0.0020657308567890017,0.04899201636498943,0.08431265827685401
0.002038725119860824,0.048582542455460086,0.07717862874609742
0.0022009501972230757,0.05010693469768755,0.005696796103728789
0.00206435884726064,0.049529579876231154,0.030259776441604408
0.0019557778429572957,0.04960644966939114,0.033677766375366784
0.0025177551527351396,0.04983692499205656,0.03438224586413913
0.002313524753170379,0.0493728103514527,0.03080240031618006
0.002086500751285218,0.04931309935236202,0.055205194737596344
0.0022592382906994222,0.050416695598968754,-0.01638940299626859
0.002453367702260108,0.049681939367621684,0.023578418457010066
0.0024247381179299003,0.04964127604738447,0.032887196244809555
0.0030001084638690985,0.050229042353704845,0.004902179680106588
0.0023209677468871664,0.05055858767731388,-0.016669998993217208
0.0025257431252026863,0.04963273114004653,0.03222210027749268
0.0018733773805725755,0.04975688045567655,0.025784304143041958
0.0014333409201089935,0.04995440302098603,0.02229556397007783
0.0018143590235379838,0.04927977520890517,0.0019233527548143715
0.0023202750287605036,0.04948790199028995,0.06509704621212262
0.0021361358225314023,0.05131419470199328,-0.024100829933117556
0.0025414625178666163,0.04919260163082554,0.05020116414740962
0.002364130830461882,0.049496382915451755,0.036686201437829954
0.0022042176143601444,0.050201120405093114,-0.006227314893268966
0.002126083537338056,0.050429028397232796,-0.0366522257745863
0.002393573052215664,0.050391912411552886,-0.012163939425645325
0.0021494551412332163,0.0510770205422563,-0.0004958403141783711
0.0022821401686572563,0.05037249129779476,0.01138486607164499
0.002457493516742631,0.049947185612820855,0.022090611374287392
0.002362979200246945,0.0507901525468031,-0.0069468629876372175
0.0025204986619474477,0.05020745763453991,-0.008411074811454975
0.0027389856231146686,0.05064966295648966,-0.017533574041717143
0.0022153383880485536,0.04948232166797685,0.03428261278223064
0.0030203431335530926,0.050284907886030246,0.009055653536632957
0.0022999355381214033,0.04908367969451157,0.052231149716033376
0.0020259489751102136,0.050629962871498825,-0.02690875858233341
0.002076052152733543,0.05078735467573324,-0.04247364603529999
0.0026433991815357203,0.05042843362763231,0.018328739767180285
0.0027021927121466164,0.04953284841188906,0.010900780003211676
0.0022176792181533723,0.0485762867130238,0.060513082345609544
0.002310546894595792,0.05056227697536661,-0.04184090507800258
0.002175627214823421,0.05079979571400123,-0.021463992441524863
0.0024795966407387144,0.05019781775522843,0.015234038155895227
0.002376614611592052,0.05071732016553137,-0.03506256841895849
0.002496076700507769,0.05023069526510402,0.0252101600652543
0.0026834900665488044,0.05031937631077707,-0.008981223670025566
0.0022197017132006883,0.051092388034264094,-0.00324989755690287
0.0019490598087732677,0.05045185822067941,-0.04957284123161676
0.0019678050172292354,0.05053740118747625,-0.03604205738527634
0.002601818613546791,0.04993806804248007,-0.0059110520763044835
0.002281511219703623,0.050275186880973495,0.045914475215744474
0.002601177244555898,0.0498233768152741,0.026236718676397482
0.002210151388512612,0.050790283799944706,-0.01893045465685119
0.002210151388512612,0.050790283799944706,-0.01893045465685119
0.0020817326061237295,0.050125533704028565,0.002400215844820176
0.002600379777000781,0.05045135080446644,0.005142270398544343
0.001723555977893784,0.04957064100154338,0.013861623102253562
0.0014784407024060764,0.04946662883843812,0.04383779395758029
0.0015338433436820928,0.05029552609342646,0.05574097569467036
0.0014247499043306146,0.049719708222528865,0.03105733984078126
0.0013585433553256496,0.049467954319592715,0.02777259259297918
0.0024840909414483906,0.05141332072734342,-0.03866395331483873
0.0020131510643124216,0.050047929294708395,-0.028792880227449757
0.0026212753187122573,0.05026327875815009,0.02421114166755236
0.0025617646401638002,0.04988105973993197,0.021899005951669902
0.003030298178130924,0.04996761815593731,0.04886755018168238
0.001843716019888535,0.05093230394771514,-0.07846079252441583
0.0022180372123367705,0.051498278161201345,-0.021309352547624588
0.0022864663041620302,0.05062122026536283,-0.03504723034216204
0.0017998684356241934,0.05068636134903633,-0.008194834993020067
0.0019836067736483495,0.049352466269428755,0.05018629975175134
0.002238605054545271,0.049368022558051276,0.03148996577288447
0.0021388929002965885,0.05067159659179069,-0.002989726413186325
0.002660120154562865,0.049376212267211346,0.02716714148943125
0.0021155750790781574,0.0497575370831014,0.05691137848344218
0.0020406249334057195,0.049556722751967895,0.061891580780375724
0.0021079803935420095,0.049075631558781155,0.07041591317410746
0.002189412072281436,0.04860161267092841,0.06285112813095857
0.002318720212574644,0.04872146209216728,0.09630245661667633
0.001816585151130906,0.048722361819993655,0.04894838274995661
0.002157699346828561,0.04898049373622028,0.08139018121607867
0.0020084679335706304,0.05116701845073257,-0.06033910026417137
0.002103189808004447,0.05085180671701831,-0.012381303200727535
0.002442341853655717,0.05147822834262513,-0.05814337408457087
0.002726661677443152,0.05130823008850952,-0.021457833417071876
0.0018321018198171528,0.050562581157969536,0.027653706744842275
0.0016945958849989224,0.0478933173733646,0.11870177906997773
0.0017035308078801913,0.049116038231986354,0.03588172545178027
0.0016652335821952678,0.04902253561194541,0.031909483257491204
0.001963987167669507,0.05046303655171492,0.011988972639775053
0.002176821482754177,0.050017611716382006,0.0029098869914146144
0.0023549555111676127,0.05029748060072776,0.007499297304284813
0.0025515536304404783,0.050279174823207234,0.003983783582173339
0.0024411391647334,0.049354463625264286,0.020100769439279804
0.0021004063717870824,0.04984259872858125,0.032437550728366196
0.0024452965024608325,0.04998915961693997,0.01246406841862434
0.0019992043470176257,0.050007977336381085,-0.00660673354376631
0.0018180970020960068,0.05040207207807437,0.016873255347372423
0.0027828916877894088,0.05011326677168096,0.010849031672529964
0.002566931327765501,0.04946706191346412,0.04493099639608139
0.0018881192769258802,0.0497289234920836,0.016384673105645117
0.0023174072127879757,0.04982641224538928,0.04285903866262465
0.0021562543795965454,0.049798025924947406,0.029946096754787873
0.0021559031197066576,0.050237642176327924,-0.016818792019432677
0.002586643762501055,0.04968032381680846,0.024634438158732543
0.002428937505485491,0.049255888231181384,0.006381937226147558
0.002515413936892297,0.0496205687162151,0.021792652417629253
0.0026233975245212064,0.04940557805516565,0.02772485102518749
0.0022325589300991504,0.04988808038760945,0.06931931291118151
0.0020410121821241973,0.04960910343800741,0.016234852620700273
0.002361133172171322,0.050202012633147455,-2.2646409347118545e-05
0.0025322323386708905,0.04973337823084265,0.04119433303649761
0.0018179007775850039,0.048988526024320134,0.027369915980978373
0.001993470747215811,0.0486510274460065,0.048425438842412905
0.0018678753673638472,0.04862568389986524,0.07490459855871685
0.0017683459908446868,0.048988280648197706,0.05349363929317278
0.0019578100672488358,0.048895431158713476,0.06621181409778744
0.0022409827628301826,0.048654100552526475,0.08420070376199706
0.0026994644781040042,0.05011907313321577,0.025372080661797376
0.0024193583690601595,0.05035993918841627,0.03664342629647805
0.0026599645822055584,0.049438304559004435,0.026517413326233027
0.0023402179920047053,0.04962391487068607,0.024479919454239246
0.00245879706828295,0.051081550579993286,-0.038666983282164585
0.002090927494096723,0.05131750008695329,-0.05598888628695512
0.0018663846706203156,0.050937100371970516,-0.026451830880876225
0.0020029312083511713,0.05008878663031463,-0.001969489744538524
0.0019048097825031518,0.04999215908597302,0.003252215336560437
0.002019731494707172,0.049831888850576656,0.003778734043426204
0.0021428537753995364,0.04947378196216847,0.010219010446694711
0.002567308324340542,0.050726934492559266,-0.005113288430965624
0.002472429913618989,0.05019716782059678,-0.0076339792688647195
0.0028936141258291354,0.0504016720994545,0.028440855444695247
0.001645124288086875,0.05045309818644205,-0.02171887381535896
0.00266430741163528,0.04880178296828123,0.07439139531173931
0.002498444404826823,0.04890661186669048,0.08485121679470796
0.002041615708112606,0.04896837867638743,0.025451182082354317
0.001925884301445253,0.049530074676037435,0.05095861921503264
0.0021478100677309237,0.049931314548404146,-0.005775304994568132
0.0024320879412779843,0.05033458253557822,0.014977140581446459
0.0021910378490488302,0.05004057447047814,0.0011722482891979265
0.0018331172132045527,0.04943313523901,0.027263307533005342
0.0025732365271570225,0.0499536527057405,0.03181288943785006
0.002001231623560037,0.05015807054180225,0.009865135124409397
0.0017576291565578892,0.04988074040073617,0.011478647410143372
0.0022837656049454528,0.050229696832287556,0.002939654247076133
0.0021724310321851858,0.05008749786278852,-0.004441300320273144
0.0022529652814544414,0.04978793139505889,0.012164216378466406
0.0018047588101516878,0.05143177672758443,0.013031117086504887
0.0018943443278229566,0.050974024133725086,-0.037440091871387464
0.0018782079538440322,0.05104071865672789,0.00012213356265273722
0.00200623773059367,0.050591447745389026,0.014132387139187826
0.0020350464794022054,0.04960370871098952,0.0017040168235231035
0.0021102452376467137,0.050381946351368806,-0.014828571143668364
0.0021828474206980835,0.0493736089955501,0.038688989351528424
0.002142446663186513,0.05049742709733717,-0.01563999618069459
0.001980489641843596,0.050125008183373815,-0.03326326892358555
0.0019862685392303763,0.051100571876620086,-0.009278476214987747
0.0019461080805219112,0.05130803936277764,-0.008878763834717916
0.0024444879405228154,0.050112785421346,-0.012576883408736559
0.002414075122674626,0.050167579449230885,0.0016081688688993597
0.0027397094769435566,0.05043924804211775,0.012246039638965256
0.0022661060202749835,0.04970532200242009,0.024983956314480416
0.0024364000566690453,0.050091761036890024,0.024710904584798007
0.0023286124299461064,0.049898864874358004,0.004458316435087766
0.0023286124299461064,0.049898864874358004,0.004458316435087766
0.0023286070781731324,0.05036453324906874,-0.0044987020210215485
0.002355149690296896,0.050667100609422984,-0.026839663215136162
0.002365786005667237,0.04967877688364167,0.023460279812562698
0.0022919878966128093,0.04990437803684527,0.028067016253945306
0.0022919878966128093,0.04990437803684527,0.028067016253945306
0.002276430909336413,0.0488986673663342,0.05122790626718051
0.0020621094701379445,0.04852044088692943,0.06425096341073532
0.002181011946766757,0.05018845095365073,0.024881526443268045
0.001986901470083979,0.04904525540212229,0.06971123619428096
0.0019480409809953657,0.04917150530032448,0.03840564046403547
0.0017310944889288072,0.04906343585576259,0.042160696337076635
0.002835765253529231,0.049818462855617196,0.008360622223872488
0.0019225297634670238,0.04985865353784598,0.034333531237071474
0.0022502106017793224,0.049611691457573236,0.02524478591256948
0.0021847286952967537,0.05033893375485031,0.03549049109931828
0.0021170134161778613,0.05068979302122309,0.0023540522433841966
0.0025448466196342904,0.04986846412705956,-0.006190796593948744
0.0020055147097071744,0.050739994571281595,-0.035454021630549094
0.0021560654341887617,0.05070752826721165,-0.03557103787247631
0.001914533088771298,0.05044873950620278,-0.002131602092855085
0.0019755391421332064,0.05066483393075928,0.007729054176445201
0.001963824826944346,0.050270391975189975,0.00916708051522934
0.0024247943869458396,0.0493428158899447,0.06503257364793134
0.0025708191134909317,0.04945827045159222,0.07989028448413642
0.002567815507844215,0.048772121314108116,0.045149803886795875
0.0018137295005002695,0.0515679660026209,-0.05613591565366741
0.0018368158195130179,0.050984874371701995,-0.023749513625076966
0.002934944174311075,0.050373035134714784,-0.009639799716750618
0.0022473891480319437,0.05047667448727923,-0.005474148560795019
0.002478235307509829,0.05024336782581354,0.01773510663614255
0.0024002956127026766,0.050034782717275315,-0.014761755503250361
0.00231578547309084,0.04932746054122617,0.05143243795335478
0.0018618445219671788,0.050841792862977804,-0.03273583566958527
0.0019486030041492189,0.05055179268643123,-0.014063829821854609
0.002005829025343,0.05033759401557565,-0.0056968456525867475
0.002476762366491965,0.049453111501926265,0.04637263608217008
0.0019932885848125883,0.049467257309328425,0.059008856937119596
0.0024066173898064603,0.04972495167758408,0.005432424912293397
0.0022388639471428895,0.050495029272055424,0.025962338606302374
0.0022752824938684886,0.05016083297141929,-0.0010506789856377157
0.002413837994283529,0.050766338178765906,0.014198470754089792
0.0020424223115448376,0.05068092360395638,-0.018359249713481095
0.0020430296874471045,0.04974374825209047,0.01608630587254996
0.001903076462693256,0.04986413788947419,0.013801019589963907
0.0019583088164772935,0.050119277624905936,0.06417828521289859
0.0020626373269189606,0.04959282065594936,0.0327906010750426
0.0023808899395509763,0.051063033115376855,-0.047906025547232244
0.0018735241057538188,0.05002483559024604,0.005522411300241619
0.0023881414444801344,0.05024505468762474,0.024791745271194925
0.00208113949472687,0.04994767933711472,0.04052203534154308
0.0025009777191862047,0.05064478617364855,0.012907154678505162
0.0020282636043790297,0.05119176305692418,-0.026829905280885906
0.0026744683053774145,0.04954233755013319,0.04244840509026372
0.002370351183968043,0.0493050692636127,0.04684304819024756
0.0019705992754178885,0.05037884330344621,-0.01801953677646058
0.002762319397110802,0.05012569508097094,0.01560769700871171
0.002210589217243333,0.05028167810221471,0.018695672657656814
0.0025531987637753615,0.04987483376565798,0.007425897940189491
0.0018047188973547572,0.049699259027975506,0.034127684384935714
0.0025373221999239,0.049987882478549975,-0.0029607501972544778
0.0027223870353142885,0.05053300150519466,-0.0015059365758978871
0.0021034005089848084,0.04972375812033451,0.03799552643716577
0.002149100047037518,0.04965669976617945,0.06227318032831089
0.002290558815211506,0.04991981247527733,0.034325546136955376
0.0023776769905659357,0.04898644979621588,0.04415899599481116
0.0025541269595889546,0.051019019172870744,-0.038054315955527704
0.0020027275970825324,0.05105239349484109,-0.04714653772004868
0.002451921642226237,0.05080572896975945,-0.0282988833935243
0.00227844853277378,0.050616077118745335,-0.020514075082272813
0.00228869011364571,0.049976971495605364,0.02088057275949564
0.002282780617552191,0.050262835807662616,0.02253492815823033
0.002488317597571369,0.04993219722506516,0.01466265798661183
0.0026322926004756653,0.049929461614665716,0.021040009523531116
0.002486338249110053,0.04969042328560244,0.020918339981011683
0.001830847816632423,0.049543262642112056,0.03613635097492593
0.0024387843008076477,0.05075301308958668,-0.025066064372382915
0.002483209492732988,0.049932725363811485,0.0014249341581333383
0.0026639682939450927,0.05073974634273983,0.0055428974863436405
0.002527530104872559,0.049979894900374175,0.006443780807887168
0.002017108623973737,0.050310100284611324,-0.0018375319973657873
0.002683231727265386,0.05006278055512912,0.017785064645228495
0.0019537564589949406,0.05078673505151228,-0.008055566862617962
0.0016350713215882203,0.04927758534825259,0.01541387576673382
0.002958719104911906,0.04941762898257119,0.03545230349763194
0.0028059187321699086,0.04952859607842439,0.10314706835455299
0.002384690277831217,0.049676856356083716,0.06141500861746484
0.0028745064735189656,0.05023163405111361,-0.011640725134717273
0.0021963362599519165,0.04979387269299672,0.0346525912009207
0.002446112965802188,0.05099738883378433,-0.02592101883452052
0.0024244916961505686,0.05090604274786275,-0.06220162356891793
0.0027710805145062687,0.05099771294778597,0.006203062759832207
0.0018344455972183636,0.04987741814945048,0.03227313861406632
0.0016347261308215957,0.05014900391030524,0.029353971110805396
0.0018928280913982874,0.05084071473343526,-0.03863583414105284
0.0016427884510984536,0.05051138403477562,0.007146584074815596
0.0015677991941412323,0.05074697975416172,0.01756133014418516
0.001989747105426465,0.05043450250941079,-0.01738454753788163
0.0021061450732452807,0.05078055052562,-0.031091927206817187
0.0020598658470861904,0.05076542069323083,-0.012472348564091145
0.002421078928659437,0.05010248050022552,0.02965263974273979
0.002252896344630392,0.05060412746173841,-0.0007173546821101913
0.002315474230760216,0.04976666201080475,0.012323172788132107
0.002623764502934736,0.050245969552247464,-0.0019677759352496682
0.0025119416238834377,0.04963500289892361,0.04643798118739932
0.0022497830823727553,0.05009557896200077,0.020274321458038713
0.002367029869823398,0.050484035711021454,-0.01716887154906453
0.0021332296780575545,0.050028855099572694,-0.0019312025633773683
0.002196016245955346,0.05085836891604436,-0.009532264973385106
0.0025329365830498198,0.04943687135194059,0.01108358056323444
0.001537554474458177,0.05076060730187999,-0.017976961379530833
0.0015327235426968637,0.050654269214537515,-0.002126545190852782
0.0030849333937370545,0.05081348344842117,-0.01286992378964185
0.0026822631153921297,0.050974397116566594,0.0037255147870834202
0.002388404674868366,0.0505652531896008,-0.006931085459649979
0.0020738067665261534,0.05018002410112856,0.0023272448761759595
0.0023219937931050014,0.05023462495430427,0.02118808528558161
0.0026113143114042583,0.04986878848682702,-0.005863956391960192
0.0016785650267429507,0.047941319170943526,0.05237244118217478
0.0016777454257150752,0.048739750839134614,0.10512329510490745
0.001703919250194997,0.048440954077500896,0.09203236105359332
0.0020130120114559206,0.04900495863076513,0.04832637804146653
0.002697513768635073,0.05032293046375666,0.011187692603128607
0.0022583165775466652,0.05041404042002076,-0.01891428847997126
0.0029181169297578403,0.05017141144014938,0.0392082280235032
0.0016511933686291363,0.049701764188392825,0.024445573368038747
0.0017425172898335474,0.04928141564816598,0.007949518210033668
0.001901125066550354,0.049287808985949325,0.0737523142535824
0.0020466249193246177,0.049303392206521926,0.052362116347936194
0.002621997644393557,0.050935989467284906,-0.018843545083455426
0.002009978728189574,0.050698464110556785,-0.04429265469938019
0.0023782068408692387,0.0508507629928656,-0.016420553092693017
0.002428721844241374,0.0505854343996027,-0.004638657765125725
0.0020465848782114607,0.05046020552170749,0.02042416449449872
0.0019529252252823443,0.050159494994102785,-0.013773029681959943
0.0025800246431223715,0.049469177851461106,0.05959125673198706
0.0020986971765833036,0.050980779892769675,-0.013229462512684156
0.0025172873679871217,0.050018649232583465,0.044464208276524746
0.0023998362535484824,0.05043907112350026,-0.039690703436338716
0.002016939638833778,0.05065635116275261,-0.03470296507984869
0.0021437353268820023,0.05045206792456299,0.008604557203549443
0.0019757864494021546,0.05036957013547211,-0.04595062196045138
0.002320945993565359,0.05107629670563615,-0.020929081427997227
0.002325673191468944,0.049699130673079406,0.044717006230006906
0.002646844881536419,0.04953710925471055,0.010735928706369892
0.002503325561807942,0.05008270951890679,0.022674949808217562
0.0020471325540581103,0.04980120981544917,0.010083965871591043
0.002324896319870913,0.04990049580144568,0.010760908194836237
0.0023401101543915263,0.049176642603039694,0.05350589598848206
0.002727039792693801,0.05078608272746995,-0.02684934733513657
0.0024153538351804975,0.05068856886273217,-0.004931206843411592
0.002392154884807701,0.04987626792489492,0.023093799787883767
0.0022336792276044116,0.050278855693277634,0.002100704363839563
0.002416525127366536,0.05004275737497267,-0.012145266483021205
0.002385281726759493,0.050702573617029185,0.020097309549814677
0.002288355227546879,0.05054182821730414,-0.02017021192535835
0.001961915466383515,0.04989023031587985,0.004490757345025263
0.002324432236612586,0.05032300279598044,0.0321036994748759
0.001974161159561091,0.049708560583592784,-0.00878264627104174
0.0020748572819320743,0.050171989540085796,0.02521572355901583
0.0013603213802432657,0.04996393277779118,-0.03225085799940359
0.0014008164858915581,0.04992237692671935,-0.030230103890286172
0.0020358234314909926,0.051176551297568644,-0.01481730004261608
0.0022422959058294293,0.04917213269620902,0.039925396928452324
0.00254491636561927,0.049294210963762776,0.0622959099773294
0.0023842130567729223,0.049422503753725304,0.05281518136988191
0.0023842130567729223,0.049422503753725304,0.05281518136988191
0.0024413885389531404,0.05105550580850807,-0.028557590725249923
0.00232422401878862,0.050611024201706364,-0.033763480463996715
0.0019390200064405938,0.0508137262202082,-0.03132099419939548
0.0018538089474416347,0.05068188134124928,-0.02114135922843211
0.0018692356250985412,0.05048933036380082,0.012712640385524209
0.0019841962627043337,0.04886836239687309,0.040387285125324995
0.001974601099803836,0.04839952389331337,0.10882993207742894
0.0022416954925654838,0.04955137497406588,0.030584418498731974
0.0024777721067412704,0.04954612755969174,0.03359455790524953
0.0021200844236266554,0.0493938437795125,0.027496456484829453
0.002569392507293838,0.05062385263119785,-0.023153725708642086
0.0020363691076278503,0.04971863710755944,0.01534659049103574
0.0023272170761707255,0.050481495116875094,-0.011418824047502206
0.0023605382093776326,0.05042557233662457,-0.008919387921812896
0.0019786076232006507,0.049560109209083644,0.07299077426970495
0.002218383086285055,0.04992287972186344,-0.003788041883691068
0.002280726561674096,0.04983759524371139,-0.021983865815331176
0.0021394889212072122,0.05067604324748151,-0.00743898324985964
0.00220041093535749,0.04960755573819036,0.01073727129406653
0.0026461253735476048,0.05016811225315228,0.013821312541393738
0.0021571012285024724,0.049072426235561926,0.046550412880509005
0.0027073114470009094,0.05042779522598995,0.009202954018549078
0.0024053609654691,0.05035066313831333,-0.001965209721216249
0.002163444362116678,0.050901084894214584,-0.024449543021546293
0.002593683600101482,0.050188318631707404,0.004691646759357925
0.002278028751580602,0.049205705037822615,0.05745588989770366
0.0018370503891537732,0.05031628422997954,0.018013303346193138
0.0018033448282752113,0.049911625902217906,0.027076928487569395
0.001819959418229856,0.049399776944447804,0.001274013359476145
0.0019652486250718556,0.0500803511920288,0.043739005957063835
0.001892273724060938,0.049131420049007134,0.05791334327795246
0.0023301656279239844,0.04888784895121615,0.05853538937566231
0.0023990698627117052,0.05056222015698553,-0.03065719219265058
0.002437945607327069,0.050367750058841594,-0.038517473336122744
0.0026501770311406973,0.0511194466874579,-0.01991982207043029
0.002392323383318038,0.05077008557472448,-0.011404234073503605
0.0024821229011913427,0.050326699979051565,-0.036762208295158916
0.001699229695315121,0.050729928858052824,-0.040697331325505307
0.00209776560478027,0.05231753023858696,-0.08463960049870616
0.002109918630573447,0.051664172160831086,-0.06734906694703421
0.002072307760191638,0.051428677423390703,-0.05984979336842058
0.002669097143466809,0.04873368554089201,0.06991862859633492
0.0018968653077632777,0.049993352177351534,0.0254098121531073
0.0021134439545551294,0.050909292131865125,-0.05180747606397536
0.002330920435649177,0.049629023692781264,0.023051768875925832
0.0022250287595894933,0.04970580260294496,0.0217489073735614
0.0022870111259952106,0.050421757645848865,0.01404160852968027
0.0025938206909120764,0.049429352969653395,0.00706886969957646
0.002423452244314796,0.04980574352626918,0.011641242567900572
0.0027697233425122785,0.05021972316005881,0.014281291031256898
0.0017308743067076726,0.0510282222522672,-0.02752659280305857
0.0025906807150701972,0.050439900912230974,-0.00228898028811616
0.0022381717160218388,0.049389608399432613,0.04377302731254103
0.002332867983942696,0.04944966152558232,0.0382459440950111
0.0021809576660818167,0.0506178147296463,0.01716703794928046
0.0017256190819449088,0.05027077714009732,0.0025027169559732583
0.002380213263763265,0.05103750474759342,-0.059389405649453254
0.002073037215767236,0.051206179837203755,-0.05767580782855458
0.0024567713878760433,0.049104652557888755,0.060699201504567195
0.0027574963253770464,0.04974987934266953,0.028751870208959585
0.001828876456474988,0.0498612751236939,0.025717607941418155
0.0018256605542922876,0.049448481082283835,0.02197715223710362
0.0019190676595532287,0.05063282149017965,-0.0072602566185352305
0.0025947048969608426,0.04984377681547024,0.024800020509165157
0.002630216505590968,0.05028674671308501,0.022948006440894928
0.0028463635219998272,0.05036454120572499,0.008721206386340816
0.0019409812190946557,0.04967476339818579,0.02300489246404429
0.0019396090713502607,0.05008271292768523,0.01944509664731999
0.002100410978160718,0.048562662852553076,0.07210482416208777
0.0026086905325366705,0.04839919786519087,0.09461427545651689
0.002153068791556273,0.04944488534093008,0.04103637825097424
0.002289303692061332,0.04966110735168912,0.02026839049560421
0.002125543307566941,0.05072688989570093,-0.028546905800482546
0.0022801177738166777,0.05021602771465465,0.0605289081431427
0.002250643124933842,0.049579561799295256,0.029099383295748908
0.0014898426007699255,0.04923056050016694,0.06563939040802766
0.0026262698369020755,0.049843541251871196,0.012764438860549013
0.0021997164577340195,0.048263297417801186,0.052474550272829365
0.0016377815014586294,0.04889901367550062,0.0747233024772867
0.0019175214533024873,0.04836725154336162,0.0648290899818672
0.0020689624461662733,0.05036034457428552,0.020713866250655754
0.002656254967763656,0.04947905111174038,0.021561351651478614
0.002579783108565643,0.04958479084597674,0.024291452592616634
0.002453760692468605,0.049953988292601975,0.02181589634995156
0.0026547154016523366,0.04979540053631516,0.0286230909608884
0.002054734523725652,0.049600054167753344,0.03044033709556699
0.002000050198492192,0.04956252136262174,0.0241643778876897
0.0019190657047279272,0.04925757179616659,0.0247370689534674
0.0019467914697849724,0.04879830165026611,0.08254117104882529
0.00213078738383445,0.05118350542540047,-0.052523616006139216
0.0020934323235468773,0.050518572817005114,-0.025053438802656144
0.0023799241127338213,0.04944374556442206,0.03196375099922591
0.0022573731328644543,0.050616997680933265,-0.03195601973197302
0.002454168178456644,0.04940405543221626,0.03404279846420471
0.002442462116090641,0.04891759927977175,0.05536572456824859
0.0020594487685562228,0.051259961352395536,-0.031176753046052788
0.002527785248550614,0.04985332172823231,0.00463647486497014
0.002527785248550614,0.04985332172823231,0.00463647486497014
0.0025119635592751387,0.04961061343022391,0.0044636723216581785
0.0024744378530556516,0.049421514105154184,-0.00518949990243651
0.0024220203375720276,0.05065967073366956,0.012768830025099442
0.0021599603894400686,0.04958470713085379,0.011286454217561578
0.0021476993202293143,0.05013531216387956,0.033562838901995413
0.0025947486331022404,0.04944109543463229,0.02460220929758667
0.002331129471610579,0.050442968267050865,0.004065213543464338
0.002278310944508268,0.04998461263476695,-0.0118083790358517
0.002507116438108465,0.050236184848876195,-0.0014008863751680755
0.002824055721492894,0.050178413686499716,-0.02334040155392553
0.001724429153129986,0.04971634351656294,-0.009082410752246367
0.0022463388387246965,0.050985277310038615,-0.0059311251056986805
0.0023902735037829013,0.049531249352128826,0.012814115560386283
0.002754936188323136,0.0510945817199877,-0.014731580510658432
0.002448879208124557,0.05005053466722228,0.019705800451894153
0.0019959739173826805,0.050484135080828677,-0.01120462763222686
0.0026611789001220873,0.05020296436017314,0.00823455077411364
0.0021868953592053507,0.04934801087529139,0.01991455409670791
0.0019382274858119677,0.050600137301751724,0.01276543559401503
0.001983566370180416,0.050390630088550555,0.018200495974961275
0.0021176003846032675,0.04941964003499691,0.03795607725718083
0.0018367854478649644,0.04945696474044612,0.026032912339870613
0.0019650678068477857,0.04944364406389369,0.01824849358117286
0.0018617216140386068,0.049192971071797584,0.017142107711232632
0.0020584722438698622,0.04958341167162048,0.06509747763392607
0.0020970213538496437,0.04957567166810781,0.05587582429490343
0.002495623199757282,0.05054263966191925,-0.02437200928998847
0.0023469414814156057,0.05134843908551109,-0.024895128497323546
0.0022423057909105476,0.050638068904940714,-0.028459221766568055
0.0016674100188701054,0.050800099304175415,-0.022716606104725843
0.0018974498000780345,0.050387269342763295,-0.026704739948997094
0.0023124143075048784,0.05091923553623571,-0.011610028071416601
0.0020247040708796502,0.05052818006623731,-0.038469510803561445
0.0018404356045149705,0.05188378676036759,-0.049120524701225396
0.002067730610188046,0.05115113133589505,-0.052679296081536625
0.0023190250706706305,0.04800959589024332,0.07744161972414458
0.001951635795108061,0.04945812344757857,0.01076018497064342
0.00152222489418345,0.049501227852398945,0.028314003125925122
0.001433946897632651,0.04968892735139998,0.03862584807899615
0.0019156837978719743,0.04878841794755848,0.0850089515562619
0.002665422275213467,0.05040258470211197,-0.01133657552998395
0.002175826675183959,0.0498216312803543,0.01348106427346115
0.0021028864898819163,0.0502195261079792,0.016519268943429328
0.00254074043009269,0.049752946819165034,0.04789867832310374
0.002132207493047339,0.05075744724177776,-0.016659463885689105
0.002269983044110818,0.05114294690859913,-0.05945948869618034
0.0019758861550983908,0.049670984199914184,0.023372949356003633
0.002091014049616891,0.05004816914374213,-0.003941430960963295
0.002423874274064526,0.05044894426929587,0.004117303258064096
0.0020897239306307304,0.0497058095812406,0.0668420834849412
0.0020199679299037713,0.050201209589201864,0.04871324403360374
0.0021131693849365005,0.04986807729940661,0.02239859172456658
0.002443896176715848,0.05003412573845023,-0.009369759945490563
0.003034887395177683,0.050614920758241054,-0.00272985243617815
0.0014367199953163419,0.048742145096808624,0.027222546237714924
0.0020673050273489284,0.04999206196004139,0.008100866427908167
0.0025012487622006817,0.049342480435337135,0.04436590922580304
0.0012453311931241286,0.05048956883705483,0.009458523062500787
0.0012955411499700534,0.05005627184679082,0.02987594934997501
0.0015426755910320973,0.04824131233305129,-0.01649375758811749
0.0014689854571651182,0.049526336645536954,0.02882900548290476
0.0024785311791706696,0.048519494527332965,0.07800830156662654
0.0019190777659035545,0.05146389695894748,-0.08115523483395037
0.0025287237479324426,0.04855235308804441,0.08514030966595428
0.0025012523046605323,0.04956538558950368,0.03575054898951408
0.0023441526649881023,0.050001932852650456,0.0031900622422537145
0.0024300016098934346,0.049849131625273504,0.012599010381731855
0.0022075987703764123,0.04866750867112828,0.0857023759180126
0.002191855321213628,0.04887657935947571,0.06970034432710602
0.002736004314443738,0.049711459151480265,0.03391307230829542
0.0019224529601483483,0.050711386577197086,-0.019258594492976067
0.002552222775732324,0.05028739990871792,-0.021079205194830974
0.0028019912847633104,0.05068037017117434,-0.025123314301874023
0.0027644778574312276,0.050570383045527224,-0.03600039488474595
0.002510592442240092,0.05045588000884475,-0.005109152923948544
0.002085556256828636,0.050416896527365626,0.01018691395897801
0.0026889773807035997,0.05031241795270615,-0.0446474452659916
0.0026949238589572375,0.05047662813567215,-0.03711057888717208
0.00252752558029614,0.05075092268925144,-0.030083022969614598
0.0018754052036807605,0.04933376989539954,0.0031269808457408477
0.0015754926363394442,0.04919979170862501,0.08537120066650833
0.0016690271653969253,0.04915475483756082,0.03358888370264354
0.002442869282042393,0.05002067502919632,0.02384643196630686
0.0024112299577030687,0.05023815283990923,-0.018840764676619746
0.002666691515209849,0.050700492039142106,0.014319614579104476
0.0021538140720835388,0.050195234186884784,-0.023267075639401495
0.0023923777044083812,0.050479656049150376,-0.058793413743066986
0.002361275902285822,0.049551861935344936,0.04611003368331581
0.0026617796266655076,0.05091480852922827,-0.03584646867271444
0.002661209798348847,0.051374115371284536,-0.021946840410796687
0.0024881964960724373,0.04991321386623743,-0.018457243265516187
0.002116481743258086,0.05102511350167993,0.01185744625832071
0.0025903542475527582,0.05046435367908635,-0.019876854598004326
0.0025903542475527582,0.05046435367908635,-0.019876854598004326
0.002319895856690989,0.05170628653427377,-0.02049669721083928
0.0025686359837306574,0.049787728147531844,0.0010512437357266286
0.0023370772027928007,0.050364447560334424,0.011185967153808714
0.002486175639834578,0.04949162607458853,0.014374554635704294
0.0020692541538097206,0.05085623553953849,-0.004518201938024259
0.0023932416732740454,0.049402915208228336,0.050402605970199986
0.002230813108183365,0.04957926235802782,0.010229365583431807
0.0019663241456377815,0.05136847969337159,-0.021649770111858486
0.0027083256907543727,0.050212916697414726,0.015757892684792194
0.002313365966287755,0.04977441128732291,0.017238969734040887
0.0022180526362422285,0.0500059829773829,0.053461142721659166
0.0024498626707591953,0.05063457953860779,-0.023766791394981574
0.002019041409548493,0.04957892944940927,-0.0007369717725626868
0.002156357732630932,0.0494804453880392,0.04266703868008567
0.00171423457661531,0.04956504523054315,-0.00715277133565497
0.002797677940516288,0.05037621045349611,-0.011684680761646667
0.002887483918205843,0.05035169635247027,-0.010879717411593982
0.0026448968068921823,0.050170317462293605,0.007881648879530842
0.002836739113617272,0.04960022725965204,0.034622825838447883
0.0015513848591962747,0.0505440225803814,-0.010541746857368058
0.0018885054820455278,0.051067275417997174,-0.04706044423048885
0.001803859497831561,0.051406407996862344,-0.05467546949040485
0.002179669566229152,0.05005807578006933,-0.022968904693828285
0.0025123957857196553,0.04914910911595988,0.03247974554345569
0.0019867995981946124,0.05105162215033947,-0.024006296469910975
0.0024721101766648004,0.0506083493474648,-0.019655191457054844
0.003057275737294919,0.05056254960640402,0.002548731081134045
0.002431091735978411,0.04993660183475635,0.0012920955636011508
0.0024231764302431375,0.04970644309288194,-0.0015161643972707627
0.00208269617512657,0.04785814997818211,0.08161108044172301
0.0020818757211650473,0.04819256336933035,0.11177249697264274
0.0022200575872163204,0.05011730283945954,0.012897595511319608
0.0023709984338631013,0.050009008800062135,0.013243800027447971
0.0022218972361713065,0.04971105611432437,0.0023792877634822894
0.0021648543164278266,0.050518610491909026,0.02117706646512627
0.002059898207778936,0.05031913159712004,0.03554743455041639
0.0020227048583577973,0.04984597967621756,0.028732198233634734
0.0023884415124952713,0.05035980664015557,-0.015302896673587946
0.00192599371286997,0.04800053195432266,0.0929433086040177
0.0019468447047521578,0.047809167051867524,0.0805818446677141
0.0021044732218518216,0.049225476681354755,0.08271760239525326
0.002313461996536269,0.0489038398772102,0.05554112335970726
0.0017109037541746565,0.04890378252784294,0.07320206940393356
0.0015349890477002854,0.048808814700949395,0.05717925081105368
0.0016773161574286436,0.04911358219305642,0.05839916497735018
0.0014518899533223367,0.04802918531199949,0.08299983826738344
0.0020283914788512187,0.048083016993039775,0.10623713948564609
0.002219664505461187,0.050523297645779876,-0.04446024913709838
0.0026293665994981475,0.049702931292639654,0.034535839507039305
0.002502450999332437,0.04954703820267214,0.01815962974322046
0.001966919479651408,0.05106874924837893,-0.022448605657162377
0.0019837916555188236,0.05119307000936599,-0.01905992054138672
0.0018304109822567629,0.04994585373440981,0.0009824080782338662
0.0018298310226277173,0.05105118145335556,-0.0335605909956116
0.0017768311000747306,0.05107663291048544,-0.034451832960825324
0.0017147106785625331,0.05074066532205319,-0.050854991304567464
0.001932640373104092,0.05031263512581835,0.017518048441218056
0.0022121247409026493,0.05056860952853724,-0.015063395667112558
0.002428251050088027,0.049508126957884646,0.03133607844220254
0.0022194968131461303,0.05097379962175711,-0.025768847934148485
0.0021595262528058042,0.051230360697626764,-0.04917643509095575
0.002447697970295165,0.05001018425217896,0.03534101496489648
0.0022412979013354457,0.04941968111489883,0.011282196398237602
0.0019810581019528437,0.0500816905804624,0.04048130152032929
0.0019971865340492902,0.049250344613840244,0.038740095395281955
0.0019478431422801723,0.05014685150942918,0.004241783611305334
0.0021262456573357246,0.04910805256643513,0.05138282752729718
0.0022942372130116888,0.05076668644793827,-0.037295217824098885
0.0022949381529863513,0.05088502159077526,-0.037308821291967255
0.0019803577743887244,0.05047780212367287,0.0008165223196863094
0.002165589469871468,0.050661365312141396,-0.01785581659230676
0.002011480983215655,0.05050288660562436,0.02338107212894246
0.0024153348406047853,0.049617478405814465,-0.010375832839614773
0.002318990739834199,0.05007085600921444,0.008016786135171547
0.0025848566059166666,0.050123514120455806,-0.007529290944863503
0.001752403330494427,0.04899403954574315,0.08085669082656019
0.0016202666973914239,0.04895686314037888,0.06763556241641992
0.002602327346415848,0.049132862838455575,0.05453651620344549
0.002618229892743226,0.04895639739108571,0.045405790047384244
0.0025773678730277075,0.04909729320383487,0.0527544896444455
0.0025798711478253796,0.04958395165390165,0.04710414661355647
0.0013191606004452235,0.050283866298403486,-0.0238579236976337
0.00133635388351322,0.050588544093523626,0.008290391927846242
0.0016326396511566112,0.050694725658192524,-0.009277478095817245
0.0018033837989963881,0.05095120389211851,-0.023291587647791264
0.0028540036808883786,0.049583412875690576,0.050956093497245745
0.0026966160888345094,0.049687011100807664,0.05585280028420741
0.0022365118901995864,0.04935924212565917,0.026542810229510907
0.002420744518104524,0.05079989685403965,-0.006744549548417052
0.0026839693468483933,0.05089493377588307,-0.039109552920351155
0.0018459220935069692,0.05076485314207633,-0.026697448619990342
0.0022563250953701727,0.04966658652488449,0.035804991308522174
0.002181998600042303,0.05034369567659943,0.008437291226136156
0.0023175406734884632,0.04979770240904701,0.04031969900741597
0.0023558230905635336,0.049915042956106145,0.029495040296695543
0.002386488573717164,0.05003068416177097,-0.008929769434785786
0.0021504621559059398,0.049543191830328265,0.008639163844895048
0.0020390620891853188,0.049375690094220194,0.03547881685792848
0.002043044893100701,0.04942635116682853,0.011099259240140543
0.002325807508720172,0.051125335984059064,-0.01525550903601005
0.002331865350844091,0.050947060212353006,-0.017677548371602358
0.0025215129340169454,0.0495610664075081,0.02010241073444502
0.001991232343721905,0.050718540293886845,-0.007597073261625264
0.002612542293430038,0.05043279818299483,-0.0006635246837904697
0.0023524655629010858,0.04954919221147323,0.01669739426347638
0.00244988357107828,0.04983063570262518,0.05023701289390195
0.002381395701519836,0.04952598834543866,0.04190481085630001
0.002381395701519836,0.04952598834543866,0.04190481085630001
0.0027077230947979646,0.049753811769650234,0.02618724834465232
0.002484263982106432,0.05000654395313821,0.01001407205273795
0.0018666433111968373,0.04963751569104195,0.027165892971476726
0.0016092417890342175,0.04915888030399445,0.051605071781817904
0.002207556910172758,0.05090137410103791,-0.008713438311250508
0.0027291151471960555,0.050295804523217975,-0.011006740886795438
0.0017336277325186455,0.049038993689458625,0.03732841841441155
0.0016234429006619063,0.04866517678499154,0.04391969368712768
0.0019548320664709283,0.050699776588283396,0.008058206836488658
0.0021383124704401164,0.05041910341968971,-0.04221329566189758
0.002293110007265449,0.05038169266798361,0.01805646303630978
0.002744359263859231,0.04990506743655838,0.002692827303663138
0.0023697296458459584,0.04973042994861263,0.04531546927438508
0.002080315303729416,0.049595764084441545,0.029213233028868083
0.0017764453944972196,0.04947040706989133,0.03534832876955468
0.002103539763380834,0.048896972616485616,0.026007731417738343
0.0019478292143332012,0.04914883902342859,0.045471380569815284
0.001918853024675845,0.04996613532741476,0.021339730119782782
0.0016444133850256504,0.04950252360962148,0.02939113641966678
0.0012067749625345149,0.04949865746780285,0.0175851347979528
0.0011633540144641154,0.049113249937544484,0.004335061639897855
0.001662803525059698,0.05069596748981588,-0.004258836263591011
0.002742470076893103,0.05066724086064049,-0.0056436113927267354
0.0023059907538075233,0.050192449464871565,0.0026379248082002687
0.002134085491007205,0.04925099827205641,0.049779669371834125
0.0021281671728542624,0.04939990130968814,0.04880444358632784
0.0022228295961112515,0.050125827185023605,0.012075257147989236
0.002176962165769754,0.04999338993554394,0.008260457413631439
0.0025536998952494687,0.04968328598821314,0.006630387622488853
0.0025767586066350197,0.050404916963972826,0.0063806492613894625
0.0023560362044432303,0.0511418361535841,-0.06692223113932233
0.0026950091229363928,0.051964231215791204,-0.05065537248472104
0.0025786144478585193,0.05101344239041133,-0.07313813172002326
0.0028077802849129753,0.05066481075850156,-0.009028529573791388
0.001836384257189378,0.04941952993123781,0.03464632887983242
0.0023849915412149933,0.05018133692491938,0.017845111665976875
0.0018522780359042955,0.05016212523394215,-0.010374746902418954
0.0017704845737212824,0.05019981974652011,-0.0063544220841850714
0.0024175027387602858,0.050483104102631675,-0.008650426614465623
0.002688598128958614,0.04981693788832755,0.007705030021238619
0.002470082457856363,0.05025950718522238,0.016827146036819143
0.002541435005805952,0.05045136170921711,-0.009488054819598243
0.0016284085814574738,0.04950138976458539,0.029568033430851508
0.0023393154006307107,0.05102381813062257,-0.010907988539428589
0.002213558765529791,0.049058005889925906,0.06446061741903546
0.0023491113768927237,0.049235410178009906,0.04728378296663035
0.002423480903762565,0.05109624128253917,-0.035576902470643657
0.0019471614866402634,0.05007599952739202,0.018278355836590335
0.0019390889741165533,0.05054530197205011,0.018989138966084985
0.002043629726500285,0.04881592220337177,0.035036223696915454
0.0021165808759593145,0.048054391551879606,0.07571959424801819
0.002008331313734022,0.05039334567976405,-0.04564010452846599
0.0024110941003679253,0.050461617063142415,0.014734184734205928
0.0022808718252966746,0.04980478604465098,0.0006406459537192133
0.0022808718252966746,0.04980478604465098,0.0006406459537192133
0.0025496576757397475,0.05042642386062616,-0.0034579076099671827
0.002178752669648342,0.05023273225308755,0.010445519288496151
0.0020586037716269754,0.04992636790183247,-0.013355246444187143
0.002832191988851264,0.05057837293237804,-0.010331490436978386
0.0023705550972163716,0.05018363392880985,0.013010915026265814
0.0025938970132249255,0.04955234332114035,0.056760457922821944
0.0017735345914402735,0.04914697926768428,0.06313770115567699
0.0020262231058575057,0.04858705501669053,0.0528528831870136
0.001990539242419704,0.0507258875417034,0.003677175825622173
0.0025754795296480796,0.050638642514826755,-0.010175036272314687
0.0026059591730170826,0.05055161133971988,-0.02529422779233599
0.0018950716160343378,0.04902064229188152,0.044993556745353804
0.0027955030072858537,0.049472902711159734,0.02107633029893767
0.0021630189437798664,0.04974313821285089,0.04082484164048035
0.0021274834274106875,0.050224717804670124,-0.021879007223970532
0.002242687226438508,0.049579555396369254,0.023831778247053736
0.001851150034041128,0.05025851294258745,0.0024187282838343226
0.0021503191970021077,0.05056392691263837,-0.006864365773195751
0.0026224695440838774,0.05021473376547582,0.017061913628299626
0.001741051372096889,0.05062799832719906,-0.017151328907502133
0.0020988731176762735,0.050681516922684605,-0.03386268724232725
0.0023082362106391866,0.04942482637004817,0.053683039365987374
0.002161929054864515,0.04901194003746205,0.05398257581936985
0.002054420043622739,0.05099775905522343,-0.03677348016256868
0.0027913207113389425,0.05061966426374001,0.029663856775670617
0.002734575659126058,0.05036937136384219,-0.01293783708426631
0.002088795525425488,0.05056342996723325,0.013809153169597344
0.0025376080888455275,0.050780783812487476,0.0031206608311019303
0.0019139594824036693,0.04950509987530083,-0.005071377179123404
0.0020507446983400674,0.05114640780876534,-4.3938065268183834e-05
0.002152628258460283,0.04962753570696534,-0.016066877252045364
0.0021934772826275872,0.05059693079132291,0.006522904006264054
0.002725717558796508,0.04932616427846924,0.03163045933564492
0.0017485924128768976,0.049729984063345986,0.002053061337261419
0.0017788246206112582,0.05017487853957237,0.05127146173264188
0.002749212714604132,0.04990691343911165,0.0405208868184339
0.0026615350683980763,0.05004009950377002,0.021708421328263734
0.0019884189434831866,0.04974786652444553,0.009060379368733868
0.0016495565982175982,0.05053771422518116,-0.01373624140061622
0.0022143657436015573,0.05089429198921409,-0.0046573473069195515
0.002365885877842167,0.049918314055908374,0.04914891857441166
0.002350995389521019,0.04918849166626836,0.021083421559776567
0.002350995389521019,0.04918849166626836,0.021083421559776567
0.0017914108379079251,0.05015333313221917,0.00737182706489366
0.0018172004318975684,0.05010733710740769,0.0025456301745414287
0.002448627363505179,0.050529769791567564,-0.01353062306099385
0.0018757278144413195,0.04874170833942899,0.07165221096282601
0.0019570193945260515,0.049801193691695486,0.023297053919001387
0.0020647964455458106,0.04916946772090541,0.04744804481675291
0.00220181460292343,0.0502751302041405,0.032696096978524596
0.002076440242752826,0.05066993166787864,0.008796980032778737
0.0021814666676110263,0.049845552159233156,0.005405973596472643
0.0017393856547228796,0.048395972406507906,0.10043814098797726
0.00235181698065132,0.050424231458522206,0.006990154250948326
0.0023022805782340577,0.050460948129359175,0.011824933547129731
0.0023757309053520116,0.05029439583435311,-0.017197811021875897
0.002143736611769254,0.05020087447813767,-0.017194808442174653
0.002030116416887255,0.050205637207920296,-0.0033863386823467017
0.00225678516940518,0.05038407474731924,0.0063419769770247545
0.0021735272274079507,0.05071459981090738,-0.06920812560336734
0.002350388956320563,0.04886502817363912,0.046899849958946915
0.002821472335986199,0.050077699145687334,0.042248314205040195
0.00164925560512796,0.051617890478585865,-0.034980959878368315
0.002788878326099704,0.05013520293270918,0.04233359010461171
0.0017031328156131833,0.04991930769124112,0.01951860216977149
0.002702554366917501,0.05002807700089212,0.00130173073833421
0.002274566371649917,0.04933157426773194,0.05395755783956965
0.0027293845062048095,0.05023709968879366,0.02955991423058
0.0019606498110412074,0.050752345412690865,-0.010297120476044107
0.0025848579026725815,0.04940131104907511,0.019865458788349714
0.0022871664560824485,0.049880410315633825,0.029352751239644218
0.002271782745989496,0.049425121439166886,0.03490055092693189
0.0025682566475642376,0.0512288834932739,-0.021626863095563123
0.0014722658893442698,0.05006514466622476,-0.01615883462776425
0.0030834500602658554,0.05031678739350509,-0.02095034635580827
0.002175290099166571,0.05082009438811327,-0.008136039389630183
0.002200693379780544,0.0506675194603743,-0.01474414100116789
0.0022784488706310497,0.05043046115430784,-0.019640434031641053
0.0019731687150322036,0.04970214662264684,0.029711904860229774
0.0019698446671114686,0.05147301343525732,-0.018210048043239894
0.0018119446282997913,0.05165629925121745,-0.023966204789833828
0.001814471344642438,0.05114918701720277,-0.054866632384920705
0.002822935534217252,0.048947572505790266,0.06081386689369247
0.0027754867433840828,0.04983317472645399,0.06416208461299845
0.0030684508599790454,0.04926853323403058,0.026890374776316537
0.002931014646900821,0.04952589224455419,0.04132805801911907
0.002411392892323599,0.05032940901994537,0.015461045591627864
0.0027193172095914164,0.04952567873212822,0.008188833272588014
0.0024829814587125853,0.05054407507624381,0.02135239317265562
0.0025115101175311586,0.05084925419085649,-0.009711265855874656
0.0021859316215699894,0.050357499934848574,0.00829174771531596
0.0022120940884171325,0.050182830713999406,-0.018843859161892268
0.0022477287841086023,0.05008538578814812,-0.0009188107592733257
0.002254245738850531,0.05056844816138378,-0.010554433289589433
0.002314677753593524,0.05043535577969024,-0.024132682714430483
0.002314677753593524,0.05043535577969024,-0.024132682714430483
0.00277529068242141,0.05065869040938758,-0.00960843401687583
0.002113373018946309,0.04956437412309354,-0.00549025571273465
0.0017620137701043986,0.050004005575311886,0.04935559594072095
0.0015557654645035096,0.048076180954944536,0.0310192497364972
0.0015243613468509214,0.04998032060265548,0.03414264274407662
0.0017669264608349477,0.049842144964170366,-0.003320341138449746
0.0017272230657252722,0.04979317337199895,0.02434850444912305
0.0018117769124217727,0.04999666885112298,0.033366560994099
0.0020249133574647797,0.05035170920754702,0.02515084056100104
0.002022311937875461,0.050307114839585415,0.020216594066069744
0.0026829820359704918,0.05007955727677962,0.00746711320329376
0.0027193548899152953,0.04984820604804361,-0.0017530099401317693
0.0023113965897112536,0.04970255205441016,0.015101587894745134
0.0023194981136238644,0.05020687732385352,0.005904603231287158
0.002069062908571554,0.049640643257039326,0.03541836304355429
0.002102771307866099,0.049537085850794145,0.025329048393374853
0.0024216166504735866,0.04978049000698115,0.026959264975752396
0.002411468549277765,0.049326252855188414,0.031027530471024137
0.0024346433855556484,0.05028990632085473,0.018502824736649097
0.002234966432859639,0.05016513072567818,-0.021641693475358163
0.002423997194849621,0.050083361692193296,0.013919890624255039
0.002970856689075081,0.050332493181376226,-0.012438864514530884
0.002970856689075081,0.050332493181376226,-0.012438864514530884
0.002451282397923858,0.05090109764993892,-0.011091959683397256
0.0021732463814039876,0.04972639297887659,0.05234021142669905
0.002573776686720903,0.05061772095482113,0.005453640977830628
0.002024581632338685,0.05001341053252692,-0.01619618903740849
0.002218514986584624,0.0504810094394575,0.015376563220810935
0.0020950530071132435,0.04992476681924045,-0.013834582928339759
0.0020290807012683905,0.05013089504805349,0.001946687567735759
0.0019578446878382623,0.05113912032147782,-0.04452459412493293
0.0020394367988553694,0.05101983522513314,-0.046459396739488595
0.0026634583117328874,0.05071415828734191,-0.018578731969564697
0.00223247997928024,0.05049360498301903,-0.015974435993767966
0.0020204515498076893,0.04827061383710877,0.09223059442763505
0.0020125858364606797,0.04904256634970433,0.06595836455106674
0.0020200657742158474,0.04900827456987961,0.06411448021828195
0.0020117573956837435,0.0491047069317343,0.06734297498890357
0.0025557162436108945,0.05059726440339043,-0.03517188266438871
0.001967880253450898,0.05013523060974434,0.010291011000581798
0.002363044813513704,0.04995675064984798,0.012074290018582531
0.0021789279799781626,0.050436889762787256,-0.005660855282709514
0.0024798395444145965,0.050399995239210196,-0.007517837183750687
0.0021650729120684087,0.05049136989818965,-0.0067929490058864905
0.0024388727754065466,0.05030421871279176,-0.019100901049920786
0.002532198665626792,0.05028380208016689,-0.019277831872684847
0.0024620637758596005,0.05035139551016057,0.008375608838658457
0.0019967619447734614,0.04967284060928037,0.025912230925184035
0.0023312053580700175,0.05040972326940935,-0.023230919004148646
0.0023041358346069987,0.04970048536927476,0.013622386255998327
0.0023023677647098497,0.05017386560901326,0.012179360161273859
0.0023399807655966665,0.05021094116575182,0.007759203433574401
0.002097975538016016,0.049831338450608276,0.022260572151268525
0.0020056576973676377,0.04971567917764401,0.002616224828224761
0.0022377022014888576,0.04974909392980665,0.0004376316468505762
0.002658825108489728,0.04988903897687122,0.03577975818909672
0.002677849743207269,0.04968828263877446,0.015598223325383244
0.0025458634101398854,0.05085890004999116,-0.01282343714629279
0.0019232137883999601,0.04926023681220527,0.058653157523327136
0.0017853679519470786,0.04961805109908973,0.015956579576967108
0.002567975082498207,0.05063528040382874,-0.00990104647314371
0.0025973780474826107,0.05041601292708112,-0.01711973630455902
0.0024450321158749865,0.05049482869331228,-0.03054625551972084
0.0024607227598006107,0.05016708287483132,-0.010446435932436438
0.0024607227598006107,0.05016708287483132,-0.010446435932436438
0.0026549162239103627,0.049787186355435935,0.015568530775862585
0.002673358325958777,0.04969480475467174,0.03472649517747211
0.0026306029894477816,0.04942142068080644,0.0430770715084551
0.0026304549490004563,0.05033683762845565,0.01107760797366267
0.0024152945925558513,0.05050988750526039,-0.010924572403918633
0.002385123911122671,0.049233970335368936,0.03836364081569246
0.0024772283865271126,0.049778888587781,0.00979194966032409
0.0025028331509813345,0.04939291467573761,0.05982332077606676
0.0022190082938741643,0.04924696909306845,0.04838211619819825
0.0023218790474235996,0.05096589229846318,-0.03024624190910584
0.0025357296262845004,0.05059279164933814,-0.04316613955469935
0.0019848784560682303,0.04928218123335823,0.044662551902617136
0.0023894299591442616,0.05077900955809177,-0.03154380765704695
0.002226213320036333,0.04965951830984225,0.030119148645923282
0.002226213320036333,0.04965951830984225,0.030119148645923282
0.002226213320036333,0.04965951830984225,0.030119148645923282
0.002427203707075559,0.05011301837946718,0.007503280865506785
0.0020285797708637205,0.05099758314291463,-0.03694779473708611
0.002634332407683647,0.050075092394678083,0.02402351942905332
0.0029639693594519802,0.0499820677408995,0.0450206480817913
0.002408542507705739,0.05084736633692246,-0.020651411617589065
0.002172506771136488,0.05049410558668658,-0.02033425130483768
0.0024821773427939056,0.05060942332073896,-0.030766489706079123
0.002849210113832766,0.05063555250071658,-0.008872763273668802
0.002690538919473224,0.05055171959086973,-0.011140285599697137
0.0029582785307873324,0.05064052437027898,-0.028451986923567013
0.0026187763076733505,0.05098418695444218,-0.017396616127779745
0.0019063207075063894,0.05001701869394727,0.035073721226407444
0.002374833171838257,0.04983670624526502,0.041127907770990915
0.0018436324965997793,0.05065863738738403,-0.02081605736225054
0.0022582607927424427,0.049908707401103085,0.013280686972348313
0.002870538547666314,0.049894972647744854,0.021546989165636812
0.002191655613684823,0.04947698081731672,0.03440353831338439
0.0018294967780254291,0.05042887634868373,0.04316473649983359
0.0013290089127788306,0.04872942068347459,0.02032772092884653
0.0015468084670783374,0.05003684166273913,0.027384146225717335
0.0020847761529244834,0.05047472867913124,0.02337824849453644
0.0025263759001159154,0.05108646299261226,-0.023900691825217937
0.0018755104798900044,0.0488940821556006,0.046571602591027286
0.0019421499744663427,0.04962800014638542,0.059411647229763914
0.0019010168556703364,0.04970485088214445,-0.01595463214552017
0.0018333996331173525,0.049450787723875046,-0.01569183394937742
0.0019748951573999424,0.05240314128854053,-0.04986418858088997
0.002231812722265851,0.0502794947550178,-0.009075317648398026
0.002260821860090482,0.04998263022070786,0.000158404928820693
0.0024038260917408293,0.04975784954292816,0.021394372676832005
0.0018513076560647637,0.050429467005537486,0.0026710758786272918
0.001694448945039883,0.05051459909640491,-0.024343102953949317
0.0020807490326579625,0.050784171261001126,-0.017354728931562168
0.0025514684250288874,0.04983347005529214,-0.0003676465593151045
0.002145062036979804,0.05020662342335589,0.010857422628048386
0.0025678801531743337,0.049405600012554236,0.0500766401075876
0.0029177059599636603,0.04981229688507408,0.027892365643974112
0.0027823116855611226,0.04979703545671948,0.029073843263326873
0.0027823116855611226,0.04979703545671948,0.029073843263326873
0.0019399751492505666,0.04923394737702163,0.03308180044927247
0.002039143663621446,0.049062758765361876,0.03596221571155656
0.0018744158456807966,0.05012848620387064,0.028620223227356807
0.0022239146766656168,0.04926734199506671,0.0483043057963229
0.0025757228355089853,0.049358074694643414,0.02140435720851483
0.0025427548406009013,0.05012167403082437,0.0303287895830423
0.002087315098477424,0.049684772752035936,0.029581816397123886
0.0025845813219994703,0.04971609144166886,0.0052562368400599436
0.0030238445520889877,0.04970471425702172,0.0026444497318408072
0.002761928086755283,0.04978160071055793,0.03333464014628762
0.0023059533354546557,0.050539482071288507,-0.008992104640532378
0.002982783673505982,0.049803125865291786,0.03079014001197511
0.0026610043536377304,0.051012692155174275,-0.01251177298677542
0.0022349243587576227,0.05050588665589845,-0.04676764873178398
0.0022264546130238857,0.05064196076493007,0.015573846101987187
0.0023070744548442613,0.049344945255135955,0.022685980975871156
0.0021315796313330533,0.05009941838285539,0.04003954428488722
0.0022172531189959903,0.049766256145154855,0.03559178076649501
0.0019399104924181054,0.04940321302821324,0.025991193209326496
0.0019968325498809303,0.049159833274314564,-0.0020738527995321603
0.0021091592862366856,0.04951532343476818,0.035176564179673374
0.002089127050277807,0.04980154447797202,-0.019834423559211074
0.0021971330931207546,0.050587290103909506,-0.0034986622368078386
0.0026317958671465366,0.05051794776640387,-0.021823997533351153
0.0026317958671465366,0.05051794776640387,-0.021823997533351153
0.0014932233251945615,0.05019800463173046,0.0069057519751875495
0.002366584592496794,0.05042553610720727,-0.016021653122230917
0.0031559035443341726,0.05048772197155232,-0.009026753461645115
0.0016519466379740738,0.04893891285447937,0.03357616881132536
0.0016234894274641896,0.049779128877151795,-0.0034183106820931263
0.00170425245497821,0.05008794832417492,0.003702136402458507
0.0019392372114649717,0.04899455234263787,0.07232542990155115
0.0020808900102158604,0.04944586840924513,0.01885214568329899
0.0014960660681467414,0.04902147539230775,0.0459885597262557
0.0016889487773213896,0.04836381581594714,0.09320424322010729
0.0015132553246311983,0.049437688922160924,0.04662083999676208
0.0019140740780435434,0.04915159077996415,0.04294171470314495
0.0026789177827645583,0.05086270007623044,-0.052220929619837306
0.0030405330893627644,0.05067371099989587,0.0014085344890724936
0.0019419637102956683,0.04955583697467286,0.01004122541065724
0.0024554376230716776,0.050569613274027314,-0.025221018452160723
0.0024430094439873845,0.05065574626920677,-0.025236840971391703
0.0018238898190494326,0.04986556160947051,-0.003499902248767783
0.001705048310629675,0.0500724101740337,-0.006690981167234309
0.0022888818370636116,0.050302884145510866,0.0032664064601784144
0.0022825609820503767,0.05014946589154189,0.006965421403664273
0.0024244128750607894,0.05016599655295845,2.6913712136425067e-05
0.001933378020037856,0.04886508008054076,0.06936404998237145
0.0021201034234688875,0.048660598758289195,0.07429071482873084
0.002511848371293511,0.0497953025714379,0.032925916376143914
0.002231901495577498,0.04994175277496258,0.02232204195533148
0.0020489565016325846,0.04923237362283957,0.021755275748421156
0.0018441131736706613,0.04958743320559419,0.05102203364670683
0.0027740672978665186,0.05079761723269508,-0.032619507285317574
0.002777965589338604,0.05099331161200902,0.002153273197074263
0.0028215102778660103,0.05064430736862745,-0.030808116656531638
0.002303431181172365,0.050153119851123105,0.014113311693325224
0.002809380750356489,0.049595405078491764,0.03765684414031944
0.0024350910825439885,0.04976651472641622,0.0520947068463684
0.0023439741725734702,0.05042250951259113,0.009073462414773628
0.0021348240848318447,0.050134398990054806,-0.004989959678079584
0.0023438515136251386,0.050600970706553346,-0.022588026320533097
0.0024533370924392796,0.04915558923285168,0.07925648345604779
0.0023378271907424837,0.0499018158096817,0.04507845769937035
0.002346370930848224,0.04983931905988337,-0.019650253417387187
0.0023368064183992374,0.04940273255435957,-0.01973290660785839
0.00243756862492044,0.050150278023355026,-0.013274053332696326
0.002099694469430535,0.05111682115098677,-0.04547032032882701
0.002535842219733593,0.050513971194702946,-0.03320697272663008
0.003138825221548333,0.05031474634048976,0.02098106319895185
0.002366403666033667,0.05048302847707365,-0.039409473194259914
0.002762925574117075,0.04965046424529126,0.04756191596476302
0.002100633779028402,0.0492091716314212,0.0371605497981127
0.002651202120695,0.0504216140605633,-0.012953985403349908
0.002340124254601062,0.049761728140905445,0.018404025311076697
0.002372553203415891,0.04975999511031591,0.02030541857269561
0.002101675519707611,0.04944860544232543,0.017147339064766995
0.0023822231132901166,0.05035649379880592,0.013300635067991347
0.0025532959454138467,0.05032982614797114,-0.013592888815932702
0.0023590335891623395,0.0499460638902118,0.03042498248423252
0.0020550347076827573,0.05014510187032694,-0.0015472737134272485
0.002162184056635268,0.05001316824596144,0.020931263070781855
0.0015273983829309078,0.0495113100114797,0.01913913462079107
0.0017035223105731684,0.049406729440635296,0.006376986867916249
0.0018222083388880572,0.049556543138722625,0.022495512797926664
0.002853452885842396,0.05002158171890509,0.018090581418679356
0.0030075442651192824,0.05004471792568984,0.018739954117902784
0.0020116322672923057,0.04879762804000038,0.01423963652447721
0.0019296315682057357,0.050044376338390935,0.05536436450454573
0.00244440269305053,0.0510594972795822,-0.07850845851522116
0.0014767053291945356,0.04879296870921204,0.024628294849025494
0.0018994491539976997,0.05008756540369383,0.031319848402382895
0.0022962851392911107,0.05160390491833354,-0.037512140337934374
0.0020525445838133097,0.05047746571439503,-0.005870733549510808
0.0023342693435731304,0.050045105437199,0.01702394796092479
0.0021920745750470304,0.04962906762868325,0.031930620345094904
0.002198552634008426,0.04946556707105273,0.017536716010652955
0.002198552634008426,0.04946556707105273,0.017536716010652955
0.0024171276411784387,0.050407370952804224,-0.019155642096845872
0.0026532234578972285,0.05045536679715431,0.005341561403541702
0.0023074698123773806,0.05029623209966902,-0.027717771256881837
0.00212403595568622,0.05003334092110013,-0.0007053674954327736
0.002488750566526644,0.04941772928087636,0.014034872399568254
0.002488750566526644,0.04941772928087636,0.014034872399568254
0.002585881681341564,0.05017730419186004,0.05864278298597277
0.0025608354661135462,0.04965953053015893,0.02907077519623671
0.002344188387434861,0.050705787494473555,0.0073679619631753625
0.002088703816704082,0.050240456416864004,-0.026638828893574433
0.002015526079832914,0.0502153175982136,0.023218908386961765
0.001988420213665414,0.04951936125664398,0.06904158911957164
0.002005675804283263,0.04902190159498149,0.07331192213953071
0.0027101595634712876,0.048659335886888186,0.07164679758426984
0.0026955987295693247,0.04908356665830919,0.07146474637520994
0.0023516381971214946,0.0491341803185295,0.042614267375457565
0.0022619134676836686,0.05059992846588872,0.004873131854267107
0.0018047529900972457,0.04989177807864858,-0.01156910336268682
0.0028753645313242967,0.0499329321145669,0.017374580377087327
0.0023150336989293794,0.05039479844930395,-0.006382924292772871
0.002414362259892773,0.04977896820802059,0.00362602672745718
0.002141326576374007,0.049860950242416074,0.0018777727465481035
0.0023451181856289902,0.050004172605718024,0.009240197340426472
0.0022954624112872944,0.04946231749115801,0.03374293367188659
0.0022239173601778135,0.04956695734102643,0.0374972042978766
0.0024718397564845525,0.049852576934921684,0.020147899101860538
0.002395833565262661,0.05088394778077171,-0.023082037364911826
0.0018472923837049942,0.04959792550309302,0.01696658766021117
0.001980358648884728,0.04992074833987601,0.025271620957444885
0.0020238751291172473,0.04974454982483339,0.01997819474908278
0.002525810600863197,0.050797036533309865,-0.026961241799739064
0.0023943825386890678,0.05063329031780122,-0.012642043235036123
0.00240431216867692,0.05055453434550678,-0.0020919428689667513
0.0019436975825899755,0.04982593355773738,0.021332807969933636
0.0026129832961635058,0.05062082238750755,-0.015940490165710215
0.0020506969449408875,0.05023509649365106,-0.002191819340795594
0.0023471206748370377,0.04923573305803567,0.051770524841743035
0.0018013002486602897,0.04990964668773294,0.011102478103044672
0.002817612492915515,0.04965444406392981,0.033541786688871915
0.0016031612694818909,0.049366476403152684,-0.005579198424842622
0.0026064969231337524,0.05046885543068398,0.01788362324334814
0.0023163927264177667,0.0498195271944194,-0.012992433541724819
0.0023089691675554566,0.05032812332106869,-0.0015586931889520618
0.0023240109082692203,0.05010179999746202,0.00248291144321963
0.0022989993684514732,0.05042834014241567,0.010866887589174947
0.0023436681099355317,0.05074705626533625,0.032960989280098954
0.0020098831073800546,0.0499279821705815,-0.012845944521328827
0.002607899322987985,0.0500474294674551,0.039712351190776506
0.002095352656417222,0.0499989157950834,0.033175192444285864
0.0019796839947759538,0.049950298120213676,0.07920233487091433
0.0021146796662698986,0.04996912420403587,0.0484770166178113
0.0025746982142366343,0.04973462542298554,-0.0063224228483324055
0.0020249320830983226,0.05084233257146649,-0.0002841851879984983
0.0015333522979770573,0.051277028129782624,-0.03452620100507153
0.0014680320309941087,0.05149232323558106,-0.014966138524204304
0.0025187385370388643,0.05052236156150335,-0.06447973276885853
0.002148052971271168,0.05137415996849543,-0.0634651583822592
0.002074011305555722,0.05053510791721636,-0.03267467944355527
0.001850007543501605,0.04921651946644631,0.02943043538410366
0.0023836988335937496,0.050619783167878525,-0.005433202190674938
0.002188249437145792,0.049922838355151405,0.013090886926231261
0.0023878145188423886,0.05002909858954747,0.014153950464393748
0.002648641295247867,0.050014803685198374,0.00458030612498553
0.0023361991009701903,0.05048502106128011,0.0139518288918345
0.002013289453896036,0.05023781531637465,0.020666503068881868
0.0030312308167904506,0.049887719546556,0.02669088818338129
0.0024401843009826817,0.05021490102118807,0.021398967688639133
0.002199371979829435,0.04964380050922231,0.004404121859157367
0.0020600190018235506,0.050796986010658324,0.0026053356974922075
0.0026906926496829135,0.04973216457170459,-0.011327125846104886
0.0023698964551334754,0.051270501818580796,-0.029745775227701353
0.0018469606831136606,0.0509677970752002,-0.044158320440921536
0.002666859715914702,0.04949495302846851,0.05144168019141531
0.002345213283346247,0.04934293837708354,0.05914656951279726
0.0024794926721237527,0.05061418912544282,-0.01206559202201
0.002860149960481777,0.0503322376723569,0.025529681642945532
0.0018052306153116498,0.04974190644611259,0.027630447766302173
0.0021306866987852173,0.04993273997318251,0.0062056451839654315
0.0021124513606342486,0.04998743339648415,0.03347925220602391
0.0019264227316830645,0.049842744730204655,-0.001096811313097084
0.0022894039201842463,0.0501977725991593,-0.00276090852810127
0.0019133600436679848,0.04957539131354412,0.0024734187214777367
0.0021157914118932995,0.04953689407012036,0.053717509919980436
0.0025668094469852554,0.050968340872357534,-0.012979600822010957
0.0022376367336388726,0.05082957527618224,-0.008760115337412557
0.0025545173024036248,0.04954563092760493,0.0344524050633584
0.002332822336980704,0.05021090126818176,0.004214525485102591
0.002317778635507052,0.05010544944318684,0.0009342833781612142
0.0020410400362233755,0.05047566699819733,0.014847226097496799
0.002026823665874451,0.04977491401220143,0.002101815182142743
0.0022686393898196256,0.05043408822696531,0.01302933182901727
0.0024103246605448655,0.04929932033192999,0.01181187766451008
0.0027964960767660643,0.050676893667485914,-0.014353090728190313
0.002595988002960714,0.050187272979939704,-0.004555351891122125
0.0027000789777959153,0.05011538322832132,-0.012705035045153223
0.002426356986395317,0.05040346899470644,0.0014593961603210784
0.0017165515096210214,0.04934681176045159,0.03493174627444148
0.0016774076441647499,0.049170928545540185,0.06651941777135072
0.0022972688628414913,0.049577726484074346,0.03980244301881809
0.001509003388700526,0.04994620165896768,0.023929449490192108
0.001990412712715188,0.04961719972392837,0.022922406343921224
0.0017770915062498165,0.05031939008414626,0.015755652649998557
0.002031313315118712,0.05024266811856459,0.02750936821306233
0.0024842792220335684,0.05010096731442558,-0.027274353830097374
0.0024890798395475473,0.05085493879025718,-0.002883971705130679
0.0024890798395475473,0.05085493879025718,-0.002883971705130679
0.003178215770787208,0.05008720020279589,0.0040674563132104425
0.003178215770787208,0.05008720020279589,0.0040674563132104425
0.002763294336404121,0.04987587571910882,0.052798712930750974
0.0017375781353489907,0.05106099032101415,-0.008352232355376419
0.002277212214392047,0.050538307694047435,-0.025204576473463636
0.002382328143150882,0.050584641069758816,-0.035069627481730405
0.002499770695474635,0.050210919027166116,0.01119498188332522
0.0026534554650695977,0.050301691602221546,-0.001543330496315129
0.0024585221027358262,0.050472024760112234,-0.006026244299506247
0.002119400662777295,0.0501370480639118,-0.0033073040998830737
0.0027385164374857836,0.05100392235240595,-0.03157433600636388
0.0023023958629849184,0.04999237292058443,0.0017820458986615136
0.0023519692399189157,0.04945269822766953,0.02436725433936571
0.0025303987227789804,0.04949504303768417,0.039241362724513604
0.002111186143771078,0.051010641210999554,-0.04813760960357192
0.002753772965292061,0.050005821849014205,0.02755483132586325
0.0021161268174756057,0.049543592124060246,0.013053854616620113
0.0026097762678459445,0.05011008478498634,0.01549830955548424
0.002052244601680543,0.04999085718632347,0.03162103004431062
0.0021614329180222706,0.04983398947699563,-0.012192240500084555
0.002040238936450805,0.04989795239142216,-0.010483988545914948
0.0025499938615128675,0.05049258597761229,-0.0028577362156853624
0.0024759973093404198,0.04945331492293758,0.024933228632350413
0.002268560621614074,0.05052970531670694,0.010152635403313626
0.0015835837115193597,0.04969130945768405,0.02510863238829984
0.0017151956377061146,0.04988828045197621,0.010977014100702584
0.0018427245007567972,0.04990403903014337,0.011586973484986596
0.0023684768870117787,0.0503979876653074,0.005529187132276563
0.002068854418669555,0.0502757510531014,-0.026441161630156827
0.002078776153208992,0.050331234669429355,-0.023434608841526792
0.0020933757221286917,0.05011743267162688,-0.021492867929318933
0.0021382526727180963,0.04981538575074786,-0.008318771588431863
0.002078031941657142,0.04924821526421195,-0.001238951505889682
0.0021274597224748694,0.04979637344600177,0.01982138844437568
0.0019292034895918532,0.050167292473683345,-0.007311882201799418
0.0018542755095912761,0.050261062851126824,0.008607610101679392
0.0018542755095912761,0.050261062851126824,0.008607610101679392
0.0026003279542705106,0.04967656388468461,0.025473892390468
0.002594834825254625,0.04969632456357599,0.02391304875524512
0.0022533448219860222,0.049352177353357375,0.034753017080026226
0.002311309733233462,0.04908690773942731,0.019999109336970293
0.002552719311272997,0.04903734428151386,0.0620877954607568
0.0018441955820113051,0.04935094747646139,0.03183264407931231
0.0019440131860639024,0.050382501887572546,-0.02825751159556287
0.0022209972815023264,0.05087697069810283,-0.014656914432346242
0.002309978305565184,0.04994957257551254,-0.004174233075126023
0.0021092929917681832,0.05023136725131662,0.02858595258246683
0.0014704809174941951,0.050250249968320365,-0.008863402416359472
0.0014727806197179132,0.04981280787411007,0.034061927411275394
0.0013858537917128251,0.04962919724262989,0.002503012770619352
0.0015439773080624037,0.04874783917614008,0.07490046174620718
0.0030740526765167353,0.05111457623598872,-0.031090279190856645
0.001578494605968315,0.049071917231825295,0.05564839429149965
0.001582742954149335,0.04913920529233483,0.06748446267320979
0.0015956783476604043,0.04876031457641033,0.059421895657250284
0.0030592601648143426,0.050794055872838174,-0.032630776817698375
0.0020276259405241867,0.0505408727312805,-0.010896164954674879
0.001578515078643749,0.05090270181046329,-0.04385055264757393
0.001983095759167267,0.05087971777690664,-0.027217248145988554
0.002344754531140136,0.04986947011605426,0.04055591004145974
0.0025419698894358933,0.050304219451422424,0.03141070172981195
0.002466552698427145,0.05015884946329315,0.04580332721016642
0.0026212356409536217,0.04963417007328529,0.005061643794058165
0.0026603414609711225,0.04979568446208575,0.05452216672875008
0.0017060450470766072,0.04899797571712793,0.07545386045513992
0.0026846569939241085,0.049385781546784364,0.05777021541594151
0.0020204563604862107,0.04932274333507403,0.03656439962924529
0.0027272761269646287,0.05005128438616772,0.01184530731016769
0.0023081326319109832,0.049670261174156696,0.042314620492519085
0.002216735037945198,0.050066100560436526,-0.015017491681739308
0.0018935999847820132,0.049338324091842946,0.06259224903887137
0.001777806521013776,0.04935205577626074,0.0767908734326099
0.001777806521013776,0.04935205577626074,0.0767908734326099
0.002168444621271478,0.049875744250554105,0.07464724756707537
0.002315959549044059,0.04930882166439265,0.06841169575188193
0.001779187070846245,0.04887689793910842,0.08596452977373042
0.002299927021635339,0.048062816787153344,0.10294440285752443
0.002426986190980675,0.048479051828441366,0.09550031557904089
0.0022897236932672782,0.04851206039512159,0.08651744359272394
0.002116303008513176,0.04833992425645649,0.09231037598493898
0.0019205555679567303,0.04829964763573638,0.07650164847534856
0.0017719743162475875,0.050256055097252776,-0.004130883764040447
0.002407417081895636,0.050490646728841904,-0.010020279536873178
0.002413612241539504,0.05046293115413694,-0.023210370167375486
0.0024886144107544193,0.05045430787933973,0.005921559309139025
0.002674477925330264,0.049192118168003854,0.03734067049893063
0.002695242612188215,0.04980989888124348,0.05993745542875277
0.001771538704948554,0.05122946097463829,-0.036131368567220684
0.002014079850644829,0.04967803407707333,0.06204382688617845
0.002666935474116347,0.05089469217078002,-0.030998532302493602
0.001969663824832657,0.049336068390726,0.0450989507876044
0.0017683439571464347,0.04930531705243636,0.09233574109493581
0.0019316187305392575,0.04935759717207681,0.06565845277046131
0.0018003427735392165,0.04932719509713151,0.07234442384334941
0.0021026510123843167,0.04897815679172281,0.03198049327881046
0.002224444792672601,0.04968090399436169,0.05302595084968254
0.002291305336768342,0.05019165323123648,-0.00965813639951065
0.002857564524657125,0.05064680029409138,0.006317906619817552
0.0028607230335613945,0.050686865417149854,0.013231889083400629
0.0026701775170535915,0.04984378806977141,0.0017037212321482733
0.00288764765646518,0.05046870547775529,0.020774412784204218
0.0019206785637823028,0.049367486999425086,0.03908069457585828
0.002112560904551047,0.049034207277888216,0.011548776283455093
0.0020233840589124782,0.049859899815199483,0.031685798719333254
0.0018015717938345062,0.049675223617371055,0.009435613192419942
0.0019805243277359642,0.050420330233142484,-0.009723637834059856
0.0027775443173106867,0.049740376779445455,0.015143722179733723
0.0022755378357121533,0.05044166020055576,0.007830964050635856
0.0018673411995536603,0.05012985223274216,0.06602424332638998
0.0018357868128059277,0.04929977567427325,0.044372279178941126
0.0028160893322448483,0.05095655610091735,-0.01189839314602172
0.002014108445406297,0.050030545356887265,-0.008073693066358318
0.0019336818738709598,0.05039257802603541,0.027046546977256513
0.0022073885766849834,0.05033359065563754,0.013514001749773732
0.0023031217272891477,0.04927413031537339,0.03214499820823869
0.00256766218255158,0.050451367870270776,-0.023330423784416902
0.0023042844181156686,0.0497772449907722,0.02730262769120984
0.002529878341450291,0.05019116836054955,-0.0008271662733707836
0.0023370424236404466,0.04981959605630367,0.025353332008328955
0.0026074577103296884,0.05132950365281196,-0.026771221595322612
0.002617098923192879,0.05162416857246959,-0.019591871430109813
0.0025673026242555444,0.05078655540883357,-0.06383581940158203
0.003020117124974205,0.05108540469105579,-0.01631652263635926
0.002149628983913672,0.04989532225060034,0.01973583805958045
0.0020568586939447193,0.049777878918339534,0.015977602973031704
0.0025521332904341366,0.05048680938721473,-0.004396426460759591
0.00228557267344374,0.050383955720656126,-0.022068947416019027
0.00262459264274356,0.05109857073321735,-0.006770508923745842
0.002443594596771788,0.05046550553680127,-0.036375515279970155
0.0022968246206388886,0.049408534908219164,0.03801316924849173
0.002170861310222231,0.04957066083685453,0.024349705115662788
0.001991215003766212,0.049473732291624634,0.0027464176760068296
0.002431287777092511,0.05054567811958299,-0.049292181866962985
0.0023103694614143946,0.05077746354866356,-0.011460776783066668
0.0023452144242666483,0.05107065286681842,-0.024129080864032718
0.00230084866835709,0.04923939910808824,0.03276562950198635
0.00199874397475771,0.049314695250232396,0.09428747953673755
0.0021084756910129255,0.04917513046885583,0.057674739841568526
0.002200288401749103,0.04988848564728234,0.02049011939788138
0.00217523880285632,0.049729006095756687,0.04907788495216226
0.0025075549064837005,0.05012832872607227,0.03026043804189649
0.0021085719389179105,0.04940006338919159,0.05325188754527801
0.0022050174646782734,0.051372600440713165,-0.047249226635200245
0.0020475366681692044,0.051728579577605995,-0.042505962034229974
0.0020134636381286446,0.05154506685790513,-0.045820183608917826
0.002498214497799685,0.04926746617991679,0.056804486699480274
0.0025039903380939597,0.0494673352884796,0.03786333926600675
0.0022893248855599393,0.05046258498599843,-0.013387809093631452
0.0020143057810101473,0.04843006909384676,0.08663768469331601
0.00271778550455728,0.04926276737577302,0.03498974405627972
0.0023923151579245184,0.049768590536219,0.06011517891849645
0.0027772623285180664,0.04912426992420642,0.04976630905783776
0.002056642642687436,0.05057649040967911,-0.023809627696472296
0.002618829602424305,0.04977625315918459,0.02414610687634463
0.0025379504746060196,0.050178186560107065,0.028800243371700104
0.0024583452437568773,0.049982578811935525,0.011083774885312122
0.0024266327706901204,0.04965726877056715,0.021838879767500163
0.002859330387484845,0.05074100750683461,-0.0011863215309920695
0.0021723880061564923,0.048609641356030055,0.08169946633254152
0.0019343479409826806,0.04870614242853583,0.0980839129342353
0.0016922920740849656,0.05155930304478903,-0.08548194463657591
0.002753257750149051,0.049835538638704296,0.006541407453540825
0.002216544141289301,0.050552475015291254,0.012536571818220137
0.002127518699007551,0.050124736228367904,0.02519071811098289
0.0023366814496855208,0.049305651795870355,0.00993594136453009
0.002411289805898614,0.050101283416792444,0.0019956161854948595
0.0022841089248568877,0.04974979633893439,0.01614033800573186
0.002279031201741811,0.049285836227967436,0.033380013453947935
0.00270279714277972,0.050656409626290776,-0.017548953134857576
0.0028613249707315318,0.05138256504182072,-0.037561646464486266
0.0023518175311427495,0.050615052698398506,-0.03285608724012416
0.0025646024520634336,0.050765820806433264,0.008383173777569317
0.0022479709947285653,0.04999037060416372,0.0010615931984977952
0.0023122986053410715,0.050101360464385694,-0.00975543046235405
0.0018533504706276162,0.049817923511533795,-0.020593568775305503
0.0017841898444499527,0.050113485716737335,0.009789573753009526
0.001870384877727409,0.05052279839373048,-0.060708265483872544
0.0029256905701851607,0.05061764435837382,-1.9321429008953427e-05
0.0026967441990688344,0.050569987879385644,-0.013698317792322723
0.0035206055882701696,0.05075700091788448,0.006327883079045371
0.003245208474970237,0.05006351800289594,-0.008032553877563235
0.002693333359482514,0.050959755140304375,0.013990593269345328
0.0026824718370494884,0.05022550348968478,-0.016180315296149394
0.0026492033334491252,0.05086499200741702,-0.027717413414539704
0.002479136259477322,0.05106631409985272,-0.05605089449292389
0.0018356680230995864,0.05089423535634246,0.010299625936278086
0.0017387971006694845,0.04979155404972319,0.04343685290722576
0.002170609818687505,0.0492687227278993,0.014792427356957174
0.0020549266625519195,0.04987122699536584,0.039028271369779766
0.0017846052789006884,0.04937201345532479,-0.02073403435735611
0.0019097939660624725,0.049544000112010225,0.052420637449329524
0.0019296044811189413,0.04842240139001127,0.07687093964319743
0.002060028142974488,0.04893176532771914,0.0284425796935487
0.0025066850871637196,0.05070056210484907,-0.03815856885043211
0.0020344578188271666,0.0506061554762706,-0.007020590971610111
0.0026609266465646014,0.05014170572565327,0.026052290192529255
0.0020312170379615416,0.05070442518584206,-0.013120910705584826
0.002062435829428186,0.0506179509968491,-0.014895284695996412
0.002729361109006943,0.05050304049728341,0.0034254455047299497
0.002729361109006943,0.05050304049728341,0.0034254455047299497
0.0026223537773215973,0.04949177347604349,0.026367989298557413
0.0023003140544796473,0.05062443381162217,-0.010424032494049799
0.0027338131972270943,0.05033585612507241,-0.007680907999417042
0.002773464767493235,0.05070508397496865,0.005457631463478486
0.002284338428752253,0.049917756684782544,0.000891726114040896
0.001999732439691841,0.05123481527334931,-0.03830149631249953
0.002561769275195882,0.049288124758562146,0.07475064565065581
0.002538989157856182,0.048775269325386256,0.049493085742887716
0.002356236269471584,0.05034516845844131,0.02137861250130185
0.002425837998548829,0.05028413905174225,0.020031672446226823
0.002425837998548829,0.05028413905174225,0.020031672446226823
0.002391575842631336,0.050426567313142864,0.010920205505316916
0.002083407151240617,0.04992966462523746,0.0012313265032675856
0.0018271351509849723,0.049534933344099696,0.0226300384207247
0.00210654690766397,0.05017716486822125,0.011318868475457313
0.001888211267158975,0.04947490914442772,0.008186415048204746
0.001888211267158975,0.04947490914442772,0.008186415048204746
0.0019153261675632716,0.04972729396483684,0.059073468597737024
0.0020172323193173316,0.04988856841400112,0.027384382035732988
0.0019194469697382205,0.04889100930180067,0.04029863175240702
0.0020492992848836745,0.04944273104595594,0.050334329077720154
0.0017624814227494303,0.048798113168537376,0.027589671316639978
0.0013615692886318732,0.04930522885986596,0.05961031672251033
0.0012520308275559896,0.05025863309829343,0.07978957084312403
0.0020623710857328543,0.048717269126286634,0.025844731171264103
0.0020499904014400923,0.04864359569562405,0.02693794763219722
0.0023917165598544557,0.04861872297934039,0.11586813034063892
0.002468941515290364,0.04851534149896868,0.11251544177888578
0.0025779584160790974,0.04786070719269291,0.09515585523293216
0.002227276458102415,0.049414025506473246,0.07567238409512077
0.0019762859638739246,0.04961044354981022,0.03709208710929438
0.0023096125454952,0.05012081124949954,-0.007826938285808502
0.0023096125454952,0.05012081124949954,-0.007826938285808502
0.0018703831400395214,0.049212983059909475,0.06119444078604998
0.002771565583476547,0.04970677183221363,0.03191943096158142
0.0020325829612849035,0.05055252143185134,-0.026246666732684026
0.002304962747572364,0.04959717483979195,0.05067542412918675
0.002247078576903124,0.04968676773081269,0.01339403633003255
0.0024136163970078913,0.04981862042606492,0.003572562283117781
0.002587565944979534,0.05017935028778742,0.030454315684363447
0.001948158731004252,0.0485457837723442,0.07900619839176982
0.0021207186130436087,0.05038510389420322,-0.03552951754251994
0.002759344817727748,0.04866736496830476,0.06058844709376876
0.0023801727900656746,0.0496013588037448,0.057045515362350856
0.002094973190197371,0.05027104174584176,-0.03786911844249948
0.0023588918185125773,0.050155824395758705,0.016348445012564623
0.002422986128236249,0.04987898889233775,0.035001022287963146
0.002366124021629389,0.049542148235834894,0.04857485509396126
0.002308714425804451,0.05012152625842078,0.019322040994388848
0.0022543774867958824,0.04998378556147252,0.02955280404498373
0.002133616435461803,0.04993788340214003,0.036405754639222694
0.002182542643543752,0.04990329735495847,-0.0188406369906792
0.0022610566911753205,0.05045579968953689,0.03806482659104163
0.0023919913867387187,0.04897489466675336,0.03728672584024404
0.002159730724449985,0.049495618430971014,0.06726661579086446
0.002035272791789074,0.04885388964100874,0.0419716496303523
0.001984770878809351,0.04883725183516799,0.004495908670053822
0.0018737602223367138,0.04933817633703733,0.018139748709330602
0.0016772390612184826,0.049895176221226016,0.03463064450379217
0.0022593351700942216,0.05060636698146771,-0.02832529258297548
0.00242094829596082,0.05141894652844718,-0.08188005041357782
0.0013745038936959259,0.050254547366602065,0.01756501736132888
0.0025133708171311336,0.049630857215817135,0.018388161768188024
0.0020343147767941747,0.05056859625036231,-0.014626881962651527
0.001778460391507581,0.05027601047349429,-0.004614565553767671
0.002087941971999189,0.05049499950069434,-0.01140451956265958
0.0023526262743938623,0.05080459843858045,-0.033382557879878545
0.0022437690017556257,0.04988112592657512,0.020102555110109475
0.0020282793582486742,0.04903050335377258,0.043966508223678986
0.002114725392138425,0.049192722340230775,0.05449639423659462
0.002679859995882166,0.04983798094290159,0.023514072073610028
0.0021211555896310723,0.05101972684708768,-0.039442894318898705
0.001960098811517762,0.04951506965842316,0.0261542194683442
0.001921936172532573,0.04969689542088891,0.04793713567828041
0.002007913286862617,0.0497574831267677,0.04167868702510657
0.0019053150666876594,0.050590682441963644,0.01838096263965613
0.0022268525019689556,0.05006769867480222,0.01828980461564639
0.002405711815360505,0.049974097011557354,0.03237642704055912
0.0020123234691491187,0.04966195423137282,0.023027976699181878
0.00210791775094562,0.05029483909861499,1.9784914328556703e-05
0.001859222703784495,0.050651183996993476,-0.017051113795048818
0.002839337906994014,0.05031061084606201,-0.01090477001024635
0.002283408565432319,0.05021745419788252,-0.0014409641457908827
0.0018832520405226462,0.05020958586251087,0.04298916311683712
0.002654419451306431,0.05068217413260734,0.023876921068167495
0.002830265793424264,0.049759700285936306,6.513497137152365e-05
0.002130606899285615,0.051064798416919,-0.018775550333148927
0.002110727715494118,0.050580953867203536,-0.024479505610753197
0.002421337110788746,0.05105237811585021,-0.009290554426262665
0.0023900367413978987,0.051209208684000175,-0.019938291973003404
0.002350562589808497,0.050759177761892496,-0.04720371971192223
0.002324089645644238,0.05022347521601842,0.008335096281534005
0.0022599957370222855,0.050650761676172454,-0.0009687827231601254
0.0025251786413716224,0.05008982219975293,-0.005625818601896953
0.0022013659864853867,0.05015396825029111,0.004050681748688353
0.0020847751581297533,0.04958237226560594,0.010370773869303336
0.002233932505589381,0.049246160337345156,0.032817026331173185
0.0025759686334255617,0.05022233114082967,0.01009798862924031
0.0019793631623542685,0.049726543406390565,0.007346124642301929
0.002476923476213904,0.05027682144624283,0.010392360436676932
0.002414930491671224,0.04908369802906237,0.046610255352524825
0.002572820178703816,0.050548680726184354,-0.003546398131812946
0.0022327976643387363,0.049481920673440774,0.02715835334785866
0.0020882861638444813,0.050202081028546744,0.012740704328632292
0.0025985843324099257,0.049817097026505885,0.013630668111532258
0.0028195294200026046,0.05025373791871833,0.03726002908491505
0.0024144340277471948,0.050047186874154465,0.030305833332091383
0.002568544848392812,0.050559730245150064,0.04410336800305272
0.0025643819287979727,0.04976607552241118,0.015892356893120393
0.0025625147773620824,0.05079954299121384,-0.015355860587418177
0.0018078125995260152,0.04868698550047791,0.11221415502279819
0.0023343408849658956,0.04999641071334033,0.0502221952775568
0.0023500433204667135,0.04986275414521183,0.03645458218295432
0.002004991497135836,0.049637025023278034,0.03538100445927513
0.002112530603186387,0.05093311750791014,-0.04927069403706195
0.002007291614650751,0.051659361026508616,-0.06283728372547003
0.002543389323734782,0.04935695092842694,0.020218981487233553
0.0025190048844058424,0.05003545724020418,0.0435896917030539
0.002552303651604714,0.05011413044956257,0.043671857611883344
0.001963421227327595,0.049300980233789066,0.06210587130304629
0.0025977630022718497,0.05076480974301084,-0.014356630738026965
0.0025977630022718497,0.05076480974301084,-0.014356630738026965
0.0019714805727309714,0.04997648298391581,-0.011460349226963238
0.0018945551963142505,0.05035587718232497,-0.023495798419935557
0.0019092890607098686,0.05043759513534048,-0.0109696718781463
0.0022192253394306026,0.04944923223670473,0.0026378189349514102
0.0021520952758640904,0.04972955304963282,0.005264200481222392
0.0026687931897023693,0.050331168209419845,0.00861193726382011
0.0019763230248171855,0.050658892133746,-0.01364759956199549
0.0020116027573984603,0.050619548118427685,-0.031443065149423896
0.002141513278763242,0.04995616725071491,0.05122999392924655
0.002666479595792324,0.05053663586841767,-0.04620641361583576
0.0030427365719548987,0.051260480011403244,-0.03626029726163055
0.002043793020369661,0.05005446759537554,-0.015262485088048002
0.002043793020369661,0.05005446759537554,-0.015262485088048002
0.001859362132883894,0.05027764923971297,0.019827737939904173
0.0016047543120703762,0.050318817749398226,-0.020816814102031365
0.001220295796264918,0.05096398702061475,-0.0417514392561942
0.0014435696708549669,0.05035033741742619,-0.006468900446284054
0.0016607361778149577,0.0504601336814848,-0.004293871162074022
0.0016383237177239503,0.05035868804611506,-0.005823099145398735
0.0016948879873333509,0.050350666587061235,-0.0010286520062782335
0.0028890642269166922,0.05006857110174702,0.03354631152668328
0.002627004018292063,0.04973812511301265,0.017151065301057745
0.0022734133672065605,0.05074913605129353,-0.037512323252503886
0.0021500223603957967,0.05074695678341561,-0.021490462750413664
0.002668549405420449,0.05043731444252952,0.009382150859937327
0.0019473831655205066,0.049643942360152384,0.03296233802325156
0.0026979651914096226,0.050696162548474574,-0.02220350797715624
0.0024309814833396986,0.05063508389062798,-0.0241810987119352
0.0023895524529038066,0.050862377869339795,-0.03476634269799709
0.00317652361818273,0.05070135101768012,-0.003807729291760307
0.0024568293525005433,0.050647473462426214,0.0008470514676408114
0.0025540524894988154,0.049338966097283526,0.05216887081784385
0.002771823823994894,0.04941671819697045,0.07242802128688194
0.002618619773918673,0.049145795060148045,0.04708489158045527
0.0026253746541456493,0.050601809350457,-0.02344698397396518
0.0025110430002638685,0.050716900605771,0.008384191151990036
0.002113729279491583,0.050416599649913095,-0.012428703392927586
0.0022967572400847624,0.04998212258422701,-0.011895417048728983
0.0023602361971469953,0.04988122647879869,0.07052421042749639
0.0024539887732802,0.049370373295005696,0.057658082385761894
0.0022147764538421894,0.05033003966352927,0.005641341145316839
0.0022678996903854154,0.04956716291706413,0.02030016502883481
0.0027819526758950377,0.05008201360739384,0.013038644433432509
0.002107139096263411,0.050321171195494195,-0.006697210004704519
0.0027075171091326443,0.05066666283406533,-0.03007528310965112
0.0024409742918795906,0.05017035228935456,0.03395605933079912
0.002784457239588676,0.050121906327829494,-0.010794512150155013
0.002173056157902648,0.05009442326707051,0.03207617689394368
0.002583585468448141,0.049647721885379525,0.014333618194430606
0.001987992308616993,0.05052334064410988,0.0251944017034821
0.001912687176652974,0.04929818807819691,0.0043652708639553475
0.0018918386569069055,0.04950975491264501,0.008759066662053094
0.0023985278910387663,0.04993837949228352,0.030136066476074475
0.0023127041459887823,0.050526465148585074,-0.006880665152910257
0.002485860825666844,0.04998452400729598,-0.0121418169564573
0.0020163145950646056,0.05075587742082402,-0.006607359505183812
0.0019230692144831195,0.05018286195645188,-0.020211749572172207
0.00221259789891125,0.05054956785938811,0.025667907934764266
0.0019634516383129513,0.05152052761110508,-0.10380996277508937
0.0025290331210563017,0.050648706218234814,0.012561021735928997
0.0022588625622373504,0.04972459736126202,0.046750635036577885
0.0025424538327971672,0.04964609646286571,0.05107621786536404
0.0029455369542418764,0.0500165998115341,0.010860638470353583
0.0020374120316397656,0.04906423453034675,0.05050931270520497
0.0019600390413486816,0.04959238981129843,0.06169398349779906
0.001941371711898603,0.04966027773956482,0.06947935154252259
0.001971690940217814,0.04983590892279743,0.07980069618214186
0.001820130883061752,0.050406584272649095,-0.015792668115910836
0.0021575375348353567,0.051112534344786825,-0.03761827524338447
0.0024766358886513006,0.049142674487194504,0.06821575603368861
0.0018477643700687294,0.049802283657324156,0.03291974989670074
0.0018477643700687294,0.049802283657324156,0.03291974989670074
0.002632341629760735,0.04983061525693991,0.03058301064716971
0.002448041869994184,0.05026183009783231,0.006596458102546132
0.0023912111528026714,0.050161700827381216,-0.000277165258130611
0.0023415579008971136,0.050044161436738364,-0.0003361963195491022
0.002477062471933174,0.04983244900096579,-0.00023815836411027972
0.0024276231385836526,0.04996196093579653,0.003212129637627617
0.002622744647716837,0.05069603515123709,-0.022690535022670096
0.00256859928877552,0.0507174261485069,-0.030928322208952346
0.002646301304893637,0.05098767140854571,-0.013106209890185572
0.0023718976477409733,0.050300027680049895,-0.018241288727701994
0.0026163458184600133,0.04951854960705035,0.047839327205844974
0.0018810716818818093,0.04990121965085481,0.0007899661522733422
0.002115860017660227,0.04984601470892328,-0.020827042384149286
0.0020150917807185012,0.05081794482003659,-0.03188906315159909
0.002548284517107437,0.049953362408823566,-0.017158342484897348
0.00254207692917415,0.0500112057742906,-0.007603430046995266
0.002897174964562951,0.05054169481330542,0.04511917675092546
0.00196021664159371,0.049923596523898106,0.00665984465561334
0.0022905608495844276,0.05114300531548225,-0.03641028953375566
0.0024526121937363467,0.05077627791464796,-0.03279339022482753
0.0022400838434432266,0.04952100023820475,0.031046418736191603
0.002449353178204846,0.04993408091565786,0.02637469817954835
0.0020753548408021785,0.050057700590210814,0.026891725186522525
0.002064179511777152,0.049443421780806,0.030817072390929345
0.001965437921924417,0.049361123777357734,0.033270055335370294
0.002179161759710745,0.04954950125141992,0.04937148974863923
0.0026144109194950263,0.05060476394663406,0.016354219768561804
0.0020602642427833572,0.04976419196562033,-0.025194077492411336
0.0021227253087940548,0.04865808677926557,0.05931314403111029
0.0019049118273625873,0.05027290656384652,-0.024288292592316952
0.0018536082373160183,0.05123824894677359,-0.029151237781815817
0.0027383953398987036,0.0501532272915682,0.024150481827689058
0.0024815788891300555,0.04985305917390724,0.00581324017306655
0.001978672818345341,0.049961324108077056,0.011330636490718339
0.0029300474891921675,0.04979548432695257,0.038634186108703596
0.0029826136190385685,0.049759539214263536,0.03939768304327472
0.002853843226193983,0.05018797156211217,0.055110886172730716
0.001592086248707261,0.050054247539719855,0.021462506896833978
0.0028151045089838777,0.05065498038401185,-0.028232630209473534
0.0015992124666286446,0.050141607246919566,-0.00675899696704257
0.002415448699263983,0.04970107246933784,0.005288873739261105
0.002250224983643962,0.050728074446346194,-0.007750903523910548
0.001963210489830345,0.049653992953738714,0.04489073376870457
0.0026794154410269663,0.05023815310717022,0.021555830584971365
0.0019912987253464264,0.050098394952375204,-0.006302045261193117
0.0019259871829029162,0.050855346429831715,-0.027322701066612564
0.002847021190221824,0.04910293428596358,0.07055952704122985
0.002421153025242568,0.04908538498252317,0.04829094585615453
0.0020588814968110574,0.04917651640797596,0.037261130020887094
0.002875265640284079,0.05026937098774342,0.0259512433520218
0.0024993584232350283,0.05019464499405443,0.005989925299162517
0.00261240518537192,0.050273039351664155,0.004446097271113355
0.002038222804236352,0.04958238399991745,0.02171953896421773
0.0022429513091227838,0.05040716214431266,-0.016312077414862434
0.0027269831955944518,0.05090549583457208,-0.013285276046055831
0.002311387171075407,0.050012965520853464,0.002657207439072675
0.0023908201921698643,0.05090229679409191,-0.02767470859646607
0.00267794414654406,0.05001284267906419,0.016610481029842736
0.002287991053190025,0.04859199999916268,0.05877970059439276
0.0023895823548749136,0.049526917739839645,0.05162506112514347
0.002706217148857151,0.04900696195494878,0.05070637064343716
0.002546640115239554,0.049690836712427286,0.07192203211294308
0.002833666404159663,0.04946157397849801,0.06843025361334486
0.0025128620174445656,0.04918063363699639,0.06678654170277713
0.0023416732199718297,0.04967424971549912,0.07155696382354633
0.0023456611256659505,0.04945044044975614,0.022729989943417198
0.0019479546572622312,0.05014149967496565,0.021684971197543795
0.0018451651440521454,0.048648781134381404,0.040859178405889075
0.0017966084510462725,0.04954814315513098,0.04794962493877955
0.0017764077572039493,0.04885275168177294,0.08928086768299565
0.0016903923679107442,0.048600118725755724,0.09378649210073842
0.001991474479697548,0.050835916343331275,-0.06390564222331495
0.0019889722895679867,0.048469245600469106,0.11676145995254955
0.001534460361449499,0.048979168835826335,0.06084391727676053
0.002040866985948561,0.04911319882683805,0.017258408083798298
0.0019704591051110773,0.049724136827804154,0.04711711760457747
0.0030178452612625293,0.04991774297336615,-0.004671316745957654
0.0026727123985541288,0.05042234380233125,0.024284063726757687
0.0018855890860467277,0.050583874794210275,0.014210770349961736
0.002225636957219463,0.04977108418671698,-0.014585500624612379
0.0022452945317790298,0.049966785986692186,0.032217095127310115
0.0021862821603737454,0.04756326940899803,0.11457028858395985
0.0017839170949096755,0.04849418643385194,0.09352689625237985
0.0018575841213117322,0.04866096697879285,0.085855474236141
0.0016733746616829253,0.04847359008823676,0.0662639437909648
0.002022392239319844,0.04968648899383511,0.03413359696741755
0.002539261877901656,0.0502680822065281,-0.023548849947584084
0.00282183920248624,0.0507499179951973,-0.00019170433393964108
0.0019266359652628333,0.05068794169377199,-0.0026102203676228726
0.0017171441111166123,0.049291736753469595,0.056568998295051506
0.0023725700314262176,0.05037979041006094,-0.011138097384391176
0.0023725700314262176,0.05037979041006094,-0.011138097384391176
0.002324271581987184,0.04997677377347882,0.007309301472745139
0.003052549695636993,0.04928812519059969,0.06461950050945289
0.0027556397071870453,0.0494163328859551,0.07409271291395277
0.002658125723108359,0.048588669264443385,0.08092460026986228
0.001780992645754146,0.050742472024212476,-0.046669017436082066
0.0018716015688649197,0.05056674136912517,-0.008762250972249919
0.0027151817292876304,0.05033929900693757,0.0007697811103952889
0.002116465363833981,0.050457196482953014,-0.007454637812443892
0.002116465363833981,0.050457196482953014,-0.007454637812443892
0.0027912019051779774,0.05024960980677347,0.013086473938179077
0.0019043076711829975,0.05004198234761256,-0.0059632307581770514
0.002404594774568114,0.050590290857733346,-0.014536796848758618
0.002189132234404346,0.049922869698231856,0.018131250014330035
0.0025910764892400264,0.04944528098118473,0.017172629960320897
0.0016529948344764932,0.04927290626164466,0.032042833654566776
0.0026919173556237117,0.05028846327731042,0.025537307643153616
0.002100682328566983,0.04974154952702289,0.006590869710002543
0.0019635441616796083,0.050212875667050516,-0.003699463442690223
0.0021216107035674676,0.04988581008635818,0.03546612505994923
0.0028942762288565326,0.04992359933888752,0.03222178350032154
0.002019120348661766,0.049908488454199575,-0.008296883005728433
0.0020588902870888053,0.050271905435904624,0.004104424536678337
0.0021178174748278794,0.047836749515331074,0.10592788458384443
0.0017770125349186338,0.04800322442650595,0.09258848019093488
0.0024325602777457663,0.050866354772989196,-0.021450860247512953
0.0022077907931266623,0.050841865957983415,-0.005839301499044133
0.0023829502293520517,0.050546258907192235,-0.005650944943777253
0.002686540638839584,0.05041151503902947,-0.018720900249543503
0.0018034964784205511,0.05002200994247395,-0.009356104952020588
0.0018758582166270086,0.049972715195578714,-0.021594269390739888
0.0019035784565217134,0.04996248011279412,0.04514398524513866
0.00252444328417047,0.050355756118453505,-0.0061122435788553975
0.00252444328417047,0.050355756118453505,-0.0061122435788553975
0.0027109680084040294,0.05038866067563731,-0.005546855807578818
0.002352996486887474,0.050232272726205944,0.01939872977802655
0.0022208656184445567,0.05057106090316809,0.017845747548679954
0.002379388272967552,0.050345417391371064,-0.03303199074639821
0.002500705347245282,0.050793274974439084,0.02125838718183642
0.0024684969687991795,0.0502068470158444,-0.0250933588181135
0.0021471328022338383,0.05018974573527341,0.014384942809551137
0.0022846718934354847,0.04956715296323895,0.007874288239689033
0.0019993072393119033,0.049926098929745734,0.03403353313403932
0.002446825426664641,0.05066494145760732,-0.017948993499554186
0.002412500726962233,0.05024859699566311,-0.014531276978355366
0.002310391194148319,0.04977100017325899,0.03165435107189616
0.0027125130698794266,0.05049647149813963,-0.013004326402423043
0.002632697457208492,0.05019481684688829,-0.015049110551875371
0.003025595857169862,0.050320338245493756,0.021119468378146912
0.0017330981734378717,0.05080950819787129,-0.08174086899575235
0.002236060082007808,0.050656951556613775,0.01124683195315173
0.0018216084253393139,0.05088134548191339,-0.054969276302297365
0.002052035061637512,0.051322565655088276,-0.035411616295821124
0.002701847035724495,0.04921809867187854,0.032109321623208786
0.0015248107327167125,0.04945133749197069,0.00863240210337989
0.0015096272427453958,0.04949805306324588,-0.003966592210966373
0.0015416961870792945,0.049580469825264956,4.1857077494295366e-05
0.0020266335079452,0.050910321144983416,-0.024712164493659
0.002182428498964721,0.05048990095098215,-0.01302816716661939
0.0020973048060344964,0.051163714993969725,-0.027400601534229862
0.00208988520780246,0.0513407770292986,-0.03076668436077978
0.002591911573323704,0.05074410187284972,-0.009146271167914962
0.002433779315696883,0.05016326607054717,0.004172977846104633
0.002433779315696883,0.05016326607054717,0.004172977846104633
0.0018095010684565334,0.04988299347163505,0.027056070047565352
0.0027098858915321814,0.051524593291122925,-0.05530171116516123
0.0025168525992664463,0.0495485043951145,0.03347674300127137
0.0029342339891989797,0.05014926301149515,0.014608223668684422
0.002029298465224473,0.05032549796858103,-0.027468200889244312
0.0020890608905481537,0.05042899069662829,0.00047966325756054154
0.002662166653949964,0.04920603003288892,0.05318766413584202
0.002096224647570986,0.050654904006577496,-0.018832417128744203
0.0026004781514273718,0.04997117629998169,0.02545599985306201
0.0022931774046839365,0.05005408399147931,0.011578553686927234
0.0023609023693882867,0.049780955875954616,0.02677231183180982
0.0023734139628056234,0.050201208004372715,0.031542852524765366
0.002354966688192775,0.05047809211779461,0.036229487387223654
0.0024276243111702447,0.05001936572731305,-0.019189183376000358
0.00216565375726233,0.049844088491383096,-0.01225403716210085
0.0018515819529142412,0.049907221730713845,0.00382058715850692
0.0018503825668116497,0.05016903281232301,0.024361212074345884
0.002105557392782874,0.050649329709510506,0.018328769929523064
0.0020623487018770962,0.050811594230490906,0.0198539691378207
0.001955484939531437,0.049510263916924015,0.016286941203373415
0.001810628342545328,0.05051997232136918,0.01201985488348284
0.00203186996697853,0.05194793633924397,-0.03010888419312939
0.0026830411636272282,0.05055620311662597,-0.0009272181499238514
0.001792095115212416,0.050966587028888094,-0.06363850053121362
0.0017377865754938484,0.05096315402636744,-0.06785463608020542
0.0016326663543937132,0.05066860005404484,-0.024231610193988163
0.0023051180678199906,0.049389839964007726,0.018991871816331284
0.0021973138497336387,0.05057018710342786,0.019721833520116167
0.002582078676848402,0.049653601878022834,-0.010456924206461257
0.0017990838784316284,0.05068760653365811,0.016529157248572585
0.001953521782422548,0.04938476762250141,0.013530450477153386
0.00195950664837441,0.04931646188473778,0.014726487056464977
0.002231909021486743,0.0489733169690437,0.08952409379384875
0.0017178371380218622,0.05036443433735079,0.04069434777040858
0.001643652747426366,0.04914910335700857,-0.0013187773876141235
0.0017569951554791744,0.049993169364191306,0.00412850666031719
0.00180925624743867,0.04982167157801226,0.010718001643336047
0.0018398372025134615,0.04970264136526811,0.03470764144022193
0.002794148055026352,0.04998999576485623,0.033074105679227826
0.0027752069619069236,0.04988264270250269,0.030694328755555906
0.0018588352615143968,0.049661392123898876,0.018284607835278154
0.001982152557980624,0.05021629382999029,0.034492418483104116
0.0023431372149253413,0.050994235321849095,0.008182525661510169
0.0022839026944605155,0.05047328327021016,-0.000830882258516952
0.002510229479332241,0.050113397123723494,-0.0031712632286467275
0.0024270802974226307,0.05026637642697275,0.014163538472435401
0.0017521181713241792,0.050087167582846336,-0.0028692465356497496
0.001970211833238084,0.04990217561490243,0.02489802531417319
0.0021230070589462165,0.05033754780506598,-0.0183088823701219
0.002772043446105667,0.049702676196756564,0.03612332561949544
0.002540871220202805,0.05005022464242312,0.003685970904439698
0.0023826382333628315,0.05077886821191026,-0.008798978731905084
0.00246666626518261,0.04999299994339511,-0.03664381049841596
0.001970541032203009,0.049712198590753154,-0.00975614302227509
0.0019264998543208705,0.049928616118013434,-0.012794609285546021
0.0025950120628178983,0.049793892044941175,0.009026059763965652
0.0027584967743600358,0.050116929579478414,0.020335104204827748
0.002922511453772181,0.05067421076975105,-0.0011271507438276184
0.0021413609007823755,0.05038718955410786,-0.006547212237273711
0.0015052439237157624,0.050416549938046916,0.011238881727651197
0.001556973048132897,0.050164082950805156,-0.00012615772499424018
0.0020597080076672136,0.04922065696126775,0.017483346184732594
0.0018612029170884065,0.04975855208503937,0.05581921890814029
0.0023449943908459324,0.049393460581552445,0.017895787638062374
0.0021809137809288433,0.04959134862623905,0.00662030236659262
0.0023003382891191907,0.050106442278258015,0.012319197573487966
0.0022649827075194298,0.04996022417062318,-0.006063811916662003
0.002514165801349728,0.05013432022501435,0.015488012567618782
0.0023288015778184035,0.049680248210681684,0.04800941553262578
0.0023855580451255594,0.050117907671768325,0.029047571332071993
0.0026034913131568406,0.04946953235477051,0.03176052145246567
0.002044279432006326,0.0505205173581497,0.008339065298785784
0.002246781647735099,0.05016837024275761,-0.007271771657702757
0.0024512623152933327,0.04958470851349279,0.040961456096670894
0.002439918785716944,0.05044265792938439,-0.011303754090498629
0.0021767433616799517,0.05071589541438462,-0.04657892930298105
0.002581583958672639,0.048927937207707016,0.068693769458065
0.0018094063050140422,0.047603842593632484,0.12042221403507827
0.0018094063050140422,0.047603842593632484,0.12042221403507827
0.001913670268563615,0.048014578976247876,0.09377734118352893
0.0022484059457108098,0.04801732047872834,0.10959058431109936
0.0021890749126544456,0.04793621109845224,0.10614537083037467
0.0017650045160914139,0.04882945427210801,0.08134707189177903
0.002534403783274002,0.049609980000815464,-0.0063286087923834725
0.002290701740450253,0.050138027536835106,0.04328619164236293
0.002377094287741875,0.04967189914729812,0.035352248303915396
0.0019774215843218258,0.04951179379670479,0.023525105028468045
0.0025535367320151086,0.05003160872587046,0.003470287754921081
0.002542951992418095,0.049838778475285006,-0.002857382433315059
0.0025866649639877883,0.04998122675490872,0.027582115961609723
0.002709493653679318,0.05021234213321607,0.02700817143236107
0.0027270387130083704,0.049672188319665446,0.020457100368118916
0.002109383327400201,0.04983710056011084,0.030918028886442833
0.0024808501801445422,0.05063359169982849,-0.004239539069591862
0.002296277987987792,0.05024402958241111,-0.002734802405134588
0.002184404389441554,0.05067176752565468,-0.000787221341882303
0.0024821736491145436,0.05019659631896301,0.030926991537601797
0.0020580572494472292,0.049873605917718354,-0.0003881254616299808
0.0020698758543222034,0.0496648887597876,0.04482228170681348
0.002610454598242204,0.05079988793309406,-0.007226506549076576
0.002527202426806962,0.05057766910017488,-0.029657489271714375
0.002137476497008857,0.04995213447544246,0.023906517295632847
0.002746209447059856,0.0507609074907799,-0.0423210208354132
0.0018558340813370064,0.049400868844993784,0.009057466520220528
0.0026064788966415225,0.05040026363434713,0.008305172656563909
0.0025900231990318616,0.05016094935637766,0.017855555132539447
0.0026391178226746912,0.04927668022628432,0.03432713772361513
0.0026391178226746912,0.04927668022628432,0.03432713772361513
0.0023614916949280676,0.04972291193503831,0.02400644028639511
0.0027387819278347444,0.04935318044482248,0.06606041151711689
0.0024674129125590465,0.049883122765851225,0.014498352185846552
0.0020744713109632825,0.048866383468254636,0.052869758025734945
0.002573303775558307,0.05084376638496051,-0.04091079021943986
0.0017363559213414875,0.04837318380367795,0.07004124873885308
0.0017321995996597425,0.04874898052774839,0.06375884589874828
0.0017180937703279399,0.04999665394341908,0.02768378705233703
0.0019014164114736962,0.050155939020799206,0.026882607565575947
0.0020066118703834647,0.048955641106718836,0.07758891618925211
0.0019944900571928262,0.04862277447240617,0.07298362033917305
0.002967525860274765,0.04923376495671712,0.05434089789894544
0.002376256236372706,0.04979514503164746,0.029382790991728615
0.0022965067790537445,0.04914354766523879,0.00959658856635835
0.0025458824479047677,0.05020752719169872,0.042582599038968896
0.002053637155503546,0.04990371928422717,0.0014375123510351087
0.0019106320745607966,0.049473972861027005,0.052512797024624545
0.0017951129688876216,0.04940923376000977,0.036126049570423355
0.0018714191767265581,0.04913422211017228,0.027963869087305374
0.002094623439050937,0.05042368888226351,0.03125285349691791
0.0019995059678777085,0.050153082850238416,0.04371005370981341
0.002055088236754787,0.05025674351251432,0.05674045534354301
0.002037878399246333,0.04946417368447791,0.028399799379666517
0.0017562671691937468,0.049417804204810935,0.013074786424952326
0.0019061576313506201,0.05023870019316762,0.0195190743334362
0.0019650479652337147,0.04973610348171564,0.06763064151937218
0.002056310644579677,0.049444252685278516,0.028412373504684788
0.002035192497014198,0.04957798590632166,0.049772655573156965
0.0023411922674375536,0.05089098436975772,-0.0018546730305022874
0.0020150425673122383,0.04946796715554543,0.0419606300303789
0.0022128520072534656,0.050363144906166515,-0.008581075476612316
0.0020107754856200626,0.0484967015823062,0.07968332901097294
0.0020414321753049777,0.048839636296602235,0.0723975325060053
0.002438997366211214,0.0505829004807757,-0.04771016280698779
0.0018741789944053055,0.05053337414312194,-0.0021036665602666683
0.002354405602190625,0.050879188062727856,-0.03233422726766078
0.0022215296904358603,0.05091050136020395,0.0015452646567789227
0.0018787021885404845,0.050627291010116884,-0.01851236269400248
0.0026126887762201022,0.05033337606422886,-0.020065192510592005
0.00221240216816794,0.050564120816930014,-0.006271328669576206
0.002097204219563408,0.05075131943253491,-0.004786616522702239
0.002187628583297829,0.05030141560779281,-0.014585381269940597
0.0022188357344342362,0.04964331047791496,0.01989298533777791
0.0023378142056304967,0.04980400334314926,0.004477935380714269
0.0022410679096552654,0.05009090325216784,0.017623597214468555
0.002130991703954521,0.04980403590287455,0.0027538369051684376
0.0027675389320403246,0.05021512100147748,0.03080338478091338
0.0026715488901736468,0.05011915084813731,0.03233339489450724
0.002204107862693299,0.049325453873164005,0.03228777784718345
0.002108261233829515,0.05114776593361364,-0.02705504816511952
0.002333597161260636,0.05044341290385485,-0.03954330807205427
0.0024270974414279055,0.04965688019525445,0.04155364553182944
0.0022914916958581937,0.05013500019576014,0.030356408708093332
0.0019501353759230865,0.04938466325104007,0.009981962001359356
0.001946156757156705,0.0499660022374619,0.029836421508559186
0.002390829077174503,0.05015238458789956,0.017085423315816743
0.0025274230568743607,0.05060866691319216,0.017165888817403933
0.002485433719298662,0.05073227887333802,0.02924715114562295
0.0020944042357024704,0.04992653482459246,-0.005626885164060181
0.0025181739738741995,0.050654688629598064,-0.03835989777927856
0.0022933256185230337,0.05119231606573095,-0.03822064055952347
0.0023125392301887567,0.05078070479790363,-0.04561572564222322
0.0016307398583295899,0.05094985230419953,-0.023101970109140356
0.0027812664444893114,0.04918175222814145,0.04423376810373304
0.0018851034906450712,0.0496230683514203,0.02642022747655023
0.0026340288261083172,0.04979100710608317,0.017402227632072494
0.0027052377908924185,0.0495970836149156,0.0011198081735094725
0.0023370167293619965,0.04947844169478941,0.05048381096138398
0.0023873610460352504,0.04912245233314009,0.05226923214623155
0.002371457672612207,0.049329951193070515,0.05604461874442778
0.0026915665904225766,0.049397449411364716,0.02193783927967252
0.0015842669690776252,0.048818213862085895,0.08542498525710976
0.0030197298201284895,0.0510003626875952,-0.021446042775111036
0.0017098603941324343,0.04916862874196219,0.011356936304549117
0.0018185084558861814,0.049452315461546784,0.015716589653327326
0.0017407868402938265,0.05041228328290099,0.0604892676197945
0.0021057865035242337,0.0504821188852687,-0.06339156022027932
0.0026373318061786916,0.05071104482231309,0.010486567768527478
0.0026244150433117884,0.05076346432234885,0.007981972463882596
0.002454316944539945,0.05046912106047872,0.015781019758338045
0.002536392330099927,0.05004421101378975,-0.004169818634255691
0.002268112114527444,0.0501232741901816,0.005697654662055338
0.0020921504004787683,0.049920302899144946,0.021768579277944605
0.0022035166472232958,0.049699929583950093,-0.00635264026874787
0.0021853696110686566,0.05023818378787991,-0.00028918623578062227
0.002039253526961974,0.05059502345174141,0.013583349355617245
0.002218047669316772,0.0512971770855961,-0.022870875332642312
0.0025150739584582547,0.049391503473296065,0.035071849828972546
0.0022821756837855477,0.05007140010521876,0.007881503283895508
0.0021465547042771715,0.04983655127729062,0.0359137966779506
0.0029164496937288775,0.049750376370372634,0.03430781222735204
0.0027883744306458373,0.0499977660549105,0.056919615117249314
0.0014009422781299306,0.04899368915513969,0.08110777997455564
0.0027517590668380176,0.0501290845505277,0.04685191057551769
0.0027517590668380176,0.0501290845505277,0.04685191057551769
0.0026249374262270935,0.05008799829819349,0.013869249223895222
0.0020623698101133315,0.05026524764386905,0.0005388430098750517
0.002611627289653449,0.050214637945093246,-0.004909741742071244
0.0022737736091741584,0.050879575769291516,-0.006334045035270838
0.0024074154903056936,0.04994527498399329,0.007740935014642489
0.0024376586771166844,0.05016602689804603,-0.0033363824156792906
0.0021448961900820043,0.0500008677140705,-0.007165711529354249
0.002057896228411486,0.0500692053857513,0.00017643645425273322
0.0025014773074265202,0.05017162407993352,0.029803967136777552
0.0019006506013076042,0.0513852213009376,-0.05131527169124014
0.0023311466860978557,0.048627750237363675,0.09097232076549601
0.002378575269052831,0.050480217354101437,-0.05724674797889676
0.0022927746968257564,0.05168175941069274,-0.016580105967462365
0.0025959009339940895,0.05031139277492676,-0.04726810028590413
0.0022300718018962795,0.05021886234045161,-0.03814149653210674
0.002121402370448857,0.050935491009706714,0.0008352641911523884
0.0021017081408720036,0.05078954541143015,-0.0071518414428288326
0.0026597871088294084,0.04953524896581526,0.017043586004141128
0.0024075599001494303,0.050223225652460395,0.021866631172202628
0.0019261287110360942,0.05019678946985876,-0.007677123961704664
0.001979275147622011,0.05011495188798166,-0.008402343835258383
0.002074775569846356,0.04981213104206441,0.013138699161106602
0.0021637381123619345,0.05132750653862204,-0.054087736723923016
0.0019837012586920453,0.04911946266465393,0.04917227397568391
0.0020135012593280096,0.049235485650762016,0.0658556942265174
0.0020470352739372284,0.04972182516659072,0.006268938332113954
0.0027832178287749655,0.05007280212169969,0.057159710697546134
0.0027601856886441123,0.049104988146619885,0.045239359783013564
0.002345740062039186,0.04970720365695455,0.04114775249438627
0.0025167804157862957,0.04966678373584612,0.06107093119065217
0.003247574172844788,0.04936056935223024,0.04485613950999481
0.00154555001797195,0.050229524612241234,0.0007393125846897176
0.00136464033420096,0.05011494871803864,0.026146978001725926
0.0032890295236358814,0.049669104376681546,0.05108648933888501
0.0031538466474281645,0.04971815260839105,0.08298614817304736
0.0020060372957098234,0.04754446128538888,0.1173523524137634
0.00219142153845698,0.04858107397915036,0.09367707776186168
0.0017686453951947807,0.05008982341435843,-0.009739542630592278
0.001864422027059278,0.05008665787620266,-0.004281666042935887
0.0026318000324721713,0.05033775896897306,-0.018318921020058655
0.002612534689645183,0.05071043952828602,-0.001742700671263319
0.0024149399380842852,0.0504154670622601,-0.01664344195833764
0.0024522634874722376,0.05013672624735529,0.05713636052441186
0.0027005980684451487,0.04944803309205768,0.03944087525441102
0.001755836279904114,0.04942842005976981,0.04098540821685478
0.0015496307455189037,0.04896466693947102,0.050246796311000874
0.0015530427912982794,0.048439187579762295,0.03438442592399711
0.003040375475597524,0.05008630747222113,-0.02906824374447736
0.002524680257497065,0.05136620602136528,-0.003563541986019321
0.0017502147771531725,0.049939053713931,-0.007777168839084289
0.00215880235797246,0.049946842713483715,0.013025165121408586
0.00211083786449335,0.0499944247868258,0.014702207750392216
0.001989868857424615,0.050398335180906834,0.0015357471742060908
0.0019031909363714584,0.050734365446170895,-0.015471044323529585
0.0024913145019976,0.05052431291271558,0.03587541292403307
0.0023899842033797336,0.050083368026773656,0.023993665601779075
0.0022990664445885884,0.05062525044232962,-0.008597719806167572
0.0023822937655390525,0.05042198474726119,-0.004262149299730104
0.0024914565853584847,0.05032203537462191,0.0065605843248973325
0.002665256930167493,0.05052115899727582,-0.007044124749458935
0.0018902241790615204,0.050787194241010705,-0.009802797360881303
0.0026784247563810507,0.05034003342737947,0.009064602743802006
0.002553217262345651,0.05057167266378561,0.028959255318995555
0.002356630329166825,0.050314371150860654,0.023945704288917673
0.002392529703069366,0.050180477851288124,0.027531708166108258
0.0022542414293285273,0.049493663313805794,0.0576461649629371
0.002470580922019068,0.04959078444624384,0.018618041754473284
0.002420577907281225,0.049748148010613245,0.029451680310202007
0.0023536930747738026,0.049679547361076826,0.03773861540495486
0.002077349913128769,0.04978448616286288,-0.008435979028892463
0.0019610639073318957,0.0498427097146543,-0.0033297245805769147
0.002186032895039787,0.04803027065736698,0.10379314718967406
0.0020238544958408053,0.050044799779237155,0.0041032024861424295
0.002663848104793569,0.05058228041120115,-0.03045726254362494
0.002018821548791727,0.050947289495975545,-0.012441484331807548
0.001311368988662513,0.04992107971161697,-0.003986096705862582
0.0026206363993886953,0.048658699275553635,0.06602437448222026
0.0021916229559475345,0.04930383194761295,0.0683807609688971
0.002497612635893782,0.049861058437483896,0.03270768733223083
0.0024414758738616677,0.049148675106998455,0.03918984885378788
0.00277547652503066,0.05077905453844817,-0.00839503953819172
0.00237091965927452,0.04990624679290158,0.006001783144236773
0.002232374922856241,0.050199904600205944,-0.002429185545808355
0.0021948618594597505,0.04977526445132914,0.02332445753548563
0.002087114037393271,0.0501320257460479,-0.0030180095531387005
0.0029987592214466155,0.049997510281222235,0.010961369074303342
0.001690615765835442,0.05055899589566284,-0.03768521051231988
0.0019834832634169223,0.050647802140749036,0.04139681277072146
0.0027921989525305675,0.05013252818130059,-0.009265952165355886
0.002419162263212362,0.050386979104989536,0.012346270241987138
0.0022077589105548644,0.050092193454031035,0.006965842645042561
0.002650523066015118,0.04977113533215297,0.023851411354014158
0.002403519418170726,0.04932536772942569,0.04237118867941459
0.0024783506259567463,0.05005644658328145,-0.000781708088522276
0.0023481295008939145,0.05049724029765613,0.007493483535081733
0.002009296362947982,0.04812338493779734,0.05958952462698472
0.0017788487384794653,0.048939162764967244,0.09593574095329972
0.00249772063130815,0.049019900137405356,0.07620620664546737
0.0018474184837119127,0.04962269031632368,0.008777952716022327
0.0015783311921306789,0.04976520191160668,0.024502662419748834
0.0025234754608669196,0.05104451420739685,-0.04092549615499187
0.0021175504241651194,0.049803261601465434,0.026014749745501466
0.002093691553582249,0.04974102151731946,0.02576088918436171
0.0021580381216470025,0.049852714706331035,0.0323592006973034
0.002610422184769919,0.05036552343351335,0.022680068377625782
0.0019827602329595723,0.050021509158476786,-0.0033596808593754665
0.002145513464280161,0.05028261178027498,-0.010054836773720483
0.002111948913347637,0.05069494228005384,-0.0440820528057297
0.0016708614739200506,0.050466919552379835,-0.012266029191582144
0.0019542019472982004,0.049217307414172386,0.04309276452340489
0.002284808151407276,0.04936754974612963,0.06747281752072784
0.0019689141730705522,0.050062753953683176,0.012523626630133447
0.002170221411394318,0.04941469301213976,0.004838309872972463
0.0021946938482229695,0.04983089249312193,0.022173055302937904
0.002066144329654677,0.05038800854465011,-0.024792680810798707
0.0022131278303246953,0.05057316415342054,-0.001933160568006352
0.0024739541539810462,0.049969151942571434,-0.019298731769902412
0.002249957022740882,0.05116087543057312,-0.03167689581311988
0.0024250526904659717,0.05077307896767045,-0.03974354657626879
0.0022394976825946397,0.04937465742750017,0.03046887289489775
0.0021374596975681113,0.050694921667986594,-0.01756657456105268
0.0025384788991723627,0.049070316887318735,0.06378289959182472
0.0023311338923235185,0.0503743834147252,-0.035362521933161424
0.0017214855893361593,0.049955166373142956,0.02693211222047273
0.001489922763827712,0.050688306786517305,-0.03564046121723867
0.0013567810572844674,0.05085598094046215,-0.013445740078609799
0.0018061110933663205,0.049983452567544356,-0.0042658693738255
0.0016669035927909055,0.050304549867072126,-0.0037742762556472443
0.0024681074861071244,0.0501921403082506,0.024569209866125232
0.0027199011940448985,0.04998087621188192,0.019974792194871607
0.002344118283380033,0.049326835880276615,0.035235356038145725
0.002605664244253339,0.049114331380833195,0.052100426656635786
0.0021727145056997595,0.04983482826465854,-0.019374205903198105
0.0023195175607082477,0.05022175106621601,0.012875402279241709
0.002295114349626349,0.050263539748342606,0.022345169822938295
0.0023465864513644466,0.04874245567953113,0.06885094888676985
0.0025563882470440737,0.04852225348042637,0.06530614258760192
0.0021048107541934815,0.05150642565312327,-0.05961519820532486
0.002173242730797504,0.04989743496945209,0.008615193250714442
0.0019098119824923002,0.04989578674263218,0.019736805661947084
0.0017883965668571914,0.04987254624194909,0.015951005270842936
0.001500588133074942,0.049631323777904544,0.027637447682627832
0.0016606650371220428,0.04985929042487179,0.02304467939445377
0.002661512103915723,0.049268020856806864,0.05758701178560658
0.0021757602491504525,0.050201944354681935,0.011095981895789152
0.002279517856388415,0.050211978869743365,0.017923486416331288
0.0021612772272018286,0.05015711722909435,0.013001549350342213
0.0024753739774681697,0.04995911510048908,-0.01142362862606931
0.0021829854794835606,0.05006189338425343,-0.008481134247596047
0.002193117215497692,0.04986710297545421,-0.043378646485354735
0.002276614793284804,0.050025049385752585,-0.03032645864764255
0.0026328354998674496,0.05035064406569677,-0.02094639259736553
0.002592743792712945,0.050585343328684064,-0.02060176866156609
0.0027529246996962652,0.05115829830073513,-0.06721381776752358
0.002901207321068359,0.050816516182363144,-0.02789196489277903
0.002846050758320096,0.05074733770436883,-0.02278872954063294
0.0016323215151351075,0.04968762113987321,-0.017432894574458388
0.001602497048027618,0.05011180606173845,0.00042758245160722777
0.001699344886024659,0.050298150977047984,0.005771615930592854
0.0016940527831557483,0.050253535664982925,0.02859549869841814
0.0021401731007959623,0.049787890354387215,-0.00858404368371208
0.0022288981475965886,0.051186728980487095,-0.04211309137604718
0.002058218249994906,0.051198935398681436,-0.06285448468500365
0.002960976351818213,0.0506134711170882,-0.0163602282712604
0.0024348783750756035,0.050846750972664306,-0.012454886128298459
0.0018824898649470046,0.05009632564677994,-0.016910923321123112
0.002004401840244892,0.04871682025184783,0.0477357348024527
0.0019534035150776123,0.04942795224401415,0.025214123703266172
0.0018471880800199519,0.04968640861234981,0.05955506686707664
0.0024741660364766666,0.04853218130252303,0.05734831014888186
0.0013973041882913704,0.04972873632459718,0.020671181535126867
0.001591643175725627,0.04912059154348534,-0.004981577280884353
0.0016394038630875225,0.04930505750661757,0.016260315062858417
0.0020181260183043653,0.049388669301041646,0.09704663848284734
0.0021641020046838503,0.051160858332772986,0.024693331894917122
0.002532702658344976,0.050096728124474986,-0.01707822728856563
0.0026153966820120188,0.050163469973379074,0.030339243065776574
0.0026153966820120188,0.050163469973379074,0.030339243065776574
0.0021767742804879413,0.04962310382299164,0.020384383928487165
0.0019585035876134933,0.049932394675085603,0.03261738044515161
0.0026617575299128084,0.049771795365630825,0.02889456539855942
0.0028550989151811213,0.0494997214144769,0.06958198121988492
0.0027217257219689654,0.04979442739242248,0.020653357275811607
0.002450284855920263,0.050509480000770705,-0.011613278569626026
0.002446944291611239,0.050506685979266455,0.0032684215104256177
0.0024877092421505113,0.05030622019528586,0.016306551418188604
0.0022960749741045383,0.050074412286455205,0.008565678762528551
0.0020903403809075217,0.05014155438760846,-0.00042392724443327695
0.0020863876765513456,0.05098793429280031,-0.018031711206316053
0.0025106496821226195,0.05001892355111555,0.03160832495820827
0.002388569510830936,0.050269504939094226,0.0002171086527205468
0.002175427777852197,0.04998975598289041,0.019330030575496124
0.002226713470474942,0.04986096367389769,0.0378804830637358
0.002166589351098944,0.05012840626180266,0.019603687970570514
0.0021788886382949394,0.05003710257346152,0.031891699998837376
0.002448735316983001,0.0497654467091271,-0.0007571884725265792
0.0030164533423054367,0.05012823572512851,0.04208313160104743
0.0028895864289927285,0.04987232399758026,0.03508291620478746
0.0021959261616976903,0.05028897007726529,-0.0165794539848657
0.0026631094830226383,0.05023533896925558,-0.0007605964345487897
0.0019812686761173366,0.04933577160818628,0.04374767695981453
0.001883748887298024,0.0496830403804496,0.032540407760598584
0.0021485598480015943,0.04848991057598343,0.08574228470520426
0.0019668512457567777,0.04797426043760482,0.09066310331010971
0.002389772299098229,0.05077796584759471,-0.044539178061369825
0.0022707668422414216,0.05012473413966652,0.007192157299725879
0.0022331946067437286,0.05106405390138407,-0.027058549056334678
0.0020387749236530682,0.049998390279164966,-0.02420511677710261
0.002098350050701233,0.0502277318924522,-0.025720650189976792
0.0021089188615988556,0.05014132244029622,0.003951045694041491
0.0018381406600584012,0.050484842085743505,-0.015237285676102186
0.002123532750268774,0.05072578667050948,-0.004265735806852617
0.002593585396402782,0.04939021313667276,0.032711588068613934
0.0022861443092711395,0.04975817346395421,0.027942663618280388
0.0024960630751581833,0.05026436388336702,-0.01222006438249939
0.0027615139839333425,0.050120783038159346,0.035568411247320374
0.0023399628119701774,0.05013618970230531,-0.016039989570875553
0.001924860364750925,0.050469996698401715,0.004937060040043494
0.0019037679191377668,0.05040438291819895,-0.02137158175664612
0.0029255027627290028,0.0504065922851054,-0.006345726618233796
0.0027703894203369933,0.05027838282866012,-0.019167210842790907
0.0021958090610778333,0.05053646556579294,-0.016376650652985505
0.0018314034479655428,0.05064727800207781,0.0007703619824266001
0.0018932481861306404,0.051238815538949184,-0.023566738076973955
0.0022634073369317727,0.05113990196451495,-0.06794909424188997
0.0023077809812871736,0.048981779507697366,0.050375502217362866
0.002201130410100465,0.05170236205928723,-0.08211886792637299
0.0020082988460048017,0.051367732148942455,-0.046953437594792743
0.0019791422772789265,0.05058398830840497,-0.058862080954671624
0.0021985535331006134,0.04797781990715908,0.09101237599376874
0.0020519324652675266,0.04862446204966054,0.08569205096842096
0.0016077406136791328,0.050087982074438125,0.02936644381683053
0.0023123601878558605,0.04958303698228415,0.005991924384709077
0.0023616361613825626,0.050302111105570535,0.008495707768107695
0.0027132670429056193,0.05007336300196461,-0.011256950833796511
0.002337096579093897,0.05048626475822573,0.0037287562538467363
0.0018331522092091103,0.050148630961821185,-0.006170300653165098
0.0025945115178307742,0.050135863807915966,-0.00294834239015062
0.002756535302718598,0.0505241641510198,-0.007269396733255643
0.0026956855394826276,0.050380010720427755,0.01838474095624301
0.002839928442219766,0.050115686427697335,0.019517747126597373
0.001867366116125377,0.050361129655991495,-0.004399553976175037
0.0022617068092650123,0.05049925741321639,0.004675602060147687
0.0023139305012537274,0.04980094598944821,0.042271922394983785
0.0019696646630670877,0.050934372533444836,-0.05237805730429169
0.0023395873039434825,0.05023889077131599,-0.00785110576872127
0.002645599082191277,0.05013748198102616,0.01014426560655368
0.0026067939353436745,0.05007363085315922,0.020630262566606206
0.002312878395830472,0.04924076088863521,0.06472893775252322
0.002279200680861117,0.04935508286719606,0.048666118763141156
0.002270384952735786,0.05022634026186947,0.024456358982817544
0.0026255671875747774,0.04952049708490648,0.01580318510157337
0.002203739565512608,0.049576891240199095,0.041409359029034816
0.002226382213327393,0.04924252119504702,0.06672751484123092
0.0021384165612781925,0.04867177181420081,0.021079480180163195
0.0019558525175132147,0.04944400976784564,0.027126546569472613
0.0021411206473461136,0.048358321159855895,0.09638332528654271
0.0019829207748765054,0.0486439349667901,0.053757558761423276
0.0020223187360380018,0.04853476467652735,0.050010522736380666
0.002153138105460113,0.04965552186219641,0.0029563885379857166
0.002535439933714199,0.050549652257959994,0.005000219139776024
0.0027736055128464196,0.0501934049515955,0.019096299230162574
0.002351594514996245,0.05033384603805125,-0.0009807242303790165
0.0023709144851448067,0.049841676123770905,-0.0021096488175245424
0.002206848054129348,0.05003986669534664,0.05010610587409245
0.001966343943650578,0.0496433900564296,0.010236862115871192
0.0023557303570965592,0.05103960548809578,-0.01641057907562895
0.002377009813730847,0.05127932720041222,-0.005969582557901922
0.0028306544876962156,0.05060171188440444,-0.026003383706008888
0.002918051262500574,0.05033447327890159,0.0064905558495476105
0.0016249562309937804,0.049312134974601844,0.03769805925553032
0.0016997002513589412,0.05027827886200416,0.016662192965392838
0.0014848913858598778,0.0497250025139163,0.021043603654569573
0.0015116256645952082,0.04987645677658471,0.028451648915793402
0.002516744442439222,0.0505515273263138,-0.03528168930776528
0.0022871337672502657,0.05097000067189415,-0.017661840943420555
0.0016912947290457414,0.05097026943980343,-0.002099991485654065
0.002337601886899602,0.0496393942344783,-0.0021518332252287407
0.0023893718165285834,0.04973021003887326,0.0035767726062347076
0.0025467813591345157,0.05051233585716632,0.01372379695754526
0.0021112919413616197,0.05022095431427153,0.0007016133612745125
0.0024365883145318827,0.05010398849410835,0.013534103648205434
0.002303934671893289,0.050123509963380365,0.01639584241939165
0.0024965304034961166,0.050236939065035874,0.01874278775952308
0.0022079832857706976,0.049959334331719354,0.023852599585846287
0.002764732348092292,0.0499018972070658,-0.0005725494254720084
0.0025906832276504457,0.04983035204293745,0.0038116301820226577
0.0028371676638207213,0.0502689927127336,0.027413219772671856
0.0030494555239446814,0.05009799485125086,0.03954527311429087
0.001563039347854946,0.049088057498889906,0.04544140192850737
0.002604502746774227,0.0501943533345622,0.01742416704596447
0.0026440456880424375,0.0496051113437103,-0.0025640093761474633
0.0023486402094677413,0.0497850850016188,-0.000891863413375128
0.0024840222729829655,0.04983217109928486,-0.0065407892084975066
0.0021264331329286013,0.051315861026761576,-0.03535943993750815
0.0021442949167714853,0.05125933270951181,-0.040494876682165344
0.002104470908613278,0.051100544530480206,-0.055704995680034355
0.002296528971658187,0.0515231511744338,-0.037358017587633637
0.002196194378907377,0.04936003541942285,0.0005450700112968472
0.0021567567440913355,0.04972865681441819,0.042459620181465624
0.002143178461762138,0.05045183131198083,-0.007154452291203515
0.002118016587485504,0.050630341467607504,-0.005641978669447299
0.0020675451682618537,0.050669505216368836,-0.00906152970418382
0.002642092156313688,0.04985318955090103,0.04603412316448529
0.00241920907116786,0.04935949060891971,0.023110110162275252
0.0026594212190268677,0.04942245885741631,0.026962247622464543
0.002133425482443392,0.04940189774118234,0.035594531864609494
0.0020168853237966197,0.048625595968850875,0.03463942091095012
0.0018833045714337338,0.04963089652156336,0.022369997737565796
0.001645867599283817,0.050271716811427926,0.019102358099682155
0.002128304923266126,0.04993370015452612,-0.004582524833419247
0.002020812000237934,0.04989039005144266,0.010035206938237682
0.002395322831599815,0.05020656352688581,0.016997315351431987
0.002261781198988341,0.04982837322734611,0.005921653263744495
0.0019598981657795544,0.05061199362689948,-0.03556821764625048
0.002624213003003619,0.04927499735574749,0.05230259192773668
0.001704478636942859,0.049438446840746136,0.017309127458673013
0.001959845647833121,0.04932285051715901,0.026628129310874403
0.0018537714097070295,0.04892402874820123,0.02614960506933271
0.002198534243510653,0.05043148881676787,0.025214868412039283
0.0019064873809872182,0.05061746164388998,0.03482488058967746
0.0017587069391144902,0.05052845860204908,-0.025979584164063225
0.002677947041585325,0.05090775045038888,-0.033173101647985696
0.0025671995487332386,0.05089103073827332,-0.02495635648651599
0.0026439895841809213,0.050999620474299866,-0.0263563199541186
0.0022778862213867898,0.04899039462362713,0.05052568828990677
0.0022133192985686807,0.048715916078142504,0.07684871664996355
0.0021047266863747013,0.04955950576395002,0.0467576447053281
0.0023026566045915003,0.050306506748988886,0.0009920899042931274
0.0019618995781181424,0.04942823655750043,0.03691508950310409
0.0018316960805214349,0.050556407162308706,-0.017519340422337423
0.0018611208448973261,0.04882385866799793,0.05614309095962598
0.0024908668068490715,0.05088223397504245,-0.0218445733324029
0.0020036148579186622,0.05028669448692477,0.008551265330628872
0.0023457210892458094,0.05050000794343969,-0.028492566169624395
0.002669137225193821,0.05090024152332029,-0.040613390759754356
0.002231146275434352,0.051009715203962386,0.012568703937370479
0.0025832396894303797,0.04926217247342049,0.04221498308747883
0.0025832396894303797,0.04926217247342049,0.04221498308747883
0.0021665967095778494,0.0503079477826455,-0.02106379941412651
0.0023994497350212185,0.04898277494972723,0.03761432238439616
0.0025173729467934704,0.05029501259313671,0.050596484910558855
0.002385729940255565,0.04956204554283589,0.018652875478481264
0.002537282400045032,0.049983086354644206,0.02009970330613637
0.002393022068044922,0.04984666888659879,0.006896952943897408
0.002557268779028236,0.049912223320165094,0.005070804043549979
0.0026652674551986303,0.04970860518059626,0.030144757568681783
0.001991035529688402,0.050390579164050056,0.010991139370214956
0.0020572196163801356,0.04991488219295917,-0.01826287879495033
0.00225510464929695,0.05020356463211917,0.023323410212492447
0.0017702264150204663,0.04950639146859098,0.010133907251873419
0.0020531088264468963,0.049311175162033774,0.11029639876773835
0.002082662250919307,0.04922287290756401,0.04037003943312996
0.0019986125998765415,0.04975218585424924,0.028237196566034024
0.0027162636166977202,0.04953546918975903,0.057444585381169706
0.0018119037788858834,0.05006478474967656,0.01885656658089012
0.0027583756591911717,0.04959596512227231,0.06035033637817018
0.002704527973419476,0.048791144894149485,0.0680281999158067
0.0020540433474590717,0.049490330796269834,0.043585542573211816
0.0017417146663402084,0.04983112651944287,0.012739281380185428
0.001488485007634177,0.049608321657874405,0.04511280231415436
0.0020792277639101516,0.04997746806235523,0.0156280371686089
0.0023154255395063197,0.04980998158105933,0.03261486423423618
0.002448967108500104,0.04983876713950986,0.004276108765917557
0.002493172996208496,0.05086475292843153,0.01839488112743932
0.0024101848500885947,0.048682656788628154,0.07094647021947263
0.002126947373049504,0.04978442687005829,0.04368755194325992
0.0020951470996701275,0.04939345664731877,0.045223134649770055
0.00256186272609674,0.05034377331820287,-0.02941716265087689
0.0020993025641445552,0.04936050990967791,0.049465262051866785
0.002342444912791096,0.05069486954960444,-0.01464840178000985
0.0022726851950646515,0.05012502014760963,0.010757114559854534
0.00212073759566858,0.050520044542169365,-0.01912205138364799
0.0024069933949777303,0.049803580462532845,0.043863338978031886
0.002392936468844152,0.04981404431547789,0.0004266287632846851
0.0024308652823194156,0.05042257298936643,-0.003210061791537026
0.0022299434650539405,0.05050410981163302,0.0020803474475767888
0.002448220348113652,0.05044205912928568,0.010503583626318305
0.002295498290590342,0.04972939038057414,0.010974173183592008
0.002193086570670742,0.04983924657241328,0.020553394212842278
0.0026110578341421134,0.0498116920604117,0.010714905258391291
0.0024515400145436374,0.05000536714132719,0.01619358614429364
0.0021906526698564992,0.04955755814840973,0.034125087577470944
0.0020573806471336463,0.04973288618091599,0.03474767356544487
0.0020403437984676948,0.05017215334167051,0.016326084100737673
0.002172908897148558,0.049903881856478226,-0.017531275873597003
0.0019238046568906815,0.050297759845940676,-0.05233096445824359
0.001999999920149103,0.050363674635135504,-0.030621732460897562
0.0022801825440941967,0.05136784903451067,-0.0042992948429594995
0.0019868362500969398,0.05008093896325081,-0.04722296864164543
0.0018026572601940812,0.0504517683685756,-0.05393219102129542
0.00220568977801039,0.049536636408111547,0.056653257599796815
0.0021163673019893203,0.0497701995082379,0.04624908743192922
0.0019070508799290172,0.04900504487617055,0.04915485310212398
0.0017755480030639792,0.047879866633394545,0.12669707542484238
0.0018911549766627359,0.047970022882962496,0.12365778734358417
0.0023121239437734345,0.05077905211596989,-0.02605582803777164
0.002385792684668324,0.04985970851418442,0.022042731792694323
0.00215357462491095,0.05042036087806867,-0.030167065934567326
0.00217812207314008,0.050770405572960184,-0.028511483351979575
0.0025562859451879463,0.04941579781736683,0.04076556882475094
0.0021986688547694453,0.05026935186713191,0.023585222247017
0.0025670584024614597,0.0497420449244416,0.0011519664233030664
0.002304249878934751,0.04995127128819154,0.010163613098620617
0.002346282187392082,0.05063935661270322,-0.029133591779064612
0.0024436761043905436,0.05000889722471613,0.01952060008444095
0.0023800973251470914,0.05074849317448663,-0.03597788384269617
0.002467863112261285,0.050672758982744946,-0.0007901898831000445
0.002453708530650254,0.049801919257639084,-0.009166621172531605
0.001870453203544612,0.05024677419633824,-0.03517386330060864
0.002214066106700991,0.04970952677609998,0.05554271250989037
0.00223697113237536,0.049287774180128446,0.019516794457827218
0.002385349011093354,0.05011730291179135,0.036702558500681264
0.001994413396398357,0.05098418771316642,-0.01392592516388446
0.0024407929158901786,0.05047913687592874,-0.04101179440274938
0.002399806397583681,0.05051119764927929,-0.013442181663598264
0.0025471951581376813,0.05003827558198142,0.003865611718999346
0.0027126962891879302,0.04995039570304877,0.019003722718200954
0.002125659679454713,0.0504969595589024,-0.03823955898347121
0.0022031446009754857,0.050216702773435117,0.015984801528485595
0.0025145722417910022,0.04962855572701275,0.029854910867739188
0.0024556722523043674,0.04946475499684722,0.06017254777166082
0.0026451486983804337,0.04944934024724641,0.0454427377941742
0.00243984065840464,0.04921917311405361,0.06974230067359818
0.00243984065840464,0.04921917311405361,0.06974230067359818
0.0024132278974090945,0.049458651063240947,0.008482831631618377
0.002735140162750893,0.04981252089367311,0.08264274012738601
0.002202259190604949,0.04926619228475751,0.06714893055938913
0.002149608263959476,0.04986330850502838,0.004356655777928513
0.001991977809926616,0.05055675878939444,-0.035166455099153296
0.002139175511267376,0.04962016438935053,-0.000550269243345276
0.002112054217192738,0.049091520779903954,0.015065618483694023
0.0020005367625618616,0.05023596828047705,0.04164633546358979
0.001965028873233539,0.04989050389029795,0.008244235094946983
0.002284811339255519,0.049733568753310683,0.027841307098253838
0.0023068384323299755,0.049866982637043006,-0.001803917624839388
0.002384315366196314,0.04985082306003164,0.014819175139704615
0.0023455197699204446,0.05025919746896676,0.047954730991599255
0.0022895255329148574,0.0497887407721744,0.0326332837672702
0.0019413126125403738,0.05067361779130179,-0.019566925239243048
0.0014550268027242923,0.05011623680838482,-6.347800014941743e-05
0.0014303525952121736,0.05002317474350966,-0.006657388720888431
0.0013153981611332304,0.04935347617712593,0.0556248153598871
0.0014783897825759846,0.04914623763851013,0.03720812613438166
0.002928959592951727,0.05003568361265579,-0.013392789475042568
0.0018506748753885575,0.05052300507719905,-0.03845515214524905
0.0023700235651749253,0.049540204922611554,0.03760580792844835
0.002443546612022393,0.05014013238610198,0.024624790904913787
0.002314043619027502,0.049849114440560845,0.007178019548952895
0.0019216227512336384,0.05095986251509573,-0.02169999960312546
0.00271980968627583,0.05058551542017569,-0.040208427924133996
0.0027286738261802592,0.050502699250207755,-0.046213746681491495
0.0015564527101364124,0.048367425239517974,0.04264789667095399
0.0016799632495656178,0.04871193248302777,0.050231723134243504
0.0014408860633410203,0.0497584693974744,0.019366123010405002
0.0017062166064903035,0.04951281257629099,0.02651142112472116
0.0018438619844544353,0.04988929870171519,0.04593930619015365
0.001647665552826945,0.05015868242615383,0.016809741048734637
0.0016550604154983888,0.05016043702328847,0.015269432013763688
0.0018896355261972834,0.050447903645611414,-0.00801701912553013
0.002533796614589619,0.04964995427185202,0.025240230352557125
0.0021462217361553106,0.049522503109388084,0.0412622758150934
0.0020791936557426724,0.049621623619062735,0.01950472152055613
0.0021309170333866805,0.050999231480009136,0.005650304442416065
0.00192597948450028,0.049894291352640986,-0.0014640946610826654
0.002532655677482587,0.05145337303777374,-0.05948442397269482
0.002630718528683553,0.051427159968782325,-0.051078627995673774
0.0023084414257432775,0.050599005087396114,0.007662910298289307
0.002189804867073533,0.05020895653090396,0.017657146434665736
0.0020026479434624763,0.0494863115614848,0.020813683447668468
0.0026535695244719964,0.05053976593605717,-0.014445325647073539
0.002090726996829907,0.050368991698488005,-0.02652104994520928
0.0025685769265218336,0.04970062297859018,0.049806456335745625
0.0021118129197478866,0.049257100096506024,0.062103810320795046
0.0022546563544022604,0.04942665380089383,0.04625292275536378
0.0021787201972619766,0.05080170533531525,-0.03184226886000293
0.0026422431318961796,0.0496646876846149,0.021590715147373048
0.002112875343004393,0.05052237665170927,0.004962546351317284
0.0024537551385494104,0.049145404966973526,0.05799365362696781
0.0024176010211955537,0.049224100142701864,0.056963667025228044
0.0016298393721184796,0.05006923999061136,-0.004157601562263981
0.0017794425395715895,0.049794738879653286,-0.019699341684897623
0.001831184683071417,0.04983303918809527,-0.018431769817807656
0.002307953526562659,0.04989068350116239,0.014750668792641138
0.002285322007722487,0.050351726881531084,0.006419118191320179
0.001906274697485722,0.04958821181635788,-0.007141670879797589
0.0018970526269651796,0.05024786836164824,0.035479998235733126
0.0020119387899257676,0.05065934205607571,-0.029749259310095803
0.002131502432213046,0.049794488208769576,0.025386452895527694
0.002154406166323542,0.04961444415313306,0.02092518890866825
0.002184279943893192,0.04956584182846225,0.017913243510910386
0.0022000716195804413,0.051598821464240226,-0.05688583223282307
0.002246561405624561,0.05042502203333885,-0.002200863812251568
0.002124206262447426,0.0504076394404455,-0.03841828486172169
0.0024674354617519973,0.050181174327360946,-0.017236247658817316
0.0022998683383920345,0.04972144887465997,0.034796533784686424
0.0027414963331343183,0.05090381487161676,-0.03968820022002006
0.0025908998594215155,0.05022149466491161,-0.005387578388680801
0.002557381985371836,0.04963131630165515,0.043577992001753885
0.0024619314743060602,0.049434779681759695,0.032991388612073104
0.0018362081045019212,0.04949811174333628,0.042234585949807585
0.001687278599837335,0.04913205937549243,0.036029192151537555
0.0015743103495883231,0.05114424256280509,-0.02584820266702752
0.0030455531348850084,0.050063185628085455,0.04171547990186524
0.002621407533738294,0.049651043150850956,0.045200140116726635
0.002346720182046186,0.04946452361924553,0.015783426282861217
0.0024615891479368634,0.04978038769982714,0.007738364082207008
0.002010669359416714,0.0503488780309965,-0.015465997765049873
0.0021042310385384418,0.048123645514001584,0.0774410349691335
0.0018443224773706643,0.04896344776952038,0.05868975026304638
0.0018443224773706643,0.04896344776952038,0.05868975026304638
0.0018447936183137413,0.049046466954294814,0.07604451394972568
0.002202190283499511,0.0504613332558754,0.013362214530595367
0.001949578376042762,0.04993117613322348,0.0218395954431624
0.0019611303346141473,0.049943348258497895,0.002277896667031603
0.002149506565406483,0.04903800366991617,0.038110514557251465
0.0020336696173911583,0.04999355928976665,0.05532441371779292
0.0016512960513227631,0.0503327361059327,-0.024822453140368572
0.0016155871644811695,0.049619364648331415,-0.008649104115404671
0.001932761286158644,0.05115296676361026,-0.008629518147299448
0.002159653222910944,0.04954766407426884,-0.0026884501369779266
0.0023775600063547946,0.05046748769986971,-0.002656090186426878
0.0021303624422119136,0.051527758099893524,-0.06064572428265378
0.001830413384332301,0.04990159256580977,0.005815576310182702
0.002232033778366123,0.05006833012392011,0.024224522377904775
0.0022457852886765338,0.04961706079188579,-0.019000714363071904
0.0024923103291084247,0.048860521586962496,0.02849326681152211
0.002607961769426233,0.04894255205375569,0.04526941714558497
0.002831899574459446,0.049643667670768964,0.03561256555652781
0.0019897313782407102,0.04939332520883448,0.03086140305437179
0.002629186830737819,0.049376941404262624,0.04330966357729138
0.001680583440384628,0.048956306101171236,0.05380509059817835
0.001926580887586457,0.04861588303624805,0.06257496501052644
0.0018873930063234413,0.04872055693209404,0.07722381684318878
0.0021549599586977034,0.04951690430746448,0.041143641546902955
0.0023486256434309496,0.0495845699637207,0.019718381419622795
0.002602515798431799,0.05034904761029301,0.02081570341844028
0.0021054863683641232,0.049524371669575795,0.0171435861111524
0.0022109749583010966,0.049950675459905634,0.02067692691233919
0.0020883353578641656,0.05085917653816832,-0.005196654842435593
0.002496516969903179,0.049739951791006716,0.05851931024396174
0.0024463849675388878,0.05008027731980502,-0.024052614279604045
0.002266046716954176,0.050484084768844126,0.009129742521875744
0.001934828120686156,0.04941841692155936,0.00022962277909969146
0.001782785320328718,0.0492650549856937,-0.003783559157844753
0.0020330522709748615,0.0498666924687748,0.025971973203791764
0.002461219307020241,0.05139062007829641,-0.04528772267193943
0.0023609894947821354,0.04984674980924167,0.03633952015923372
0.0020118201580126218,0.050522214438171585,-0.01897833813911497
0.002647577567719534,0.05001689000346188,0.006485859732410258
0.002177842557294148,0.050255910860203125,0.00037760973105176816
0.0026983293864098674,0.04959819096429254,0.015067865317330686
0.002587754741986976,0.04961883500830765,0.023400093995416826
0.0018191274204823952,0.049790701913401625,0.0013425733093609124
0.0018758471233261372,0.04985591613452734,0.0022004623871056945
0.0019057644803578625,0.05007620529251556,0.0059243436719137055
0.001611248689423031,0.04911579334525618,0.05047274013075682
0.00228393654613102,0.04887023542079312,0.06677251556423754
0.002029610186519828,0.05041354883249752,-0.011967371562082033
0.002672013761036838,0.04980693758896643,0.02559082193112937
0.00222574835197938,0.050266406568518385,-0.0005628690125621704
0.0023583365667935114,0.049822163751281394,-0.013779982927101142
0.0024600801822935218,0.04920188687136873,0.02083413201715972
0.002118768189030778,0.050704106097722954,0.0274786219926814
0.0022105696689429886,0.05016603917822897,0.01325809841267541
0.0021065618383232553,0.05034291105310616,0.004131771788709627
0.002341249577404824,0.04934716800925317,0.05227321140095435
0.0022623384813999,0.0501475038190604,-0.005145755103273908
0.0027825231106160236,0.05055942698527593,-0.007103083218716405
0.0019736963751608473,0.05080355908187925,0.01561310248451043
0.0022545510142205787,0.050332437584937224,0.005773662539433906
0.00260638459621287,0.049634374141422063,0.028895565976336433
0.0026950178143212255,0.04943376248534412,0.022686956663767285
0.001843823386123641,0.04956838814002853,0.0420475691860503
0.00179326532318764,0.049246766156887514,-0.01278557964947651
0.0018864706653241355,0.049793284317298285,0.008257363214855786
0.0016696690152364691,0.049886495639458316,0.048609354841411795
0.0028002244201870592,0.0504779225460879,0.017625757471561358
0.001743088140945364,0.050278306751893945,0.05965952805596843
0.0017196753029155465,0.049714227325167615,0.00665918133715452
0.0018807985381784772,0.050813415401558155,-0.03324076618530744
0.0018842750337934434,0.05027004271888577,-0.02994676482208844
0.0020174203147552386,0.05022229081087266,-0.006468783865490064
0.002637384651807749,0.050181241819383875,0.022812297952182665
0.0027164254847090526,0.05001438481983828,-0.0012375740864114908
0.0027164254847090526,0.05001438481983828,-0.0012375740864114908
0.0021733498314713906,0.05059317628109322,0.012844955090023022
0.0021465599829318172,0.04959384715322992,0.00016439032173639747
0.0024390153715516177,0.0504093413590011,-0.025243974956336377
0.0026033191883095604,0.05099976076757365,-0.015886133372453762
0.0020342269159352513,0.05001784190724352,0.02271058852094385
0.002286198991904622,0.050282580239003824,0.008270133286755773
0.002545033108716926,0.05002763988906134,0.014638083586879484
0.0025095195237332937,0.05023115254521518,-0.020907974935578142
0.002528078016590006,0.05032669955471885,-0.015339802576865248
0.0017207639764225886,0.04941045676585069,0.02523356873973623
0.0017528048762545168,0.049088159480040666,0.01629332566778586
0.002817470236602773,0.05014148546889317,-0.011811361465533958
0.0021523124433153636,0.050639631683928106,-0.000574731031501234
0.0024445016280917795,0.050176158483749685,0.011162822950930028
0.0025439724526014917,0.05024609544794941,0.015714645704759854
0.0025914008326758825,0.050352934777696964,0.023057234952781808
0.00227554373731375,0.05008071505211452,0.017090193831483722
0.0022236689816382484,0.05004371855896102,-0.0016722570775773266
0.002010480280761002,0.049807578316459836,0.020338223571294427
0.0009946669192293141,0.049732911913333316,0.03803595055458577
0.0013294784255157973,0.04876128207935936,0.04411447040132758
0.0027091049163854076,0.05099642253080766,-0.030655377001657696
0.002601389301936654,0.05112921763229105,-0.022109075430977756
0.002501716063066919,0.0504581226774819,-0.0185028684668044
0.002375055484350056,0.05107981984256332,-0.007904394660873915
0.002587000894147053,0.05027687848199785,-0.005970026379937604
0.0025319005303988725,0.0498875230067315,0.016239023055336504
0.002364684128404865,0.04928277440857536,0.051036324363996056
0.002889155908422491,0.05010477305499811,0.015727831554533174
0.001719748536772437,0.050758271730507065,-0.03506359224093379
0.001803698143004585,0.05065828911438154,-0.06228756570504287
0.002089643820784283,0.04890617156621269,0.06641341387248119
0.0016151949955252464,0.050926529334284605,0.02192943374965001
0.001759235633464907,0.049465794278555374,-0.007642885188521709
0.0017958841925104824,0.04958422860089002,-0.004595868563582675
0.0027228463038967156,0.04972515770800571,0.05255820318735988
0.002221091491690129,0.049912715403398755,-0.007072569899022548
0.002733342924984653,0.04981522268599011,-0.0044272419119030714
0.002511988037268923,0.0502074874810338,0.026185067301602194
0.0026077218527680228,0.0490554898231679,0.042190138571224674
0.002252906954248805,0.049261532888209225,0.06217787371856574
0.00233350731860134,0.04993431300662042,-0.003273406638602635
0.0025121713590734725,0.050428968984008976,-0.028189528758696795
0.002536075100309632,0.050458785054831444,-0.027562292640709283
0.002291631246679476,0.04919984779102305,0.06142120335352548
0.0022410274558283096,0.04891494675274105,0.06987572629324029
0.0027782316441243185,0.04963783032425118,0.04140094516392475
0.0029282058917996685,0.049842345132140344,0.044915456800592606
0.001549140221772242,0.04805583177231748,0.1098229422103626
0.0025256354214483,0.04919384152510161,0.05839767698115909
0.0030629610798237903,0.049895027082686776,0.0376513539275899
0.0024691352293900698,0.04957798311320371,0.024916179359606442
0.0024691352293900698,0.04957798311320371,0.024916179359606442
0.0018778051964976358,0.05018204169646891,0.0020032922448101446
0.001675162486499387,0.0508435695799938,-0.03459225790339065
0.0025201521000190086,0.05044324639439047,0.0014910469744158974
0.0022608730421535537,0.04946932221879327,0.02235954917446091
0.0022068361605491627,0.04958344449978393,0.03595048831234662
0.002167614328745556,0.050269428822915505,-0.00012517823921458663
0.002140662979069133,0.0491237937662666,0.0572359957050625
0.002160838087678197,0.050260083784530236,-0.011421535011383013
0.0021118500429617723,0.05009422465982906,0.03652898633700852
0.001934754618150806,0.05095129564262166,0.0404097245911533
0.0019165485666404994,0.05071513943132737,0.025699017151904285
0.0019975845762535476,0.050532436973888345,0.037857338411408974
0.001825513968169241,0.04944515387063257,0.023737247170800294
0.0018783876044732688,0.04994602444138545,0.02346634257731042
0.001616943370440373,0.04996752948753001,-0.008837709261070354
0.0015763361935347718,0.04984496522802321,0.014945648593066352
0.0017094841049732617,0.049454684069463725,0.021059278156374126
0.00219590439232479,0.05080414484691872,-0.05397562622497385
0.0024004789547425226,0.0490269567215446,0.04655710753383351
0.002426235756380138,0.05080503393320671,-0.0159733222795648
0.002179150099372251,0.050299034532866965,0.016681488128918953
0.0027445678013622607,0.050155987721068836,-0.006902549742008581
0.002685469523980494,0.0508023855637475,0.0006802861755157727
0.001875245590654486,0.049675111073828764,0.026027718632020393
0.0017896816299946198,0.04979572500804143,0.011563763032565922
0.0022078840056548193,0.049842614088903475,0.010001303718314482
0.0021753630849589145,0.049447295994481846,0.03177306782402471
0.0028122423794602093,0.04995377300034792,0.017559315215163032
0.002261729158878026,0.05027201046789599,-0.0019257754229178904
0.0023824283655427066,0.049879652915485274,0.001699786354238916
0.0020770728239248378,0.050112131741451627,0.026274259035224956
0.002901484774344595,0.049614937625945224,0.008963272683740982
0.0028895573910372673,0.04998402069163064,0.030785735825424966
0.0023871129000600064,0.05004621031809809,0.019441004942095958
0.0023871129000600064,0.05004621031809809,0.019441004942095958
0.0020726104659223774,0.05026527873939386,-0.009959606137329328
0.001997849490391391,0.05060330204375198,-0.042796141239839415
0.00295659860716398,0.0500141822629153,0.009635561869317237
0.001735157839116609,0.04985235836028858,0.045609733168678016
0.0020343167520417635,0.050011147144756546,0.018057434317859517
0.0021391864636179287,0.04956988689537987,0.02210432927044619
0.0024556623173555767,0.050447628890410934,0.0005676116818028004
0.002874669876234885,0.04989854421508208,0.03213597369317759
0.002509242139026713,0.05042196927205675,-0.02456998692317353
0.001998387686996348,0.05088212510347116,-0.04032734522183379
0.002688943884192999,0.051231499107214265,-0.055923774665789426
0.001334328317906852,0.050430846991514997,-0.00702556736542638
0.0019163154127513477,0.04884808217068748,0.06428902946726017
0.0019347811422581653,0.04908161682342473,0.0694917604038534
0.0018805454901436786,0.04853868957161612,0.07171981789121484
0.0019437621693601942,0.04793734453044711,0.11462391945381084
0.002085591870398511,0.04997008515841591,0.014659573829789175
0.0027886707585999954,0.050012488691989376,0.021050874650570837
0.0022168107262499894,0.049831655642725924,0.008221622867997
0.0017934615902028095,0.0493889494085205,0.06875461585556056
0.0021541486695805545,0.050912739287067674,-0.059530180428732114
0.0019060098404099033,0.05091531132191655,-0.02637469697616592
0.0019128728422492414,0.050100053275539146,0.0033540481475396048
0.002528026002497125,0.049614431345733616,0.06818153467901424
0.002357452875998085,0.049554375397306824,0.014961794297724674
0.0022972153730844726,0.04934710791711586,0.026008276138955677
0.0023748874738019595,0.049935217272998655,0.014808315630211743
0.0023911782745581717,0.04939139711951663,0.04899300293399234
0.0025104656736430115,0.04948108830745313,0.06086501271471541
0.0025534991091196472,0.04932553642458432,0.027123413296367162
0.002656974396468721,0.049710043219618257,0.045157583977547024
0.0028628360418661695,0.04884864680662299,0.05485962165715158
0.0019807065807310943,0.04945960219801353,0.07202402554233639
0.0021808036700551084,0.048634022203240555,0.03930253689059968
0.00215692305082382,0.050365494735346544,-0.050308553465684615
0.0028555420509355114,0.051503323727867194,-0.022705563307275113
0.0025999621700824077,0.050922593616542125,-0.058389312265663115
0.002646426427702945,0.05071362043965665,-0.03680117517028125
0.003083419881269699,0.05075257368987562,0.002048979435194625
0.0017654496089895859,0.048945524728647244,0.048821976740036514
0.0022877007685466032,0.0503169620051209,0.006307333576192528
0.002199067185408743,0.04969959300411889,0.035908595758899015
0.0026621427179854035,0.05114613233746333,-0.01854005102443396
0.0021944083256034523,0.049927500363766926,-0.004270084495199737
0.0022301671482268964,0.05042847238965231,0.003965228955765233
0.002098259824018785,0.05008606679573884,0.0006569871813190143
0.002171709451796479,0.05010872552065521,-0.0009844964308333125
0.0021733782507437904,0.05090965244833011,-0.013585637208600409
0.0023722095298901536,0.051274529733049114,-0.07635789833028156
0.002316445814501944,0.0510235953760534,-0.07023080517530206
0.0025536611452318067,0.04984072895911054,0.0216230238252706
0.002639180854373668,0.05029713367329952,0.018277472048411427
0.0017410237896725192,0.04989088501710484,-0.010898923235350053
0.0017307716142967433,0.05022556757079557,-0.01164779221706783
0.0027991859368797717,0.05037416219001447,0.012828212025093228
0.0022419135844529555,0.05011541620794755,-0.020675861892270518
0.002236718868700186,0.05131046615255698,-0.0076056613962889
0.0018152591453691632,0.0505535316213483,-0.060711412082918303
0.002563792029441591,0.05023314456494218,-0.014936236616375245
0.0026608684166221966,0.049846181248390166,0.03590616227004093
0.0024666134269060833,0.04991694940294682,0.03501447670774875
0.0023644105804491765,0.050591382979213825,0.0029500287427485414
0.002804892512072274,0.05038906809051804,-0.035399571998688255
0.0026007540184421426,0.05075951740155325,0.009445047010065223
0.002019351687330141,0.05043387368590139,0.03351101519878119
0.0024737507393246976,0.04970426066115441,0.03617598464490735
0.003033044968174005,0.049812201332002336,0.060049026745546956
0.002599838327109436,0.04937875395837718,0.02948631950079717
0.0025858348966417,0.05020375586019382,0.021934629624898404
0.002621474766089057,0.05017363982207448,-0.010080505228373839
0.0018654312951877318,0.05062186660688024,0.004321883412237883
0.0027784286243745437,0.05061790413421395,0.02232339456991279
0.0015556593153167588,0.04927832074066963,0.0776555381642667
0.002595697723770339,0.04939122585947568,0.056846034136795724
0.0021970907064825904,0.050829894820288164,-0.012395407748090729
0.0022615182828892686,0.049171519778709226,0.04845443226389216
0.0026061189536275868,0.050772210762104475,-0.021458519446662494
0.0022172979495263616,0.050670112027110685,-0.020167480759363334
0.0015168343696730922,0.05057199940740272,0.010162369708291324
0.0015018382612591156,0.04820939015641766,0.06275644612732999
0.0022010526684639337,0.04863454302937272,0.10704881825641167
0.0018807063405078708,0.051216554693100956,0.0014057660490993833
0.0018174628454025537,0.05066270251819622,-0.053580931752054355
0.0026275143482661165,0.04999812112242066,-0.008993646259045534
0.002136570966976823,0.05002257642179545,0.04209092279447787
0.001799125336711329,0.050559820765539415,-0.00126608738399414
0.002591811007391034,0.04963433528002994,0.011364287235089594
0.0025425604401260646,0.05032105547879676,0.010322168826459758
0.002261938243479358,0.05106218867998847,-0.033997473062283415
0.0022854913659567004,0.05001912875204141,0.009419119934709518
0.0022860484627915283,0.050161367363700644,0.009510619634253176
0.001982881125375622,0.05034120681970319,-0.0010835762689430826
0.0019530001873595563,0.05031960214779961,-0.010460192439435812
0.002112807101057715,0.05049229404537045,0.006328124956054736
0.002100146290887877,0.050321757913576196,-0.004210842439184608
0.0017815249203981596,0.050735903782311,-0.031031690324948485
0.002933037309203185,0.050088548206866236,0.0012661367728834735
0.002654803057226255,0.04967941515734535,0.022405586125707797
0.0018729113958953463,0.050705478997838845,-0.005231681428443384
0.002460630409439475,0.04999766862280898,0.0016442108138720022
0.0019969160354414987,0.0503171450818189,0.0042670972791228525
0.001970794129595865,0.0500171486617979,0.01522908968719371
0.001841413920370662,0.04983977074980328,0.02572948974351321
0.0026560785813461007,0.04973526289945291,0.012611359249633408
0.00273166838998409,0.050743029913937455,-0.019646758783621602
0.0017900205238367774,0.049444735383132744,0.029157485491242995
0.0017814864103853972,0.049856656779180115,0.06306611970323685
0.002627338075627989,0.04909993909708681,0.04871359197808261
0.002413689566190998,0.04982019977825377,0.0347119963475349
0.00237197736604856,0.05074019818777524,-0.016226754136975295
0.0021316132206781785,0.049208936059720154,0.048928173509877854
0.002255111698518352,0.04987276928020238,0.0522269315399802
0.0025202779858063476,0.05092982017895648,-0.008764628004206779
0.0023725982240513487,0.05039805220003521,-0.023483347166507476
0.002479788527210497,0.05023375212607978,0.03300850356773024
0.0029252630197646274,0.049390869754821536,0.029100826571925784
0.002342408732318824,0.050040432524403385,0.02709737305710121
0.0025330925271182486,0.049991584801506624,0.028610261950690944
0.0016690249474436056,0.04981189282327764,0.005022373521734429
0.0026555177547311496,0.05048149132238355,-0.015867618922257423
0.0029533099131819943,0.0502937377327634,0.0008096185307845304
0.0020799259143721386,0.05018616024058703,0.00989634104659793
0.002210163398261451,0.05082452032498476,-0.02595465678719348
0.0018264792881860163,0.05031308084030065,-0.0006253091701252016
0.002521726220306695,0.05014966010268927,-0.021517922779432097
0.0025301441424437085,0.05079954810125951,-0.01726075648288805
0.0021666951715074378,0.05019187353618061,0.03213148345860965
0.002034363050789896,0.04999171223403944,0.02637780313856315
0.0019538398648141385,0.04922432954587385,0.037982133984038526
0.0019761937517835367,0.04934987595419466,0.059992596736698225
0.002739409903594589,0.049740038199558946,0.015643516014889208
0.00269154877119641,0.05036907129663803,0.0044634628078477935
0.0026483879617485995,0.05023027435170224,-0.002304839108869793
0.002605150773420321,0.05049244720628676,0.02452292124316764
0.0018962416003705188,0.04959115687939321,0.05637271824043589
0.0018617568712861342,0.04872407166484367,0.0596931361106314
0.0017683168791396255,0.05001771990745746,0.030623514988979805
0.0019725804869469917,0.05003333916095841,0.021741080403537928
0.0022550047926270128,0.04918138170509284,0.042374897960834684
0.002356826582331827,0.04874592177641902,0.08842011975144345
0.0020522499713291316,0.048628129874223255,0.05050068761773777
0.002383393809805052,0.051788682046893554,-0.026891546136286613
0.0022984245352000686,0.05074024573510104,-0.03480633222012912
0.0020307305831194123,0.049669145556447365,0.021075292395031784
0.0020606499907071954,0.04977252194218404,0.025074943806432107
0.0016377512361481358,0.04969761809244215,0.005839085878705234
0.0021596488620201177,0.05096473707697124,-0.01336720088593753
0.002338110311683404,0.05010244003500064,-0.016693720025180814
0.0017172011877778363,0.05018595433365834,0.025661224932227847
0.0021845916117017045,0.05149005617713637,-0.020596670160222586
0.00244077698056578,0.05023699367956301,-0.041198456917043075
0.0019220443624839666,0.049349258310578965,0.062443778489418636
0.0014474581510296226,0.04947974546377619,0.013664802002342583
0.0018116572433582408,0.051178703600513534,-0.0396519525470661
0.0022566747152529066,0.05123724762946298,-0.025089002607943413
0.001970058927160483,0.049443489020120135,0.021802212111580396
0.0018793318557027562,0.049584188418761777,-0.0035504930679531254
0.0018883221872792917,0.04985256714025,0.00027569398382270877
0.0017802049885457256,0.05069232029353677,-0.00985334032282819
0.001843218877628774,0.050250740600100555,-0.024330840795729777
0.0024443046680858384,0.050000768425199536,0.009665801612020776
0.0026077758038417333,0.05084151729663746,0.019870162839597704
0.002670134951384825,0.05020920975442122,-0.012224524931330244
0.002592668318246746,0.05014022700355525,-0.032958453839646684
0.002371655024883517,0.05060353342336195,-0.021054663490425687
0.002510533934248241,0.05086166984382719,-0.049736327519968225
0.0024814313991743586,0.051115098356552216,-0.044118400978188047
0.0024754776456974792,0.04996000808153664,0.014534909526150086
0.002912476506964064,0.050401942875090575,-0.0021767609740999793
0.002672992031502456,0.05035421349061227,-0.012612622305508792
0.0018195985538539624,0.04987300949839989,0.01570860391732265
0.0023105535268001806,0.049443740595956194,0.05021807245206077
0.002168223884345882,0.048379127887376285,0.08346719661531188
0.0023503490266746116,0.050909882866578694,-0.03390870304252561
0.002394808523509143,0.04966560173778842,0.03844565548991084
0.002473768705410973,0.04929399010534368,0.035175864864367835
0.0018602564464269278,0.049254503751360125,0.05597087372826029
0.0022347479036089234,0.04958802738517629,0.03666817928245873
0.0025053296987259414,0.05058269638522518,-0.035511729267490466
0.001863703690849051,0.04855452507967585,0.0975446471493795
0.002057577476730584,0.04881214956302131,0.10389473801044777
0.001960194342632615,0.04962911644468082,0.017727622076592394
0.0021076666670335337,0.04964071070970163,0.0345675327157873
0.0026612811425872863,0.05051758600736107,-0.003203506242801376
0.0019318604582859629,0.04876566477617162,0.05388352480142434
0.0018831997575123867,0.05085263563787665,-0.027107314244319357
0.002655041615882843,0.050041973218688404,0.03350030864577267
0.0027482247143935414,0.04993125326859881,0.018704165849776317
0.0024331950453013967,0.049794433980344,0.023033782144469078
0.002058466381305068,0.04963760279234519,0.021092214266727954
0.002770167181925088,0.05077432611992942,-0.02025324365130869
0.001811231254260956,0.05016273921782774,0.000994874956276905
0.001836190145879613,0.050022728059525574,-0.01947660990409492
0.0019372273668746168,0.050847378162177055,-0.02274173240053602
0.0023059010805511863,0.05078135042292155,-0.01938221668726353
0.002553503575239514,0.04946098799505169,0.012493105637685305
0.0024783177071487678,0.050162029303237245,0.025984637303792406
0.002294508840674774,0.05009404454248575,0.026733117744027927
0.0017167842965842908,0.050913930372773614,-0.05858376004667395
0.002577583034950547,0.04923600302855855,0.06039199134968813
0.0024343662290391725,0.05024763878120972,0.017980960557669047
0.0026424453667624765,0.048806702438041645,0.06362930983825325
0.002272148398079092,0.04962710521705531,0.03867947740869547
0.00218120144071817,0.049519273005163594,0.0050802239085149204
0.0022328139896019544,0.049869408955625194,0.0028988019249475572
0.002259608337026918,0.04959179597234635,0.021502143021113605
0.0019830237464848986,0.048962742228009906,0.023970309845092408
0.0020200778625531117,0.049140747559769465,0.03059584799892835
0.002285672730190644,0.050329329243761926,0.010392337403366814
0.002849171326692457,0.0500623474203837,-0.01345317008368546
0.0025354518005448784,0.04996406585163384,-0.013266047251014981
0.0027051743326079064,0.04982593601639358,0.028773492599806872
0.002702533657236274,0.04982230919729467,0.032706330961803184
0.002996641387326702,0.05008977958714033,0.017213512888337706
0.0021147012118757033,0.04960335300586045,0.042954393364047355
0.002216427290573296,0.05021227792570177,-0.007620980280245963
0.0030661687480383723,0.050734945203950776,0.007214433491182239
0.0022909256173178475,0.05045017719172878,-0.031146239457984295
0.002351490964236974,0.050818934306525274,0.019530995667730176
0.0022458277734635794,0.05058618863697567,-0.05930304666652356
0.002240574275114014,0.05138240629885531,-0.02010058616929329
0.001914163836068582,0.050976762968628055,-0.06709750846280958
0.0018963970169045398,0.05040124173039886,-0.011774730874393066
0.0017628535569678058,0.04985798562608579,-0.02054442400491645
0.0017869920639511877,0.04970555329798881,0.039722846586636315
0.002435202721950081,0.05009034801751905,0.0383758065718157
0.002623871186026199,0.050441402065805954,0.0060575091694122715
0.00234482198614895,0.050422579240944995,0.017011059237727458
0.0026910631441575696,0.04954442149532134,0.038524123273791705
0.002355961803422406,0.04952902323044666,0.05028977922272629
0.0023648704453358444,0.049797953817947986,0.04205607897059179
0.002444927231430066,0.04934779506495778,0.07189625191058592
0.0025836113612178356,0.049353086468286296,0.07317936476605806
0.002559546221721551,0.049644438491829174,0.04351250983157347
0.0023156813656945176,0.04911379970509106,0.0682665035991977
0.0022370178391197676,0.04930555624729558,0.023552087410240875
0.0020822763123306332,0.05075389707258913,-0.0019578498659798215
0.0020480895077747475,0.04988625715015434,-0.012749433862282595
0.002119510977038651,0.04970158145264625,-0.02210399904828045
0.002010398561894284,0.04997718291436173,-0.05289273505247919
0.002624282871882971,0.04928158502307955,0.06261537015999345
0.0027477100603713056,0.04949455502249986,0.035472452453462
0.0028556356513880906,0.04942829201463655,0.0747867965738692
0.0026195525148783186,0.049140960546236144,0.05653869504156592
0.0023472237574182157,0.04965101813926535,0.03466440348649988
0.0024620139446687355,0.05032792342670765,0.004053624151603639
0.0023306057385669597,0.04997328999042657,0.02991839789331056
0.0024429529774804715,0.04981490477513399,0.003455614091766172
0.0027740424606742054,0.049902309975919656,0.034302551923925804
0.0026763243528290866,0.04989173548937285,0.023977633968674934
0.0026899237402237346,0.050146965127264416,0.028918516385223025
0.002055648984394211,0.05081328616300738,0.0028882749893962825
0.0023029381021721597,0.0497250989262272,0.03341993982712461
0.002393182410303799,0.05024873239236914,0.0163251391301063
0.0022264764031589275,0.051064033174043795,0.013104264680137657
0.0023042794166573954,0.05000556221251809,-0.04496587809340499
0.002097979771176254,0.05036927907959531,-0.01798689684056716
0.002371828949739906,0.05038741756695049,-0.007661009003345891
0.002348374778600103,0.05084041635507976,-0.013320626400284355
0.002577149906971983,0.050680427822402244,-0.03070679466016256
0.002115404273921483,0.05152021096210125,-0.05362222910491986
0.0020428077900411833,0.051270491586076286,-0.07707205342081587
0.0020360257680017814,0.05129283887827112,-0.07814785834592695
0.0020420624325361318,0.05132854406452063,-0.03749404357130984
0.002501049844853138,0.05099889317995057,-0.004916526209830367
0.0024025136165315595,0.05019554896807951,-0.005613096054923012
0.0023454512744907,0.04988749537737992,0.011787826537670555
0.0024134347107682592,0.050425707205765676,0.00453354683312371
0.0021405076447198073,0.04971653569605791,0.018986100658833886
0.002540014317643283,0.04995896842977926,0.010737902977264872
0.0023168173558220477,0.050777764328351745,-0.04010832278673175
0.0023081737950756275,0.05147529724625308,-0.05185927626079684
0.0018906965497805625,0.05070405563245384,-0.024233819595657843
0.0015613235179509626,0.04906757492198584,0.05768572654694136
0.0014850101673234799,0.049869772803150775,0.04749034957352535
0.0030341114007538853,0.05002730502878347,0.05420656809506184
0.002131783825654221,0.04941785972893886,0.04230011966481852
0.0022384131059992123,0.049303066854456803,0.07082986102594271
0.0017181073116898057,0.05107929006360365,-0.008736909219472724
0.0027150247584676293,0.04987003360322677,0.0659038727332268
0.0022995868462046664,0.04911495534571877,0.03713288197759284
0.002654979336175249,0.050579370446255205,0.0034202980216707945
0.0018314135734732611,0.04940288350082548,0.050642375956510756
0.001695623341536506,0.04801617647362064,0.08239289809112617
0.0018501640459565162,0.04935640371164163,0.0487528358471077
0.0023766800810085804,0.048534539982141925,0.07989818065760557
0.0024910396784654887,0.05052375976215525,-0.03056071397095478
0.0016641654125715485,0.050562111378235006,0.024136355172910972
0.0024304168250984986,0.04974002601322288,-0.032718312685077786
0.002504860559513068,0.05015859894942802,0.02052268987237073
0.002504860559513068,0.05015859894942802,0.02052268987237073
0.0016088760771231735,0.0495559444422358,0.038224860175373514
0.0022415031137255756,0.05019745254573313,-0.0020935163481280656
0.002152519723825912,0.05065979008647529,-0.0038983972166368903
0.002249698596359239,0.049592601545616205,0.03691491830015581
0.001660902405004391,0.05026966089941997,-0.0007755856748174806
0.0019112342706609844,0.05034585318338533,0.0012214409853644097
0.002603213043636495,0.050305180650376875,0.00191036184068293
0.0026025243803592165,0.050335594524850855,0.0025030773981515367
0.001573156063747566,0.050489136749736416,-0.014608069154179571
0.0026930057273734194,0.05098636647808162,-0.03592786733001316
0.0021783914233687637,0.05122502707051337,-0.0018442483339690314
0.0018535788485611882,0.05104533158381609,-0.01750134006665112
0.0027056253054369844,0.04998088290885063,-0.015811767365802493
0.00287019455811884,0.050313694729490814,0.006085922110410807
0.0021149057165399873,0.04916961801018115,0.03539949238805354
0.0021149057165399873,0.04916961801018115,0.03539949238805354
0.0020670777851520697,0.04997480754139946,0.034299442136029194
0.0021362983865286945,0.0492183093576809,0.017563149060188136
0.002570271715660104,0.049564138522652616,0.00903958226013502
0.002277713897450561,0.04951365586967887,0.015917912991980542
0.0019107743345611558,0.04964473890262476,0.02845160120741904
0.0026008136706383005,0.04939442111601189,0.04074268900888518
0.0022598606839991527,0.0506097852994438,0.020030338685539568
0.002245023895188522,0.05052401930555402,0.014570562485174778
0.0019706871798343666,0.05041271950184933,-0.014213887866982031
0.001973449840742285,0.049433076987920314,-0.004563010080216697
0.001973449840742285,0.049433076987920314,-0.004563010080216697
0.002089119319897874,0.04975385194126699,0.024978103482657922
0.002268129622916883,0.04966689957826423,0.017325066529746313
0.002189004980668976,0.05058331206018416,0.003924593618510619
0.002324314063201321,0.0502720908080853,-0.034211342961990306
0.002406223062306452,0.05038929587873338,0.0037196928010363446
0.002493309759002997,0.050088103606314285,0.019623781604866764
0.001937518416661635,0.04937197268862907,0.05354609922717507
0.0019402744096894396,0.04900995086844515,0.03993053779513659
0.001900500836414814,0.05003657741313195,-0.004960287997680264
0.0022199329859128006,0.05052141805812413,0.0038035756224949315
0.002294463914629952,0.049172898138154605,0.042806040540810386
0.002271438982014311,0.05096385011602236,-0.04112520481498438
0.002010562502373001,0.050647709024223234,-0.050164071711548644
0.002695295293695718,0.04965244815328157,0.015483932685437593
0.0028144634721294294,0.05034523546834602,0.037965563920735045
0.0020669794485918274,0.0502373081117672,-0.04817081825256179
0.0024229980707359705,0.049129093231278634,0.03453451009329373
0.0024009015488124755,0.05075129756767526,-0.022788930142083833
0.002302189813659241,0.05029503099892387,-0.01849596026269789
0.0023873282221574315,0.04893502478437222,0.0744742353549803
0.002275340944278075,0.050686779186807404,-0.011228412989668762
0.00239052253742505,0.051151560777854835,-0.03831783697680147
0.0024238567915157434,0.05024896172187314,-0.014876983585208345
0.002457346431565583,0.049798622688330796,0.023054019881440235
0.002389500017478786,0.04928980284296165,0.03914214057089956
0.002462783716401889,0.05048362299280629,-0.0038715599211754017
0.0027627619010717757,0.04939965679223717,0.048266470437711415
0.0024409114922405756,0.049482922753951886,0.04162685111358396
0.00244516347337431,0.050558165183621315,-0.023368778614821516
0.0024616125973083497,0.05058822781065617,-0.03347319448317989
0.002647807781600382,0.05039049098160806,-0.020789846580845737
0.002067787160730143,0.04949477852314762,0.016574640629106796
0.0024359346607012947,0.05051289097470093,-0.011040357179259433
0.0022579700076203668,0.0495134971987769,0.03732245740415939
0.0019462554228444262,0.04876058497934994,0.05490744268538901
0.0019169908484139625,0.05060885807324089,-0.07050430147138927
0.0021018916828976324,0.04993656208260349,-0.04052724276069845
0.0022393602978905895,0.05088499254993234,-0.024740019077201306
0.002638740516211629,0.04908249887520268,0.03758372101126632
0.0020738501286143483,0.050497104429777784,-0.0022263382740061685
0.0024522985209042263,0.049425711644633434,0.039333405122416794
0.0022201213165143297,0.05030714222469002,-0.014928171010739268
0.0023634491812781783,0.049654854655755046,0.031586873680306216
0.0024855411904422782,0.04943737148029784,0.04272023708296973
0.0026872862949171663,0.04916202159484049,0.050794960610075796
0.002143349300343083,0.05001368258293179,-0.010507775992514796
0.002337075502462914,0.05067447858189086,0.03652393983902437
0.002356745140339454,0.05041612459521854,0.022581529376504265
0.0026767152065590265,0.04913634988369659,0.04480452022927664
0.0026948445074952017,0.05079624253433655,-0.009883219922810448
0.0020763943370992943,0.04906322438319157,0.04496784883426263
0.002043443489706302,0.04924224696842794,0.05867973772363396
0.0024183316640136623,0.04913501747850206,0.04668089599399601
0.0017878501123181135,0.04951068011909958,0.008546137354187085
0.002261708539422479,0.04936437397182344,0.026976529944439803
0.0021843485249045634,0.05060137135396033,-0.031826866193436235
0.0025192019572415104,0.05036966455289878,0.009553710411944184
0.00232003363939569,0.05043421038415564,0.03395280854369639
0.0017556728911344527,0.0489108724554507,0.09078010843242436
0.0020219357862421537,0.04851018013821063,0.0726042938513229
0.002039519460865238,0.04893339991873208,0.07356434850718184
0.002104614454801719,0.051029399194632744,-0.052290205707273794
0.0021973581692743055,0.05135701969938801,-0.051422604890630316
0.0021614009198966007,0.051161693770360527,-0.06400324970773628
0.0019395361501156564,0.04844573029908818,0.06062680197476993
0.002209275278023407,0.0490103917085208,0.0628864383084581
0.0022083550949479336,0.04900570886383874,0.07528178954144582
0.0020724042956785952,0.04951275422741819,0.05895136498989682
0.0021627741133969343,0.048956179286808545,0.07247332170396209
0.0024556130255699994,0.04944173554103399,0.040326718657940984
0.0021306656481651434,0.04983399352671649,0.051792763793064106
0.0024564225833441948,0.0497776532005002,0.020668053190733632
0.001870566619048458,0.0504227471544313,-0.003932678029155166
0.0019186524562602946,0.05043464442429354,0.004123958275814737
0.002098274564179474,0.04996784506916683,-0.01457295861750574
0.002098274564179474,0.04996784506916683,-0.01457295861750574
0.002632180570593033,0.04995852312324762,0.00016029861233495695
0.0023162733652038535,0.05119216793563327,-0.02596315448717745
0.0018413149397014182,0.05025315699063225,0.01514075942469994
0.0022435568058957593,0.049989254048523,0.02567831006110585
0.0021260315141745137,0.0497470809119546,0.007301234975400652
0.0020512862304105585,0.0495807076298847,0.009568114699245497
0.0021809363512800472,0.050485284879380414,0.013934765856767662
0.00236914157950062,0.050705781821973224,0.008003168435325173
0.0021525964040741614,0.05000840333406127,-0.00707704100786391
0.0024027565560253367,0.04918179935281706,0.036770261863384
0.0025712230359272183,0.04950608169628193,0.06213883381947191
0.0018842642628297888,0.04955689656226947,0.04712072964437408
0.0020588044044151797,0.049980630871477326,-0.009946909197789483
0.0019124341747299642,0.05007163483529502,0.003237358501606896
0.0020073030446773974,0.049696342407436436,0.010214482793477963
0.002121973462738124,0.04956470270800898,-0.00956429273664356
0.001985550656002038,0.04938948520518059,0.036237128921274085
0.0019408697434443582,0.049590730708000644,0.03561059035030831
0.002291137940394127,0.0494183044495026,0.04266081920877707
0.0025647793325214202,0.04980552395925684,0.026208172092758827
0.002467864767862857,0.05040767740405237,-0.01549450764402251
0.002422654946218171,0.05100124479452819,-0.03950918507461362
0.0018576236520861588,0.0508735522971876,0.004466600927982876
0.001877899564689108,0.051126617236839984,-0.013116394826633085
0.0019118257833707583,0.05066883018082962,-0.018957308941355486
0.0024609252671096435,0.049693793875366786,0.013533624950154323
0.0024505041049921335,0.049556672049498485,0.026998062800551312
0.0019365442879262246,0.04961933186555012,0.0208914452594466
0.0022425251034621715,0.04856837672596913,0.07727710375434539
0.001999523005049544,0.049490129733886376,0.08180734301976077
0.002027470394490617,0.050962355666212565,-0.048178436949318136
0.0027203809043422947,0.04955475277750717,0.051591421851604105
0.0023568855042651617,0.04976206308483728,0.036112706043134796
0.0021161948107008117,0.05032784626019792,0.008941932091830043
0.0026388564432238905,0.04956343922918288,0.05178685244517563
0.0016691550815473087,0.05080991917191354,-0.006388134703267545
0.0021012419733504304,0.04941263314335103,0.059197881216489855
0.0027285258083287085,0.05035570914809574,-0.023050380747732004
0.0025074667899391743,0.05116226273325119,0.002879908712356324
0.0019133042068217054,0.05021836813764133,-0.03190528234631178
0.0022266089757869,0.050522477789645054,0.010644290342968387
0.002542748824386158,0.050238933156050304,0.02384307222418154
0.0025165693176547486,0.04975412142959052,0.024409810916527774
0.0021626092044360746,0.049764952583407095,0.013152479583284249
0.001971043437180065,0.04973152163562565,0.03588445131193835
0.0018203685564868934,0.04906243205134052,0.045703993182021334
0.0025966889420968916,0.04937154034641579,0.057842779325125895
0.0018699069599230878,0.05058520770840679,-0.029065065338943628
0.00252039007392721,0.05062548860053491,-0.033348453637055235
0.0025603770502186617,0.05087481262895854,-0.00865692230606898
0.002550072717370375,0.05040030781038485,-0.021256540461463375
0.002593343772836527,0.050090479069557284,-0.0381922402606693
0.0022619945749487377,0.05016287104318208,0.04562163958644491
0.002276970823180263,0.05007474886178194,0.04094538947709037
0.002394630000068025,0.04954888732337974,0.021733072721179393
0.002363190954955183,0.04966521033818505,0.015509674211321534
0.0023557845382011005,0.04985150825473942,0.01644256850109865
0.0023895153592103807,0.05028730668766846,0.010531549296151108
0.002508051552333339,0.05021235534084486,0.006415254000888473
0.0020650179438335544,0.050420188409564894,-0.009603332407223872
0.002214297311167189,0.05037113102603734,-0.01208749154091853
0.0022675808780078925,0.05021918375029673,-0.01996154934758285
0.0024789027928297036,0.05025883482847707,-0.015565508805190578
0.0024603351056984436,0.05034907759778395,0.011461964244307994
0.0022691681423890266,0.05035294665595215,0.014470717418603682
0.0025633259980465356,0.049768619157959174,0.0020247983022580124
0.002871373726872368,0.04986396263752987,0.07350600094817115
0.002871373726872368,0.04986396263752987,0.07350600094817115
0.002243402624028506,0.049193752792623835,0.045977927082452706
0.0027837508027080612,0.04945617674170242,0.05058201766280688
0.002219027408276908,0.05017646034365602,-0.035158543067639235
0.0018071734995420863,0.05104406809128572,-0.0023010479672512757
0.0025855492457692473,0.050986712048111726,-0.019141234221220008
0.0026407680596660004,0.050177215730726164,-0.028884725235565678
0.0020286015014821055,0.05143536789383353,-0.04946350522578103
0.002340263999302128,0.048726347948007655,0.06995509235301062
0.0013617854193043557,0.04895776438203324,0.05807580046512311
0.001465086680786179,0.04842680782867966,0.07689084814585434
0.0016896196971691322,0.048364847634629414,0.0606905161710058
0.002226449163825931,0.049255687353957446,0.026547579993616493
0.0023113127787569247,0.050263503246475716,0.0230226397869476
0.0025855145431977937,0.0501445547425725,0.0012946377516172155
0.002673958425897858,0.049972370941555086,0.017856845709648246
0.0021247758440190475,0.05121264180044598,-0.04912697981937618
0.0021478955285405416,0.049151271710687346,0.06177402248060547
0.0020113922426841873,0.050276128513525864,-0.00960274886023115
0.0020187204909144813,0.04973747280558069,0.04504048457499055
0.002580604329523503,0.05080911199794559,-0.002521721284156603
0.002665268596926921,0.049773320988260344,0.010215797349306447
0.0016557131301063953,0.049836891878922256,0.02691924997525912
0.0029717180293681493,0.05084756614165505,-0.017518530440905948
0.0021212029567942315,0.05012161020651826,-0.00880757264143669
0.002440980581754436,0.05035171706150965,-0.010413165054653669
0.00220261053133574,0.05031348394049336,0.002536620006396215
0.0025175967353610954,0.0503412560706242,0.011060826303792591
0.002164524229118053,0.04977281789003039,0.033107773936316545
0.0025928594763812056,0.04920999861973109,0.021836672544711735
0.0024028233680342286,0.05079590583745437,-0.006935257230033797
0.0026499611456828366,0.04977392015531162,0.031728617435855914
0.0020312072995061037,0.04886007290363334,0.07834509747382669
0.0020647684080378824,0.04885605612137748,0.0340732295140604
0.001989032727577885,0.04930868113944225,0.06284921708933247
0.0019237834319427646,0.04966824745623638,0.012251805993623223
0.0020573833610307247,0.04942864294441635,0.025291442380105975
0.0021816308369208637,0.04956095450231932,0.02747364834338259
0.002182428403287503,0.049703019200432214,0.031107143528298544
0.0024597643145683966,0.05037934652928829,0.003386501751532228
0.002038334955061755,0.04930139869939268,0.03473469819853107
0.002133481677995242,0.04994270978856008,0.011405073247943669
0.002148103242133239,0.05042555077233239,-0.011041486957336467
0.0020141131515216924,0.05040274201816601,-0.013421941032442354
0.002564721399055315,0.05091632953007819,-0.028449362714284866
0.0025253923684175465,0.05061294268443729,-1.7226614471408262e-05
0.002936760291910345,0.05011472343390723,0.03220354193470311
0.0028608799883448727,0.050207757644697225,0.062353518861018836
0.002600613948357388,0.04945765165736041,0.0514712395434173
0.0017232591890906693,0.05075380277513836,-0.01776425553546395
0.0017232591890906693,0.05075380277513836,-0.01776425553546395
0.0018815688923556457,0.050770966985824825,-0.04914540002329859
0.002387141988571966,0.04817859276037087,0.08436860343604795
0.0024146610191376596,0.04896474567553635,0.0791147240861573
0.0016346621372254823,0.04857578510664243,0.06229638246277449
0.0023272920981943623,0.050553852413061644,-0.03869816722106567
0.0018487598381444386,0.05069272749684723,-0.020539213302602208
0.0021146368689819745,0.05020396387983939,-0.004011658363888161
0.0022461121901955015,0.049682710442915855,0.023577547576993447
0.0022254804666811813,0.049954829792223175,0.034939505200006465
0.002498491480028317,0.05006379144584276,0.03744045802602718
0.00237295111071115,0.05058844434219769,-0.026222959136113364
0.0024084910665441296,0.05008097725368619,-0.023520742349894992
0.002771864014635236,0.049805877811553746,-0.004504878426873964
0.002771864014635236,0.049805877811553746,-0.004504878426873964
0.002136336464906806,0.05056685378646717,-0.026031901744320813
0.0024207489082293796,0.05060248826098849,0.02242989306346765
0.0015365948035065634,0.049321870519555215,0.05530096926969751
0.0015530773328308086,0.04984152047323326,0.01041222434653036
0.0016759423010020273,0.049589189207719556,0.02511954282941116
0.0023428840920870684,0.048007969441588215,0.0924912656137177
0.002676435495683177,0.048103890531530996,0.08436975244539578
0.0019710729830668774,0.04803436787966322,0.11870963971163924
0.002268770279994179,0.04900449578749131,0.04928037905475476
0.00218105081474118,0.04921909503595771,0.08677537933298764
0.002350596854306197,0.05136179354599419,-0.06117150520528046
0.002415765430676528,0.0514057198919011,-0.05605227504601405
0.0023541022861948537,0.0501959056364194,-0.008977405879811454
0.002410420516845379,0.04999392298791111,0.015462837204912892
0.002143564212781635,0.05104719124774108,-0.023940462515345415
0.0023241412682428507,0.0501841755811353,-0.0013951960543083534
0.0023770325856913694,0.04939388539804089,0.04295870619234567
0.002476558761208486,0.050248716245689204,0.015968846253580308
0.0022668238317196166,0.049120788628312456,0.07350442845376104
0.0018314495407619703,0.04918957906871323,0.05822542627858443
0.002019384580822414,0.05023137919315059,-0.016583855586508375
0.0019328730212552765,0.05034355386596155,-0.047118608696784185
0.0023823050072574645,0.05013535279714592,0.04122801715125297
0.002175615501568808,0.04996013870476417,-0.011728051199636828
0.0024133947887135655,0.05106101198390672,-0.0214424279604877
0.002027611692493738,0.050302394968939616,-0.01871379777385648
0.0017966324520631203,0.04998874717125724,0.02353111196900857
0.0014685890484429464,0.04900663328154708,0.03469542766828018
0.0017521626164790011,0.04932846772680629,0.05272358302832515
0.002003945001271359,0.05013930878859342,0.03363951454984008
0.002461965078299274,0.04992082737215555,0.03675719742743322
0.002619236418936643,0.04964772756820233,0.04967502745701908
0.0021099835928184768,0.050049929014123966,0.006770992973350546
0.002430633678463174,0.04969498940015454,0.03254607782921785
0.0023234352941556204,0.04958707902449069,0.055546692279918444
0.002378556928326507,0.050460971096506775,-0.025248066480084454
0.0022839993443288533,0.0502719463843561,-0.012953679907352494
0.0017866274342373048,0.04968335731738937,0.0377386746091631
0.0017395469165105604,0.048719906551116486,0.05203299850130057
0.001795314013202059,0.04922994193674844,0.07109111742224308
0.0019369671679156594,0.04988791892334185,0.02520595390426339
0.0018934923420953155,0.05021228982517116,-0.004915264146141676
0.0024738804059368873,0.0508678747306872,-0.02316971623290409
0.0023613228405487837,0.05027923080534485,-0.013032728883026468
0.002534299581537345,0.049446723549380685,0.042083406799911
0.0025634750494901897,0.04926612184253917,0.039838059094351716
0.0020427412518645863,0.05077376214709851,-0.0395904417786929
0.002008286968193172,0.04897324272383875,0.07402370798560695
0.0022655981340978216,0.04939586689900775,0.06053718007549164
0.002031963559660411,0.050407849448592265,0.004494406142078712
0.002839643349371448,0.05006158175681856,-0.01367305141651287
0.001808146121835589,0.04870015496660291,0.034619258800440464
0.0028285799715646407,0.05040373112435815,-0.031140014907651448
0.0027109549783215104,0.050490451757731064,-0.008346448569254265
0.002277156571370862,0.05004843741092565,0.00919753918501072
0.0024759211730771375,0.04995426734137686,-0.00066226168985357
0.0024290392044540423,0.04934133211837058,0.025231365862510263
0.0025940658499437417,0.04942557545569173,0.06530065278387362
0.0018579121337721901,0.04888403075015683,0.03434081717363025
0.0018543148947079838,0.04909390762337638,0.04675828648000746
0.0016281737717434182,0.048899983962659835,0.07291772066581287
0.0026446497443662798,0.05079599758619047,-0.017506904622425445
0.0017802632002745635,0.04872865470818282,0.06716480961808684
0.0020790845770622206,0.049662694223788384,0.05726613049951493
0.002081603485210432,0.050306884160216774,-0.003387331725547573
0.002032608058490935,0.05038145310602287,-0.00793447765001221
0.002594189973743272,0.05036794831625449,-0.0006531820204775185
0.002265186686900793,0.050590634172339076,-0.012614133403117286
0.002368474955784344,0.05014895727233866,-0.01908798854530899
0.00169487450518476,0.05005188291276285,-0.00468297560033477
0.0023190973330566933,0.04977640262493741,0.0060960590299739695
0.0025118433607813624,0.04998495625042499,0.020014569464856954
0.0016232606720385152,0.050093112307979505,-0.018170732078202922
0.0017244164052475693,0.05013200603863979,0.025046240430725265
0.0018738520903475238,0.05027913246610275,0.01649524637515584
0.0025185276111559752,0.04923900920005088,0.033414338303305785
0.002298063056813429,0.050243648975399464,0.021719612807410353
0.0017547024589625662,0.04981715836049922,-0.0027340042633675287
0.0023509682144430876,0.04886016309595275,0.04070820028930899
0.002241391009057703,0.04905350351388014,0.05141846197970849
0.0024245523816605976,0.050707575852940744,-0.04221349566752229
0.0021970654909027392,0.05060321961769182,-0.030196059047498423
0.002179312039159037,0.05089910672363305,-0.03878989853533129
0.0014043941995846964,0.049319200668341716,-0.02578551382483037
0.0026630984300715474,0.049097550884559304,0.10689914084969808
0.002411764642255864,0.04906757727412004,0.09663322591338482
0.0015035904621448735,0.048851403524705045,0.08464825998107214
0.0017960696070829863,0.0488967842099332,0.06632954745056656
0.001740554165997242,0.04820890762816566,0.0760136678024629
0.0013902506970352912,0.04884362113078226,0.08179511284425821
0.002456809846627945,0.050993867083911786,-0.0032411514625385325
0.00241846522252067,0.05038390550697212,-0.013165760002354789
0.0024432831642624483,0.05010828664897262,0.011815119523585065
0.0028102338741151384,0.04991913771899645,0.03104511458670336
0.002653407103779377,0.049771192811483275,0.033391615651417406
0.0023805169385525573,0.04950340335241943,0.0229263107177953
0.002058456872593963,0.049653916782380125,0.000552606136967166
0.001894241125292136,0.05032968493344513,-0.0028583773094539027
0.0019107138683746897,0.04927981941278521,0.050938022106604496
0.002325578045142826,0.04964336058522944,0.03256398568547298
0.0027745618275527035,0.05015808732421774,0.054529934569327566
0.002900268623156263,0.04969876749484492,0.02628109142753325
0.0018045478610379023,0.05084176389632943,-0.019634735614990236
0.0018562295208150723,0.05059084654209667,-0.022805979626425013
0.0020159877007573253,0.05009271842455377,-0.0353059156856599
0.0019079614453458085,0.04996133990409826,0.038408753464940854
0.0018911512464973058,0.04963239920665295,0.0053859175938878665
0.002184660949947434,0.04984573853137725,0.026893270247032246
0.0022273362511410926,0.050197176091526054,0.00598849162341235
0.002657801590549754,0.04978012340730776,0.025552814079041572
0.0024721379718673935,0.0498517430208137,0.024992304509220846
0.0021158401642341414,0.050447496781989586,-0.011529813085583214
0.002540959698040072,0.049649072162385316,0.03889932686439465
0.0023060271448615026,0.04961669258092726,0.021528095390647744
0.0023381430118516035,0.05062533161091448,-0.034297609711970115
0.002477317786737908,0.050331024160613365,-0.007590355366878035
0.00179318229365323,0.04900968276113719,0.05222938845305328
0.0018030179205623584,0.04860680961828699,0.061938646374274875
0.0017038272564344054,0.04876908862837814,0.0508572961944024
0.0028111428400835496,0.049710157151104974,0.031022867482461514
0.0022853354295146377,0.04963566070520558,0.050958442523048306
0.0025042084859786084,0.04953358189155959,0.01821907382730817
0.0019967621252690256,0.050077381137168336,0.03598602026748864
0.0023866820128772893,0.05000354710666137,-0.021841749502079656
0.0021292497414182334,0.05050072754549702,-0.0011714029392993126
0.0023993544039534404,0.05035554476462198,-0.050301290418313986
0.0023595738093802714,0.05019213006336477,-0.058287400276361895
0.0019207117928170061,0.05046241356523155,0.027750115090685815
0.0018965759879271504,0.05018625583058354,0.020560343946735504
0.0022611147353112566,0.05022378336263498,0.009905212796444903
0.002264757837084274,0.04893756098071103,0.051153416718171675
0.0020437778569980932,0.04964650237540888,0.044601680797169974
0.0023171156208490716,0.04930268202101171,0.043218611674450354
0.0022917190895333545,0.04946029122108157,0.04624315392260223
0.0024802212813700474,0.05050080814217531,-0.013499122259764188
0.0020766518787812735,0.04982923330650692,0.03280583303262081
0.002865238581637505,0.04927838526093493,0.025269134148008916
0.0027191319236273058,0.049629599033429866,0.03126825329860591
0.0022656043886743146,0.05048401711292326,0.01012104222255052
0.002466900205512314,0.05029757140480794,0.009078160691159302
0.0024616867577963272,0.050381693233698364,0.00227352954428327
0.002481077232614558,0.04980745150506254,0.0012683347858272057
0.002411042481514341,0.049627733889195114,0.002226162307588699
0.002104252168485015,0.05017173328200809,0.036617480997477414
0.0018754883989585273,0.05014290980322456,-0.012924351357975636
0.0025194079686742857,0.049738971416177405,0.03869460337753139
0.0025131069851590283,0.050600790194194695,-0.0116047697496344
0.0022779149114474408,0.049950079969413454,0.005093876995786591
0.001978681944211155,0.049598025848971654,0.020658647876899656
0.0016834874733999215,0.049867939644582894,0.03161566420827859
0.002314010963972337,0.049763721857735276,0.017773747284962504
0.0021525452276463073,0.04991696658190932,-0.013714994703070481
0.0018837044506138012,0.05011606665315382,0.0036495167802154936
0.002226944772257404,0.05014272329277747,0.02359183066761788
0.002159066495223534,0.05004519809054652,0.026456104727316396
0.002242786967029919,0.05001869088007526,-0.0031053065673727676
0.0026682555743295093,0.04987327239635043,0.041155966483837125
0.0022003619887499357,0.051048536786730186,-0.05167211456451269
0.002141041671437919,0.050513560617740386,-0.01160066640570329
0.0023524735303929634,0.04953450071546332,0.044905812794329966
0.002370886811635689,0.04965203867946057,0.03403003894506794
0.002360935083844783,0.0497486522208601,0.025734968936884952
0.002170636455342151,0.05085782402959105,-0.008812301948205946
0.0022525949242217427,0.0497815782280928,0.01945103305404324
0.002210972375710059,0.04955616635901319,0.023161421906028556
0.002217626082338855,0.050388210280788694,-0.0036398116796783
0.0020416555350688194,0.05062161316501043,0.021027343099911226
0.001689211111524658,0.04893233942211271,0.014390951594893252
0.001701043806625527,0.0492754313086458,0.04715768896281047
0.002071859626803835,0.04984740278971945,0.014488831536230033
0.0024402206279256953,0.0499276137199514,0.012461736632055355
0.0027101754559267035,0.04990589204135882,0.04902316574164817
0.002303682960919732,0.04960335449309564,0.037618011872720826
0.0023954596337915847,0.050273345017999876,0.052790778704206245
0.002291045202916423,0.050071637434338845,0.003950141364630288
0.0026195588545086194,0.05004968046797118,0.00969116718339114
0.0022142861673281047,0.049817806643853844,0.03429010424105216
0.002304882483878153,0.04986499645121479,-0.003240537753353998
0.002516666133554546,0.04968220218474703,0.030904025922963468
0.002239073154935056,0.05060097034072767,-0.024692285167361452
0.0024539324712122253,0.049670325899555307,0.02542328435611782
0.0025248266000636697,0.05007809863028367,0.005954142102808194
0.0021940581174457923,0.0502135509642356,-0.0035511576578333075
0.0022056704296556867,0.04972632034719983,0.02945855164481457
0.0023210326917633135,0.04992492135646989,0.004157657146602709
0.0020883374825134337,0.05103843055284187,-0.05137088881499996
0.002389274685980021,0.048921267217319264,0.043883366917402515
0.0024627847118690294,0.05020421404136285,0.0008896134867705283
0.002153248034499728,0.0491312104622134,0.041991381362165375
0.0025605777235981554,0.0493822002372017,0.06372595371754342
0.002440893255735278,0.050200877905492734,0.022671476653331725
0.0024260187307362647,0.050486666515864455,-0.0026452677841850183
0.0025228747986916628,0.05066136928349625,0.006713108884032289
0.0012240858226017102,0.05148792789094881,-0.07167991034555417
0.0011745388667088329,0.051675774753521676,-0.0685149505444751
0.0022974977497900967,0.051205692239961256,-0.042835079306817174
0.0021804422915947673,0.05134602938724637,-0.04426465070046947
0.0020900605146524486,0.05151099959264097,-0.03537845269980221
0.0021665658107415764,0.050808102804059736,-0.028122459835425453
0.0019988551970259796,0.05085976967036339,-0.02215618017747507
0.001961193732992315,0.04971162665447937,0.006485802446802932
0.0019090494340991383,0.050500765082128606,0.00590217759448239
0.002266569285224344,0.05040120712343599,-0.03019722678146688
0.001916908453048078,0.050802238891597164,-0.049181111158186804
0.002889171486036463,0.050011007651331735,0.023131768265451682
0.0017139713674419984,0.049649414468504134,0.037167656088598004
0.0018033196658438072,0.04955262046326282,0.013168041253007528
0.001428595871322911,0.0503445419116571,0.023411342232270923
0.001030013202028785,0.04957099953433348,-0.0059361664499634785
0.001067993831654948,0.050152017499794484,-0.011235018502223328
0.0012111975253253147,0.04983351693982318,-0.041640979255353275
0.0017381556395596512,0.04963919211489509,0.06307429523493217
0.002184624407561659,0.04958121682043552,0.0070666475527646
0.0027124899799379773,0.0499658419754877,0.02751270306212225
0.0015043240812090304,0.049419116588371094,0.03306152624419337
0.0016364606988711068,0.05001401079874487,0.020667061471557953
0.002536061644399463,0.04919948030189294,0.07093570228746976
0.00252619226728092,0.04893656350592131,0.04687917239413379
0.0026622219955867747,0.04884111093525138,0.0491850217215538
0.0015518309082094325,0.05037585281934598,-0.03619807317898535
0.0016112517639729814,0.050868519136545685,-0.027604568673991213
0.0019904713792083745,0.050900404551015195,-0.020990997039393722
0.002210055595055356,0.05072924218184981,-0.03635551349202935
0.002306043696415085,0.05089667641353763,-0.02142527415845027
0.00265021860800241,0.049729410195062086,0.012629925139547039
0.002800140036227021,0.05044840204876901,0.025255796830735276
0.0019330607592298104,0.05102612644442564,-0.060780281859911495
0.0018028887421709667,0.0516177406632494,-0.05629956802677546
0.0018286381048837023,0.048755716733992614,0.0411009838226938
0.002788700666706513,0.05022860938669146,-0.0063202359632668625
0.0021900505269787413,0.04966682818304025,0.041898525664491856
0.002155726365002389,0.04994982044741904,0.03392603036485603
0.0021363853109491507,0.04973240416653793,0.036330042926063434
0.002039513499878058,0.049792042066368926,0.003387774604960488
0.002499538257866583,0.049678298650493835,0.017381936261080783
0.002161349345789078,0.050233742769227055,0.004631651118142968
0.002206419021714501,0.05014684069668926,-0.01663001175928195
0.002410005292225905,0.050250813122580236,-0.0027518799566711273
0.002355149823768049,0.04973124025471315,0.020479808119827417
0.0021803460701248305,0.04706214556355453,0.13981960693235154
0.0025992716332046547,0.04810461151188547,0.15490539153061267
0.0014037415846908038,0.05044473536316238,-0.004416102237746177
0.002859436193285042,0.04964493361113921,0.04566666876864234
0.0020250325728466763,0.05064604636808051,-0.049878247012983726
0.0020542107094700607,0.050488847995415295,-0.042927109303525335
0.0024887711059827715,0.049143430245005504,0.049851900247976845
0.0022630363802580346,0.05013591915725948,0.010567200574233144
0.0022897930439643556,0.049894961234705534,0.04048037154621608
0.0023834800087104884,0.050132439720209795,-0.023929571639634613
0.0025916742956318033,0.050591813730724154,-0.02051322425396792
0.0025116357963481818,0.05038543254126076,-0.03277933692186305
0.002533519561123336,0.05045502954554657,-0.030661634772357775
0.0022324637308097015,0.04968717636152041,0.03253346302194134
0.001969945601172779,0.049658435113269,0.01652058675598904
0.0022362960736090048,0.05000502053291206,-0.012751676113282914
0.0022394937404848774,0.049873565775120574,0.03194123495220384
0.0027192396904734306,0.04990443059843912,0.031968708003315575
0.0025181478906720735,0.05038911296890824,0.014664645167824668
0.0024266250957002667,0.050247632747122205,0.007822213238833376
0.0022237780354638814,0.04912025434425902,0.05243703974197748
0.002484020952278693,0.04911363513038216,0.0747523365882959
0.0023868273601246074,0.049064565504822334,0.042542932981913424
0.0024306656911783284,0.05022097416554272,0.017872993212422843
0.002235956235343436,0.05199967864889175,-0.0453605876607619
0.002598848380275367,0.05060038128097647,-0.05265366016516712
0.001786702177593611,0.05075892992703597,0.013366838055117796
0.0018469289832065306,0.050556409430758904,-0.052394932428038526
0.001752255155629832,0.0507994071821075,0.008980227667795005
0.0023719593010175398,0.0502413040309144,-0.03309431362987065
0.002489834183231747,0.05051442121803886,-6.800369992439344e-06
0.0022889720117224093,0.04978621510673508,0.0242511676874894
0.002223217891055769,0.049727052782474856,0.035513191382762384
0.0021336125280760716,0.049588786901003226,0.01526333038255464
0.0018721000751502426,0.04992080818471962,0.02834275383215897
0.0020656484472186174,0.050969345971266455,-0.03924350686066498
0.002158100882085522,0.051013845486793385,-0.003792401881144667
0.0021461277290898036,0.04970353880260742,-0.0060561833798983755
0.002265310109859787,0.05106304847248371,0.006404990793258057
0.00217500047009035,0.05009705822355511,-0.027204006472422784
0.0021844067218186594,0.05131047694475734,-0.02855152653105944
0.0023462485073438926,0.051617634257167415,-0.05056125355092099
0.002151025687554203,0.04810980856016732,0.08620472552413222
0.002291358707990917,0.05111069078010969,-0.017434923383456345
0.0020331977893096403,0.050605289924817984,-0.041946971975823165
0.001961994722821241,0.050847630281654115,-0.03229803870074987
0.0029014208687970777,0.04954229717359288,0.046139009520909664
0.0023502936450005892,0.04970303340275125,0.020345019375494
0.0026965694575963005,0.04993423393445925,0.01446549526157406
0.0021646511081994894,0.05041339083608153,-0.009717885857252695
0.0017156193163118838,0.04996210506154926,0.009957373584521496
0.0016566362785941546,0.04996123651669273,0.03145574603268326
0.0016712843915821776,0.05016090763910348,0.04280264144801596
0.0023985426442399136,0.04927780685263292,0.01234093166237336
0.002429476537946689,0.04957797180880827,0.05067394920776245
0.0023002429674853003,0.049941176836045396,0.03230280893299471
0.0022926846885468278,0.05005373677832484,0.022794860204819765
0.002292637689684929,0.05072145042517763,-0.01812236787712176
0.0021823622673937293,0.049513897642486156,0.007271026876045959
0.0018184394218817013,0.04982804834115643,0.077889722417477
0.002408626686223496,0.04968287896548131,-0.006960592150087144
0.0020418606482596534,0.050692868551012,0.006604700312927211
0.0020661254288787626,0.05025032922187551,-0.004433213864003478
0.002210022284798869,0.050364098935953366,0.007920937039402384
0.0024626739115438893,0.050393265836562666,0.007436450004323693
0.0024060524073650537,0.05032906905894895,0.005568854585757122
0.0025386129704260117,0.05021988262942117,-0.024767358716504567
0.0022253950662410454,0.0506186257633249,0.013102245980834981
0.002278567899421122,0.048986099327771315,0.051327898490331654
0.002268047149360536,0.04910116798639749,0.041730577707009324
0.0029464003966634842,0.0495952242113854,0.05078353726021004
0.0020973169086720084,0.050820332431749146,0.017784182021226894
0.0021880371077028175,0.05007674058849261,-0.012539886469205234
0.0018120222900011316,0.05008292727337843,0.024519500211265498
0.0017041289603547916,0.0507538365013971,-0.04696120623247038
0.002154728185341092,0.05011310482588185,0.02840978227314387
0.0018487809759206164,0.04894818792046567,0.041213905588889606
0.0026651174059527456,0.05031554435577336,0.01610394638073223
0.0017751600219214562,0.05064000273763619,-0.02436270063074499
0.002881162980764491,0.05002714920514045,0.011201870507467666
0.001923678622010991,0.051139583710165824,-0.029005670370762567
0.001959043795528406,0.050673603023224635,-0.0031503387401627834
0.0026192107731516784,0.05003795504140699,-0.015677678557013446
0.0026233221431593,0.050100862516848435,-0.01316521737436849
0.002460001998135237,0.05016262321747697,0.036077939193670555
0.0020801282172222342,0.04970050886973039,-0.013155801295897995
0.002136022902380516,0.049473235497108414,-0.013550993503172537
0.0020360544877261813,0.049816057701615075,0.02016299142940373
0.0020511072066733056,0.04965785915764206,0.041897800584579675
0.0023898709995599384,0.050472541045832896,-0.001780950705581633
0.002236202224553232,0.05099508150371246,-0.04843496675774726
0.0022361523318630313,0.05101146107044009,-0.033675540899728525
0.0023655334977078428,0.05089988661521229,-0.03570054246112507
0.0025325387940419437,0.050716638881498806,-0.05362040069041099
0.002281828656500176,0.051719934571608485,-0.018075372921663748
0.002810625193090074,0.049713743662423836,0.02085943943883871
0.0020971248964742136,0.050626565681395924,-0.011610759507442276
0.0019236997191314725,0.04936382795965712,0.032951759765289065
0.002589311082154076,0.04936817915028015,0.0334942053323821
0.0019524523654149677,0.050671464644513775,-0.022155578880437118
0.002284438650425674,0.05059377818406716,-0.019211124079442435
0.0023483978499449906,0.050219223864005985,0.006726600512031027
0.0027894381622924065,0.05058310878466055,-0.01958557789007107
0.002467311733529749,0.0497515893460605,0.028570762589205975
0.00254411086238169,0.05009929583585187,0.0020928107604970703
0.0024849942049303643,0.049839873142761386,0.024410393363072463
0.0023459096008221964,0.050639465750538404,-0.02164001742519041
0.002787078508228304,0.05013377135581169,-0.0011479959805110642
0.0029131746183898733,0.049558841498233516,0.010597601263001109
0.0025576752700054127,0.0502577391455755,0.052404652213076816
0.0026449276725096674,0.050080436445927426,0.04867459181719108
0.0016928701537580711,0.04919579153147419,0.027670276563583014
0.0023052412706061607,0.04921661841037348,0.07253413796063408
0.002563714511827778,0.04951459863512478,0.024463869498430307
0.0024655408073110748,0.04968423559189923,0.02293023130169538
0.0024428360140599705,0.0505882248897625,-0.014074938524542396
0.0024305125029159776,0.050221031623094776,0.008636447660778323
0.00264190152835803,0.050374730707281504,-0.009792304286162021
0.0024190623145655898,0.05070554229827363,0.001164936543580928
0.0016125102767069693,0.04982086233367669,-0.006605563097131883
0.001527390444332435,0.0495456670279217,0.06151681805610726
0.0017602162948365447,0.05013991905427782,-0.013549596979535885
0.0017400230615362317,0.05008268424109853,-0.012274230317531349
0.0027834883530871227,0.05036620502290842,0.03020322994259633
0.0026947803780010293,0.04986251097620034,0.013700048360872519
0.0027544640140709387,0.049840197032726574,0.03187097398713032
0.00187169950017449,0.050568340686541556,-0.014331017188182811
0.0023810279753272317,0.05069569969628096,-0.02711741274820658
0.002354142491969394,0.049293024204370844,0.04487069190282815
0.002341408912609437,0.04935319123945009,0.05270379669327247
0.002184049505026444,0.050766830081940294,-0.025484471703406994
0.0018286893955762277,0.05100850648137101,-0.04269891496372398
0.0016857641674763982,0.04936078280574295,0.04594572660943811
0.0018804966921081535,0.05001162737833165,-0.020691352586187976
0.0028695822933509493,0.04972019108974581,0.03141662478129944
0.0023139886798604972,0.049537685509112375,0.03314060997839831
0.002207055440334833,0.04978677408488653,0.02080425253560181
0.0019413493663936997,0.04995970825479734,0.008476740690043697
0.002143196462529256,0.05119490833982225,-0.05167726710638429
0.002132890790289337,0.050711764630553276,-0.02369391591532708
0.002448118968537312,0.04962780060529488,0.042991301896555215
0.001984241847958315,0.050526487691068024,-0.01787454034323173
0.0018843579288233398,0.04952802748080013,0.0286663121864332
0.0021921151409024483,0.0505337975591331,-0.03347357211508648
0.002337283540560886,0.0494259598697191,0.030493652713300196
0.0025306562236891406,0.04969651680817068,0.06272082815258016
0.002290088444677048,0.04956915693812372,0.013903257440593625
0.002546699216924255,0.04958191456174843,0.02271126657501499
0.00166168798728469,0.049798921103606286,0.026020957204592788
0.0017310276445718484,0.04978997242938328,0.02948088839396223
0.002753029066311192,0.04986803618917811,0.02429829205488847
0.0026222899165622964,0.04986152289312319,0.029077870839903708
0.0018611569223321695,0.049973348527990916,0.019824153145503433
0.002364042445921204,0.05061141855056463,0.010827431519988133
0.0019933383535929595,0.04964803315550293,-0.0010617782457200454
0.0020617136896199815,0.04933569055063183,0.02828656646866938
0.0024890808614963134,0.04999520744598577,0.004027090456709489
0.0026228204187141997,0.04963130337436132,-0.005636646166439017
0.0028402697284514154,0.0494819749189118,0.0721592671677567
0.0022965511650750526,0.05070241285208159,-0.02018359361402691
0.002411660989108281,0.05106946247902579,0.0007153325385996132
0.002536869097823025,0.05085065362941057,-0.006297335436964146
0.002116977265188895,0.04994370415522827,-0.018370102228047202
0.0026653947378446697,0.04996461972088206,0.036904742064470863
0.0027978948732837504,0.049498387069840936,0.03826992072600239
0.0017024900839947223,0.05032456647490138,-0.03563782283147158
0.0016818060607372135,0.0506946896649166,-0.01214022227254075
0.00178440965770603,0.05051067231386389,-0.024881284935627034
0.0018775044336609163,0.050758022182548566,-0.021974872439400637
0.0023355128852888822,0.050898104288982095,-0.022621516366397906
0.002747215917098079,0.04993848339022202,-0.011945737260610314
0.0021954334183253038,0.05107658663792211,0.009246773220019244
0.0016985946871256692,0.05019261614039181,0.03785689880085431
0.001856601202290874,0.0504584895405557,-0.00202773310486054
0.0022989224784879074,0.04976294491593072,0.02911907288916766
0.0025348355087662345,0.04979790724631287,0.018265780974242446
0.002674057580470984,0.04984354927604704,0.012154974402018943
0.002008025377657704,0.050497183953696685,-0.0026804897027869986
0.0025669207891829047,0.04971013019272449,0.04014243778641978
0.002162845275422391,0.050533103637014444,-0.009893793213561606
0.0023918124595414376,0.05062613131898369,-0.03313304337487709
0.0024029471978532662,0.05098595497428427,-0.035831442488048884
0.002526582895743785,0.051343015614751575,-0.04520770952935717
0.0024315637254229746,0.051104413558446145,-0.054068183528260164
0.002056780732870531,0.04885343287786099,0.07261138903293686
0.002489502599709742,0.05114504347496378,-0.037665773049966204
0.0024777397416327887,0.051117097144728105,-0.014187860716785785
0.0021159655567312185,0.05007803587091196,0.03447119697329199
0.00204861779345903,0.049995038933279466,0.04459540872144305
0.002242837888206791,0.050007924489116236,0.032435173071211236
0.0023376054247921892,0.05011337184025045,-0.009375618317906604
0.0025358324130588324,0.04938919701981602,0.04933059171261252
0.0014244781816459436,0.049941403406986815,-0.01833700700236471
0.0018662427783397515,0.05003358380175988,0.028562820093122367
0.0017209674512472252,0.04974280229554822,0.028946743125589747
0.002776303767914097,0.04983752088834693,0.014153518165702749
0.0030769836424776303,0.04991061112159657,0.022283842975655898
0.0018081266523391035,0.048670252348620775,0.09143416536402074
0.002116388383860536,0.04905387610439302,0.09862717444864777
0.0019071952071260468,0.04839393519961572,0.044970098836333926
0.001853804291094695,0.049310903636696116,0.05767139543067729
0.002257952250162121,0.049398184945694215,0.009473565500397152
0.0021870774237058334,0.0498934544308576,0.02466668968508951
0.0024930851710759467,0.049714642803677156,0.040215890087633564
0.002284949983995166,0.04925716527296925,0.03060771443047893
0.0023379832262913056,0.050282359803828315,-0.0004121869137420749
0.0020801999843843384,0.05013031320471074,-0.0038315612407327122
0.002288850869934037,0.050146252045508787,-0.009734344899485848
0.002480848099720948,0.05024297413513447,0.0011424030452692135
0.0018099399306554839,0.0496965467330758,0.02210474259716286
0.001918781478177362,0.050126815214857054,0.00612697874790475
0.0018189330111549773,0.0501040305331707,0.008992316365031464
0.0021505983084207803,0.050480268456581975,-0.030046474125490597
0.002044282533162288,0.05032112993134924,-0.0448072512886389
0.0025171426197368447,0.0506850953348802,-0.02804724013514547
0.0016179338262421765,0.05020169113295742,0.029605156866465292
0.0021686088521311285,0.049601032477206666,0.03192233045817299
0.0019386357749434275,0.049519598240033796,0.05855597369257338
0.0026406576965798054,0.049465974997250264,0.040551240728556516
0.002322828335049176,0.05057586579993683,-0.011685302194031626
0.0020433721218337713,0.050660356109590056,-0.018019593101000545
0.0022152346216349457,0.04930676795001349,0.040654065204072255
0.002174756849834217,0.04938548527221052,0.014962503462014854
0.002025600646716569,0.05060724629385695,-0.005728139514987899
0.001595784229785256,0.050589233370760114,-0.025505231974760314
0.0027118162209214584,0.05136121568845172,-0.031079158821349345
0.0017636618187280497,0.05052926741158372,-0.028759816553187333
0.0017411304927800846,0.05108443813486545,-0.03764082717098547
0.002221725992869993,0.0496457771639051,0.048711137841332394
0.002422674589696293,0.05096532941655037,-0.01556434471329635
0.002431524338523986,0.05099939238740499,-0.012203968903563112
0.002371944555001466,0.05104675753264454,-0.04706592439958832
0.0015113740777427146,0.05094952278927271,-0.011309753869674387
0.0019266809342871236,0.05077822056632862,-0.05051350478553165
0.001802753549929623,0.05003656826499482,-0.024911184178283294
0.002374763705029062,0.05113532602324798,0.013030369970761358
0.002428558657230687,0.0504811410705899,0.029941058733897668
0.002281846746170424,0.04936729584187161,0.022202137736140125
0.0024341985075162545,0.05009971414848344,0.019822041670245517
0.0022327547226935647,0.04953269322122494,0.014650578462786733
0.0022327547226935647,0.04953269322122494,0.014650578462786733
0.002477122546666498,0.05097489632428102,-0.016352652464410304
0.002489427236876751,0.05101317731997417,-0.06211382721741577
0.0024887655633001227,0.05114679692520932,-0.0654833964669976
0.0014490351739481363,0.04965911429067021,0.0027138067301419053
0.0014291031934925882,0.04854702000412026,0.03504735168950171
0.001709429677760708,0.04891505141363663,0.06909600386050309
0.001931138449232493,0.04994786634994037,0.00878268748361229
0.0020905691404127283,0.04989817878181112,0.004695846339650442
0.0019311446776625685,0.04998546793428751,0.0032800249664631915
0.002349121515561771,0.05012610020231058,0.013768677238820365
0.002255948508489762,0.0503274350193748,-0.01615097417208335
0.002530566578867305,0.0498686028243809,0.042676349138084074
0.002216816637964802,0.04947660387508421,0.0495006920113572
0.0024037175532826255,0.050203273342546345,-0.003566536584445126
0.002380548212195662,0.049878544735800605,0.024730540540659988
0.0022733031382024386,0.049241438800711516,0.02395249952835039
0.0021999328660181443,0.04977997976899305,0.03872911809206696
0.003190348366692358,0.05032606375820883,0.0201467503693787
0.0032844543774124906,0.050176013163785706,0.012141576308031386
0.001532846108410777,0.04906014461493664,0.022640162567795875
0.001638629904187619,0.049733194579814975,0.014184470631918947
0.0025055124180710753,0.04956101302432697,0.0392212843621348
0.0026029277614791646,0.05036675647502176,0.006906212915605628
0.0021075065050917287,0.05012016126571501,0.03191589324893106
0.0022211765463028784,0.04962476920113557,0.03435935432842582
0.0026687716743468955,0.050280318310900504,0.019845579556207475
0.0027444562588151075,0.050078821026078475,0.02881083203629008
0.0025909946461510095,0.05034254448112276,0.03634788446724952
0.0026192855924431226,0.05073360407310282,0.038914455135528644
0.002605879150477581,0.04999398776166189,0.023082628449322896
0.002096636188652401,0.04962123255037299,0.007556306477936823
0.002372655203160247,0.05094122770273941,-0.025155246977823776
0.0023676575779566513,0.05101500722849361,-0.04606087071749172
0.0022610223428152485,0.050976570039839394,-0.039246065317327654
0.0027805422709777632,0.050754181937979245,-0.026380356152324157
0.0016500533194183432,0.049610033679406175,0.043026474095725034
0.0020248585298108116,0.05110617219971523,-0.014127402601178299
0.002605934103739087,0.04965524158498958,0.06625841376099023
0.0025783959668985654,0.049550356420158405,0.021417030667215075
0.002664702839420912,0.04960804245354606,0.020299388894108573
0.0017230214673712395,0.048550106664470814,0.06947506128127623
0.0022622534269028166,0.04978809516176019,0.03556272640215179
0.002632376117581652,0.050552535334569916,-0.0248002094552616
0.002411487755890513,0.05104093917820695,-0.007020423641333903
0.0025892328000682186,0.04995227345621461,-0.020286232224292416
0.002208501834940666,0.049137831044512026,0.01949987883135867
0.002329426012902441,0.050972011036021246,0.007499448204116203
0.0022149593929698887,0.05066963879073262,-0.010370777838448076
0.001872988819115589,0.050487488265135036,-0.022501645078565252
0.0024969068680510834,0.05048432862641931,-0.028475366261891993
0.0018841464408156608,0.05077785838840791,0.00417000332005298
0.002092495606824216,0.05069999898616503,-0.0019903698315389424
0.001987832870488078,0.04964892620470191,0.0002851141282489958
0.0019264893528646745,0.04954053564651886,-0.010342081428175214
0.0016882331017536235,0.04995072990372972,0.00429964797369966
0.001721081543003913,0.05017105103792683,-0.04210477582565305
0.002161997245724988,0.05009354636883464,0.05247179334638405
0.002186149055862251,0.04955571434926909,0.061264179133267344
0.0022887183642839367,0.04858770419168213,0.07941921608681494
0.002082169389376218,0.049255937345967164,0.05621257785730836
0.002042783378150105,0.04941684178235869,0.03578387961487798
0.0026522895099457245,0.05046354485191093,-0.04087695623732687
0.0018980617610044642,0.05098997827630873,-0.007530461791026205
0.0020033047999924967,0.049785477198115116,-0.0058193363129926045
0.001772887573405596,0.049158366983849636,0.07459013918848997
0.0018890246674909074,0.04878249750215823,0.05453457466316122
0.00151886359860372,0.04951207803938818,-0.013472029744152727
0.0015711484887076012,0.05032212841436299,0.03712054169265628
0.0017775100425447157,0.05046326995579804,0.0011154316128422655
0.00238303038993841,0.050270085807143684,-0.0010551981865500448
0.002659157271577318,0.049783878915098924,0.029883690782167373
0.0026230758329658416,0.04951796137835322,0.0284892067962723
0.002472381327560645,0.05050526493141389,-0.012230697457582344
0.002193443427563852,0.0499385063784064,0.0191212252589709
0.0023031345400329134,0.05031085188449562,0.028569360396951952
0.0026091656160407003,0.04909619940958581,0.029559657776854296
0.002055685743151061,0.05008683394136872,-0.012437372195877332
0.0018839639951871885,0.0507431879431698,-0.008484447316097354
0.002544287692121756,0.04908986230016665,0.07552204183422064
0.0018937062426146387,0.04922800085675455,0.04616446191584752
0.0021781503108400974,0.04763921009219679,0.12288316655320082
0.0021883865137901377,0.04767666136167833,0.10864281937181039
0.0018912859788102565,0.05058330182521683,-0.014042692918747256
0.0018171433222929935,0.0506636806044645,0.00041008312587527824
0.002035961090123288,0.050334205511224375,-0.02894090979187961
0.002817613550328479,0.05041246000994653,0.008760577617119587
0.002236703845058231,0.04983057741274891,0.035686577301207986
0.002100281220179727,0.04987325612063418,0.07117817375760818
0.0016284917192968644,0.04864754293307955,0.014384773544275366
0.0016353209641739004,0.0498386591652298,0.03023601833134146
0.0029277787803374694,0.04993845925956276,0.04425151837084499
0.002421975810031371,0.049778442920516815,0.03716791023946797
0.001979758540119617,0.049186705135190675,0.048325862360720014
0.0025192809692080637,0.05075169492834333,-0.013580400649863975
0.0025842241569563975,0.05037400798043278,-0.0338362239435605
0.001978694165597144,0.05060982697297334,0.009917126149200378
0.002765524369877807,0.050114169244594525,0.00435592368512763
0.0022777626855615242,0.04993542841859198,0.016124591655783258
0.0024282281860270685,0.04979821953022383,0.00846365022768958
0.002586618809695834,0.04971396181952726,0.04362394676393074
0.002194347017731961,0.04866250267487349,0.04682162302158714
0.0020960024832785327,0.0512083657306208,-0.03347773065563717
0.00232360817586278,0.051179013754537823,-0.03279452856452267
0.0023835914602887984,0.051113329753633446,-0.030878080170991418
0.00250894725241291,0.05122273043261007,-0.039210983712692035
0.002001446283615933,0.04928628148520838,0.07530077160488416
0.001895370354486599,0.049583771814106135,0.025126392943582133
0.00195552680394194,0.04980444156827998,0.030255661127701842
0.00195552680394194,0.04980444156827998,0.030255661127701842
0.0018119560412493006,0.04879120092528756,0.08747042769879868
0.0021164363371923866,0.04922762112830035,0.026641181791993727
0.002033794251902906,0.04906067471319073,0.06814403921332693
0.002582025148468148,0.04939711474056009,0.06924090097678788
0.0021215211330592697,0.05012971021733084,-0.007610197390034487
0.0023518756694874596,0.049370648389159305,0.05607653550548649
0.002254314068805881,0.049746198129063675,0.055186819759028116
0.0020232099398572005,0.04881232287366326,0.05798431819351266
0.002155931585626544,0.04903183907856618,0.038533194720749446
0.0014869502409564875,0.04897726241626803,0.035498283527103054
0.001344858140068915,0.04936854030124528,0.054595896285699795
0.0022785182010521213,0.05025187453500565,0.013701571448960548
0.0025382160965180677,0.04991929885987887,-0.012060450085091696
0.0025382160965180677,0.04991929885987887,-0.012060450085091696
0.00253238399765453,0.04999280493679556,0.03879894010110551
0.0016314046469469122,0.05017645294253747,0.006935323666724777
0.0025682650646639323,0.04935004194827453,0.044257238591401966
0.00199102825103688,0.04984324810136444,0.02373219313549356
0.0017838890202226559,0.05031937387085569,0.023830810444659758
0.0022702437342252218,0.04982211713808876,0.01068932428890082
0.0022695027915048465,0.049853855877693934,0.012428896946733017
0.0024849495773390544,0.05034833375713726,0.03690784049127503
0.001989460311805476,0.049362432099063484,-0.004601024753007683
0.0017623717926994605,0.049615168547403866,0.0009575639260562544
0.0016218293456011937,0.049938573323924096,-0.0005407275220278598
0.002706504163887385,0.05028805975525461,-0.019221082032154838
0.0019093888875830467,0.05010818301902589,-0.0175182431149583
0.0018852889040528776,0.05038714425177075,-0.007119389285409868
0.0020057054646398674,0.04979628282390189,0.028088917524867755
0.00186435559570526,0.050462006313920664,0.042075260755675706
0.0016233259420022708,0.049824503582503545,0.0649701185843095
0.002317521958618965,0.04966121580389063,-0.017790437511450822
0.0022157997517980835,0.04995705679393366,0.008319303610042725
0.0021585927048180043,0.050304338087635424,0.015371607698221386
0.002146515652275004,0.05021996862118829,0.013118238123174072
0.0020572405670804088,0.04997620035821238,0.006206838960741817
0.002124677176193211,0.050563658188110726,-0.02751151713900269
0.002591240811674966,0.04918447881219837,0.05317052551048099
0.002112979548950583,0.049295169896799836,0.0317913572517976
0.0014330762448279651,0.05051378329448297,-0.0009858032278131496
0.001873409573285098,0.05012037419918207,0.03521040006713014
0.001963351156554161,0.04970003859449845,0.01732535290393955
0.0026246066594316653,0.04984771688669463,0.03484495728057243
0.0025633122783580127,0.04969289978813664,0.017757687250008713
0.002771737173570555,0.049770048798989344,0.04045284298851628
0.0024679484047710563,0.049663812493792335,0.01613310254317459
0.0027818543376975408,0.050473584163062864,0.009630089240378678
0.001965934210564442,0.050162330822525684,0.0360424598469022
0.0027178675151702516,0.04996717914074718,0.007574209276488749
0.001956160380158539,0.04978226369905521,0.04576784703034916
0.0019419301607342546,0.04885313006650302,0.026611623640836024
0.0020957389471110096,0.050255751004865,0.02086886811226559
0.0020689526930238217,0.05044597210083765,-0.01621163878011577
0.0028195901352794455,0.049789332770232425,0.02351554997744822
0.002680109215437849,0.04936507619437065,0.037294193733936734
0.002407028669492091,0.049552119577589496,0.048871677836822704
0.002320574995994169,0.04964727227842085,0.019807680715010607
0.001869873550291366,0.0499731356646174,0.0382792154110678
0.001873493052103652,0.04987532035059641,0.0005597517038954905
0.0023514324221552774,0.05153281333540565,-0.03590977245777618
0.0019198231273929432,0.04899531743335263,0.03372834197192338
0.0018875906296905998,0.0490875013741614,0.035388739706877365
0.002104465899035476,0.04934042172241581,0.06166356125506157
0.0020636539103377864,0.04920254263183502,0.07337580555358708
0.0019462774698567112,0.04902839675428993,0.03753801612325018
0.0016572332045400552,0.049022959422508554,0.0829207490116639
0.00191625762933419,0.05106266503870869,-0.04382810923899491
0.0019034493840983768,0.05072055747154171,-0.030873656333813056
0.0024981220081592287,0.04955316747246965,0.030287612963350873
0.002259431355827767,0.05042862158720627,-0.023643310823037895
0.002148713040065778,0.0505699567368106,-0.010164402211350107
0.002026154291212886,0.0499461821891884,-0.015850324600619036
0.0021251862078774508,0.05020678175374123,-0.0201419582572943
0.002474177763219016,0.050798726717341584,-0.008607686271966205
0.0022357568601911126,0.04939301829791395,0.028446045298020365
0.002109510860469495,0.04997191334141754,-0.016123992335986267
0.0021204226110690927,0.050931772228552434,-0.012091400875632234
0.0025234402963719912,0.050786135616320296,-0.04289940821977399
0.0021678530932327735,0.05051972833433272,-0.03072962404028308
0.0020184028454260324,0.050339033897910834,0.02151085708895269
0.002134570562700606,0.04990741990001366,0.01514643098472653
0.002107990600332354,0.049597621846605947,0.04777119939250765
0.0020768281086043683,0.04964954256113188,0.04523793010405867
0.0019403233474198122,0.04992691582417663,-0.005949560634160755
0.0025795452217895454,0.05114761171101588,-0.014475927506112405
0.0019252380980935996,0.05022772703360916,0.03787105080657624
0.0022027191810607503,0.04944427647923548,0.010589165229554694
0.0027203652770373577,0.04937042169269436,0.039420020071636065
0.0027700031972967736,0.04951701472899402,0.027904058520047056
0.0027700031972967736,0.04951701472899402,0.027904058520047056
0.002288512990042572,0.049507557543496214,0.04169269577548234
0.0026011610429752807,0.050909524530352475,-0.04633268191710113
0.002287499868454487,0.05010175431381103,0.018065380778763223
0.002382878367052919,0.04942554957028604,0.03528229673173731
0.0022379022036639797,0.05051365641972907,-0.022777971971816403
0.002272248289141085,0.05042314889237548,-0.005099856152716598
0.0021999403047597834,0.04980222821873878,0.02853256338147147
0.002098631962730779,0.05014782807538793,0.025385380379693765
0.0024356945983362082,0.04971386862572005,-0.003070175725397497
0.00229749417337934,0.04958678802123598,0.046957674658886034
0.002341629658390178,0.0495085252334117,0.045978367285097584
0.0023863790842516023,0.05037774626744403,-0.008776711347711809
0.002910314761265925,0.049693564144435556,0.03200357045271251
0.003014618734340957,0.05010380285312531,0.04831374858846033
0.002706796940158032,0.04976596167378535,0.009103554844116273
0.001871525939873008,0.049355007451059474,0.013758286331331011
0.001817398603904216,0.05021875473416433,-0.007470861874016332
0.0028118697674984583,0.04996256340269945,0.0076222819453303494
0.002315878028669013,0.05043080720641438,0.003214524845139005
0.002269592599416373,0.05026349073474144,0.041231912195616456
0.0024536414556578707,0.0492885470143994,0.0013277976316042484
0.0023816774363050125,0.049514833540153215,0.014341156047429499
0.002348685073977073,0.04969919978314451,-0.002784630549978876
0.0019381379868592772,0.049780310837308314,0.02009009917634393
0.0014826184729530615,0.04875869479377429,0.06273671880654381
0.0017394580921235255,0.04903640119696771,0.03909660768712496
0.0027559459292087938,0.05112266828889069,-0.0017637565215441907
0.002592287311640227,0.05003560020006351,-0.007497419800080681
0.0025944787631994276,0.04970134311917123,0.0059392696280305655
0.002414320282456667,0.04991803454128474,0.008740156978246857
0.0022623108294928646,0.0501357346511316,0.02879120414226176
0.0022623108294928646,0.0501357346511316,0.02879120414226176
0.0021122830517827985,0.05013821357169656,-0.012588203010273705
0.0018946063976285903,0.050151625287554985,0.01418083829164135
0.001901650178518411,0.05043956173208682,0.019617430217827487
0.0019366843172770373,0.050394391981282975,0.018860082933543642
0.002178735183198885,0.05029925706254491,-0.014333751225241352
0.002178735183198885,0.05029925706254491,-0.014333751225241352
0.0022414906547281645,0.04983456343800828,0.05951313995312258
0.0022122470590705888,0.05015945287031536,0.04119335655271728
0.0020424516725040267,0.04989890926135499,-0.02080964964113104
0.0024348103486720443,0.05029509545837882,0.015940868437851925
0.002666411579991367,0.05121456681430983,-0.012257939952961403
0.0026413752936453867,0.050738149150253195,-0.03139775752047417
0.002420940915959678,0.050481372223398706,0.006438034563704133
0.0026913967859199892,0.05031219913219962,0.010924747920759452
0.0019880389695213817,0.049847203022261234,0.013494565249442854
0.0022307959964953782,0.049751104488192345,0.023164193856988414
0.0024503565894685555,0.05004237444766346,0.035800849864981825
0.0024526243885073986,0.049763113970373266,0.009062750848887356
0.002583080601297414,0.05014820024617959,0.012724438070195332
0.0023215952961032947,0.050140862014430986,0.003007336183183202
0.0021076064579964022,0.05039660303833868,0.030204198330749957
0.0018841341007655085,0.049783690131234674,0.027656705442951044
0.0017967518498228333,0.04965114582258525,0.0444257642684819
0.0022600609894191472,0.04929733365414856,0.03176278373947961
0.001718241754823108,0.050753180034553425,-0.009836282840479169
0.0019638738240507535,0.049938326162319954,0.0019761699464772983
0.0019982506539155,0.050629027290294774,0.02751773975754768
0.0021567356414378264,0.051024394913379026,0.005434021682371383
0.0017172162142684332,0.05057555886649667,0.010488267700648582
0.001913101971368925,0.049564501677310045,0.04274434108431066
0.0021931734533777764,0.050576953058257795,-0.007526380787858235
0.002388249450653408,0.04936982011088933,0.04011119818483491
0.001861005744047785,0.04861170884774821,0.06561779119210433
0.0017936116437274714,0.049066641065931706,0.057331824913688344
0.0017659859004538528,0.04922841417687896,0.07795324735065969
0.002042591417509357,0.04987041076253035,0.08466262453354788
0.0024606043883292237,0.049510783987202975,0.06520884633415049
0.0027064649299132406,0.049077718502079024,0.042711413396018
0.0015661781991817432,0.048675071977989086,0.039809832780908716
0.0017791931332376614,0.049568877693054375,0.06550477249427633
0.0017852479308969119,0.049324233529716766,0.018364497051465572
0.001898502650717061,0.050438482069989944,0.01165383951747587
0.002448164296820094,0.05054234941950614,-0.03160847013708458
0.0020668782836735966,0.051069494712324484,-0.02355956026080253
0.0022160217795425567,0.05054311227396892,-0.02140955431026096
0.0018340971869692541,0.050985058782060805,-0.01744515872547114
0.0025009232011467953,0.05017050154100256,0.005857922855602115
0.002448149375681147,0.05024971637693833,0.0003201319578530359
0.002385191409860472,0.04954124469788994,0.04853587171923373
0.0026646953791404043,0.049446698552891584,0.028457180339695964
0.0025791299475789553,0.049506000964216874,0.038239529564176734
0.002175312377027928,0.05020754725057574,-0.002982103896525708
0.0021686893914088646,0.049656233867704,0.017661601888607888
0.0019611843154928,0.0505918008508436,6.058969474510829e-05
0.001983036935196148,0.05032236050118638,-0.0020995906701746603
0.0022502772131852457,0.04949974490950044,0.038727028416480666
0.002214304122863929,0.05006337047111003,0.03299141027947932
0.0023057230695330256,0.05018602270040312,0.02297142646382256
0.0022273931077726756,0.05002856870295206,0.016022901048579435
0.002038517622657308,0.04993347015295488,0.023195461227783598
0.002681728738895916,0.05035479302405146,0.00801511950235805
0.0025929649547891433,0.05058530128215046,0.0013694628626248603
0.0026355260396087443,0.050821386946914605,0.004477622912446805
0.0022476923706332137,0.05110935458452371,-0.01953654778381707
0.0025625714584056425,0.04956738346048028,0.02076997961646116
0.0018289441682268137,0.049962155705591406,0.025497298026514726
0.0015540203310939833,0.04953445638016138,0.03632703152052764
0.002330038817997774,0.04899683203485953,0.05559008612525013
0.002397677949891464,0.05066273941416526,-0.03358619459947692
0.002406969418556076,0.05091239136900184,-0.03198049709707223
0.0022126909174453604,0.04912727716152821,0.018427251830138897
0.002679223301132799,0.05049650739906399,0.021467626942136477
0.0023999614453328925,0.050767284872508076,-0.055352828024740106
0.0026075345829255476,0.0507843690665783,0.018149660246152912
0.0029280173769243916,0.04991573139940436,-0.00918910755540351
0.003118256453988192,0.05039087423140034,0.009472462475127503
0.0034077814832509396,0.050123921018047864,-0.023831207508814522
0.0034077814832509396,0.050123921018047864,-0.023831207508814522
0.0026008646944934185,0.05117466742100479,-0.0070802629583057745
0.002181067520271722,0.0489940189692773,0.03802489780262538
0.0021645132630555004,0.04922043381605439,0.05178012342527771
0.002691806386942378,0.05026661024448226,-0.0023289876180306586
0.0027548862875741167,0.050183397657537245,-0.01734997326962794
0.001970742042171831,0.050180548193119914,0.030308328732234522
0.0021665885027677373,0.04980418638383428,-0.00428283660117923
0.0021938601227198735,0.04958454605134642,0.04251529318132516
0.001954958121903084,0.05059836226837292,-0.02477309958033578
0.0019110323154793506,0.05098817198943658,-0.035425731318340876
0.0022477338903915045,0.04948851736658469,0.03983919855459528
0.0027138066477626886,0.050532428793456194,0.02696048299156626
0.0026148477207457474,0.050367807771023954,-0.023968884823123572
0.0020224432377158267,0.050604352800153185,-0.003971166063974172
0.002236947875499832,0.0500232424338954,0.011220338064093466
0.0023060541373111343,0.04990771635201251,0.006608094179225827
0.002271842333722279,0.04996541045861721,0.023123230582187262
0.0021061578122929542,0.05040903872154947,0.006069849946181184
0.002302828790647559,0.05042804644622683,-0.016918723547808337
0.0024349408630500438,0.049589631958749256,0.029327863127604235
0.0026392753647572443,0.05039833654426237,-0.01205543166478757
0.0024413739153816387,0.050477876461965304,-0.008347046537563258
0.0024102855223345856,0.050587549262282816,0.008986141984029146
0.0025383156460944247,0.05065003067427524,-0.017771167857465003
0.002404414871147832,0.05103943070906619,-0.045593284956007306
0.002399019554161259,0.04973879181877634,0.05002295188881801
0.0018390914565052001,0.051197551490778835,-0.03093417771754733
0.001964544070285606,0.05068944745646438,-0.04041961157342846
0.0024175762259998437,0.04958233192335793,0.05779140979599143
0.002281166477922097,0.04880094036959878,0.03516733744727308
0.0021640772852589184,0.04971563493461957,0.05840657222375323
0.00213806802709834,0.048389058521458354,0.04077880353785657
0.0023190082537234403,0.050024752991664825,0.06516230629347337
0.0018299372609168257,0.04830506569831129,0.055507066773875256
0.0019419241426720732,0.04726146999010368,0.16005150931063147
0.0018852516670508103,0.04941732567353048,0.04417241623103035
0.002687790661329714,0.05001022927121013,0.029409046557969193
0.002112022059561569,0.049804102131267534,0.015748862467975026
0.001924610161702215,0.05105063512727573,-0.03797939866093423
0.0021502221977049768,0.05066225047373571,0.005488689439655919
0.0019453470032062864,0.05081198586255774,-0.030207361546283267
0.0017060635798823605,0.05058153503109514,-0.050694291798378276
0.0017889197843100853,0.05192646135204163,-0.03317558588790356
0.0019215367761905014,0.05128998629471627,-0.015855550764654926
0.0023612947179206655,0.04958225404751241,-0.005600072128616382
0.002463055886272854,0.05124679580812504,-0.028626076168257
0.0021582144552386435,0.05012126347431078,-0.0028135291154106614
0.002104736200394438,0.05060044143661917,-0.000651337011608364
0.0017569640582038848,0.04989559109488533,-0.022443143518783872
0.0027488606293148174,0.04987139556395092,0.045144952136493555
0.0017220826758968446,0.04850898601667078,0.07148743945614547
0.002511668442286862,0.04889747776636089,0.08189195268907293
0.0023047198789377813,0.05001000279906542,-0.014452478366617847
0.0018179764310528377,0.05129210544427287,-0.07745041229291943
0.0027186290498405004,0.05057748782009604,8.530255714485891e-05
0.0023430156346983403,0.049942084320659254,0.002550564354600332
0.0023341784550218432,0.04987582804057602,-0.025840973758296488
0.002275091606251518,0.050225138326849654,0.039262073394395317
0.0023354647812814876,0.05011801056816521,0.0064409564515571505
0.002784321854910888,0.050034454500188535,0.01667178089152913
0.0019253912664368544,0.049901698049362384,0.01900116483497321
0.0017726126870567334,0.04991256731544334,0.028640760389738198
0.0022679209496004873,0.04781879994121064,0.11711324558442153
0.0022414174416379535,0.04825294862378321,0.09149055352444023
0.0025994313263000826,0.04840924207592005,0.08492707076810589
0.002358464351386748,0.049102145214775184,0.07149300821622463
0.0021635607842461027,0.04935233872526377,0.06806539019189611
0.0026782478224324216,0.04958754447805809,0.04785465065048646
0.002318104726736275,0.05021754353640105,0.013788173415266296
0.0022540335792653257,0.0492748269806614,0.03487081859248911
0.002170064621829016,0.04929142236808622,0.04150755489402404
0.0027770243005968832,0.04956303916196774,0.04980122513304602
0.0025824783794225433,0.04934978890203654,0.04307305146013684
0.0025824783794225433,0.04934978890203654,0.04307305146013684
0.0029358412705770966,0.049527675924280416,0.05232541464890911
0.0027571133015635314,0.04962599517193676,0.06061781630534542
0.002461310281909052,0.04988896588923944,0.03783091313598924
0.0023323731942623853,0.05029179871476467,0.035695766124184757
0.00231740224661327,0.05007377707103042,0.03384490685793496
0.002019681207868877,0.049562567847754084,0.029910588218669338
0.0025668756542752687,0.050533818069267725,-0.020647118460363566
0.002234550828850302,0.049619220011732496,0.04744915273950342
0.0017103915327577799,0.0497903892678035,-0.0037962376671916123
0.002363754681912449,0.04975424445585394,0.027718140228331897
0.002318102346302464,0.04984463390329239,-0.0002370776461912632
0.0018640662731743216,0.050843652744598455,-0.014046138747509374
0.002629628661455382,0.05048727180245706,-0.023982332990035504
0.00292510835660908,0.05033360207075506,0.0026164349450989886
0.0018955592719928018,0.04942515433494482,0.026075347568487423
0.0027103947008756263,0.0508225018834093,-0.039153151968535055
0.0016958699300388957,0.050123770549041886,-0.018813428265994366
0.0016998733358355202,0.05013462575438444,0.0043587231314357955
0.0018587864885013109,0.050400280686470955,0.0013840873659025932
0.0025093825213408105,0.049538683134661206,0.029888958140862704
0.0017400026989209014,0.049126063196475264,0.07386843785708475
0.002812272245442499,0.05083866076377768,-0.00620114708749174
0.002329112371618515,0.04982158042372284,-0.0070683851724719715
0.002342664154121783,0.050070850179260225,0.012121974550116444
0.0024826476751863254,0.05063485085937564,-0.031094452370282445
0.002349969082568842,0.04954475444585409,0.04523724311341044
0.002531803549078022,0.04920524814865482,0.05681849559482671
0.002531803549078022,0.04920524814865482,0.05681849559482671
0.0026630750959272557,0.04948779139153248,0.04314272172451206
0.002866536529948578,0.049285009408797674,0.015087264158367605
0.0024420755055442893,0.050631481317686834,0.024645802867606648
0.002772235171383567,0.05048174130946401,-0.03457150737377282
0.002668362613660069,0.05069206101702467,-0.012563397986410929
0.0019457371955520584,0.050784966124379834,-0.04982695442746184
0.0024022313007279624,0.050982801802128594,-0.017872850944531695
0.0021719599861967356,0.050323013688772726,-0.019650135582853313
0.0024813661071492656,0.04966594432297043,0.013186277013848618
0.0019468887785403332,0.049357265181645356,0.05758025794490532
0.002817236334492091,0.05002608226074295,0.025703759244718086
0.002423271038503541,0.049686873465057464,0.022189101852273123
0.0023462815546500732,0.04988725257630419,0.019439383707936745
0.0023036996225619054,0.050288894136463584,0.03024224720850004
0.0022262010680882166,0.049299041770585875,0.01152684317748512
0.002268755568716589,0.049380734617149924,0.017159679067878564
0.002189830392744565,0.04977491660561992,0.045883240261415346
0.0025650864415282973,0.049913349857024336,0.02606184689687689
0.0026406186300103776,0.04986402399661572,0.010350724281412213
0.0025833242841439975,0.04989162594690451,0.019287856369781673
0.0023763947677201787,0.050366058755901735,0.005638447714826445
0.0026780040999773587,0.05036759105433654,-0.0077301556928265685
0.002069868650191224,0.04933826755717904,0.030604579462866956
0.0020402182683502794,0.048955700126645706,0.07141212342386112
0.002636094742414917,0.04994090310121347,0.04372552267417563
0.002474053309230993,0.04978157503679889,0.016448206419936835
0.0024798952484268357,0.051169504880077356,-0.04257829957259914
0.0024007332700237073,0.05113890612177986,-0.06843351423618269
0.002056408790038771,0.048402342903170005,0.09280509850003912
0.0023142022664477432,0.048822014342508796,0.06555179936567948
0.002534461183708001,0.05066078013506513,-0.007061462524346389
0.0015678914729669842,0.04927112639353082,0.050364811714407494
0.0021629894899893314,0.049846489729182486,0.013331418716847019
0.0021938292365625547,0.05038480578407715,-0.007363526381212704
0.0022925965738668946,0.050000276457244044,0.009396840101129313
0.002240212347069397,0.050592892374107884,0.0022161403462351
0.002242268169130234,0.05082350459391851,0.015579484533381236
0.0024011865605818796,0.049594942841570906,0.03315643645291761
0.002229218235200253,0.04998017896515158,0.01111760053639169
0.0026264509884441675,0.04969158599159142,0.04372962163368665
0.0026264509884441675,0.04969158599159142,0.04372962163368665
0.0024022110319967646,0.04942821638935325,0.05139793416648898
0.002277942176763084,0.04979402227311699,-0.000800565857843748
0.0023153141119120397,0.050593843957397126,-0.0038993761099623244
0.0017992391765577131,0.05064261638983273,-0.03128988973708646
0.0020587917706387853,0.050500840156486114,-0.0062446682445216565
0.0017782096288068282,0.0496109935054175,-0.0004785841748873222
0.0017140004510670477,0.04975389310514471,0.011308686090485682
0.001675280066740693,0.049544885227921935,0.03755551760662505
0.001954637988107434,0.04979223622499407,0.006348431989784244
0.002214524535779192,0.05033353499554208,0.011337408575640884
0.002456660724445651,0.04945470980441525,0.011391050289792941
0.002402829455625444,0.04961982028117368,0.013827289882199237
0.0022074013734347756,0.05035802234104991,0.012718397980807927
0.002747790833053572,0.05012509604369627,-0.0031978507233566796
0.0027838218192185967,0.05020523264775412,0.016122210248827273
0.0023037915214821026,0.049442838590451524,0.027867917662016847
0.0024583464972097444,0.05093748365584587,0.006372511474572009
0.0022075757476981116,0.04978758808631959,0.02498412877149752
0.002505018527906434,0.050163431527003144,-0.003345423453770731
0.002383623472648112,0.05014366064962449,-0.007866523342292039
0.0027174689743362642,0.05067731863797261,-0.025516912597536287
0.0022084391107375996,0.050095135331059096,0.035863797349603516
0.00202879037248757,0.05028458790907016,0.006364906212162561
0.0018902633412273217,0.05069920923736961,0.0331398678510506
0.0018790842128832618,0.04994373570206944,0.026061736639144628
0.0021211693467578863,0.04882267459844695,0.056419582367496356
0.0022704907829832737,0.04977483065975902,0.03078748713323356
0.0022346761000250487,0.050089712112350956,0.03835946138424608
0.002367401969319327,0.0493272147917412,0.015917624645980663
0.002561447529217471,0.050284201453552925,0.02144921361849272
0.0022621087761859897,0.04931254909746687,0.0485765315761921
0.0023243958689383756,0.0492415648560206,0.06546620571115587
0.002310018081125252,0.04910497068496149,0.07083988026837243
0.0027079970986130736,0.049110416312304256,0.07084874726651297
0.002587748945086389,0.04988673553131147,0.026265684068246833
0.00242661870714436,0.04993993257613437,0.016829196812157422
0.0026700704261001895,0.05015670775292527,0.005233002211314837
0.002513075324605178,0.050238518287820146,0.020298877140537956
0.002474213689950852,0.050108744727322845,0.001333543062668584
0.0021619315187032012,0.04878818806890373,0.06970094767082172
0.002422265488716401,0.05139919782974043,-0.04110866081138618
0.0019022586900242623,0.051240735366066895,-0.06429150223199366
0.0028529645897487394,0.05109964986910112,-0.05263819974239527
0.0017154594685386624,0.04912924096083504,0.04521158981223761
0.0028057222410622575,0.05001069687497744,0.008022221232403044
0.0026233969895585224,0.04937548966559373,0.0568407883961092
0.0024235171792397958,0.049000533819691536,0.057912769666653235
0.002466756052758915,0.04948278299198314,0.050595693841777714
0.0017642008544521217,0.04972222104819363,0.028620626409593383
0.002325018857261192,0.05011370359110274,0.0024302850672925204
0.0020473987910495425,0.05009194403514236,0.008101420439333764
0.0017847608888699243,0.050707588612412084,0.020877026718440998
0.0014308538608337905,0.0502252881621952,0.011694112757684873
0.0013091093900714143,0.050386398161215214,0.020806568704821216
0.0013956392106209364,0.05041787455002676,0.004059402003070574
0.0017638346544616586,0.04993892105467447,0.01643157545439581
0.0027203668706888254,0.04971499437230571,0.007750720407609831
0.0020404260487368177,0.049358743595672244,0.05083743857063131
0.0020405578801520876,0.04977694841562216,0.02212724674379412
0.0024154866523040937,0.050286632010322296,0.004088109440174136
0.0022687024775107003,0.05049569380547234,-0.01559463943632266
0.0023177149343808906,0.04914311439154027,0.057150111392147825
0.002124869195828071,0.049339005790067385,0.02432226738289584
0.002274264061577021,0.050155557087181835,0.014596979933230492
0.0025649945851350885,0.05048924502389618,0.01688657548420002
0.00228153507611275,0.05096977042469889,-0.03933991531351949
0.002161064531497254,0.050761216396160554,-0.03565162999405542
0.0025124505787909807,0.05064560121603095,0.0001288341420217877
0.0021916315539663406,0.04991251640421031,0.032182318579680166
0.0019201804526073427,0.049684583996444244,-4.1547058692789914e-05
0.0021162906623404406,0.04973939998231389,0.0036995474080165616
0.0024085740215051043,0.05057767489385134,0.011612625921085591
0.0017664315831089536,0.050022164626868384,0.015821804637062578
0.0023605761503859494,0.04969231107887972,0.020593559763340142
0.00233830814076196,0.049888312351836335,0.024999463094504962
0.0024581745000752555,0.050279824493023734,0.005917334090448088
0.0025950207647230726,0.04945468090752512,0.03609767452266611
0.0027030926996073124,0.0499114840904991,0.029252877103285654
0.0019482132694050283,0.049893892068164074,0.018113813728026163
0.001859699958974439,0.050279720435663644,-0.03319135436214264
0.0025930828230011915,0.0501652738082417,0.022473211966517262
0.0018240492183841687,0.04949934057544884,0.033552674980628285
0.0018815788725696,0.0501289000183185,0.0030035722424630353
0.0017361686916398437,0.049311286082489136,0.041438260865571244
0.001851244574158638,0.05064195011968376,-0.02506098010366708
0.00229310639775988,0.05095943387647331,-0.03438503586886733
0.0027745559316695576,0.04890087074302083,0.05023416319557322
0.002690344188510887,0.05013181228566084,0.03433994546069366
0.0026309023162041285,0.04988316195062185,0.009496885806852033
0.002251074727771522,0.050539482166395276,-0.03431128298765276
0.0025251841301071666,0.04953375168198626,0.061562423655578735
0.0023176683146128836,0.04944454527464525,0.04631948153009297
0.00192565946537565,0.04984897842326302,0.004544186689598765
0.0021885663516301663,0.049950643894350714,0.02271310603103458
0.002518099670622075,0.049587561454743294,0.044336541011127974
0.0023214302663704506,0.04960829312681825,0.04124016027415443
0.0023115516714396936,0.049805452020744004,0.019266904312905085
0.0024025787575719915,0.04990122335564173,0.016464441765561187
0.002578395919268977,0.05078068218336357,-0.027727186762221887
0.002506754143449633,0.050433929039024446,-0.008636580939396402
0.0019504392320123525,0.050486507042192326,-0.011278133113232202
0.0021607825271252037,0.050884617580906635,-0.0032468216191059306
0.002098074997918839,0.05060551694030173,-0.026838397885002974
0.002091066685378959,0.05086466719285787,-0.02779207299670975
0.002213674330389937,0.04962433485394435,0.03330142540097169
0.0026517305139860965,0.049864143562396004,0.02216762532684755
0.002283604076328285,0.05042006362491119,0.0011561921263726906
0.0024737231219317097,0.05004399799755072,0.019641330040780787
0.002491060048216036,0.050235555065616895,0.005526098801092509
0.0023532742009817623,0.0495078809930489,0.029935066701246252
0.0026128869001628926,0.04890769748655274,0.06617264837455138
0.0017516684773422715,0.049228808322283664,0.024939912517001513
0.0015666222055283115,0.04957313966048741,0.10561841088469372
0.0017278822670792518,0.04816772113405457,0.04447252271962416
0.0018208759869453707,0.048631712347972825,0.05397186312648781
0.002293706800116325,0.049738134505087496,0.007884017848992207
0.002567582454282992,0.049437357510710385,0.05961716944629786
0.0022144226255464035,0.05040827278271273,0.004942753729540493
0.0022790325378089166,0.04985422816541587,-0.011809572250747054
0.002157345729410669,0.04985541961898864,0.015565026615199637
0.002536546306945541,0.050122527340652104,0.008012513555667651
0.0018773352949594223,0.05042318275002652,-0.020164429678087212
0.0028619045227546145,0.049812073529308394,0.03441139470696787
0.002924206891006733,0.04973262474076992,0.03157359349311982
0.0024732572743265398,0.049895462405422954,0.016759385122375525
0.0023135359035413245,0.049794105370554974,0.009662725716319256
0.0024196730525951073,0.04991127350271176,0.005891446026060586
0.0020669610159644997,0.0489500913598169,0.06495720439020006
0.0020540923375045165,0.048546348113777026,0.0834922170919265
0.0019305451563244407,0.04820567025581367,0.09456873650272367
0.0021934188890383936,0.048672822944713805,0.0855862099885761
0.001796348431967908,0.0502702766536206,0.018029173439584725
0.0017042192245982695,0.049611328251210264,0.017859914058142867
0.0018099808719558665,0.049857608617358995,0.02412816318863883
0.002035399934877109,0.04925525855144979,-0.020594954419126732
0.0019877166105385633,0.05128348092221043,0.023040479647767773
0.0018927839550796346,0.04905842821174814,-0.016656301492267628
0.0021607875669352444,0.050545706259130234,0.06202288382349223
0.002061428125048623,0.04804506746400575,0.030960346514957673
0.001984118066840163,0.04876887075875975,0.061047565772060525
0.0018386200685587169,0.04885283132163356,0.0283427450022526
0.00181823359066898,0.048989228133513335,0.02945166356671174
0.002481801814147027,0.050680629694379316,0.004444117875268766
0.002069198329926883,0.05067107090618572,0.002177318776166968
0.0024960324001117146,0.050354635564663436,-0.028541738424149806
0.0022720747652707944,0.049730498549133674,0.04443671302650601
0.002204093853388914,0.048949951544702476,0.03585932067869309
0.0023771770981321117,0.0502934065502424,-0.026326788730636024
0.002106628412976256,0.05030103907001708,0.01125419363242312
0.0021765160316050657,0.04992862589855208,0.022427190095088832
0.0022419576337345194,0.05023489120549099,0.020130740090701607
0.0018965905429262264,0.0495173066865431,0.043636458811818254
0.001683131784509354,0.04958400886298053,0.0366774275423737
0.0019085037301486694,0.0502765939516105,0.0011925595818111554
0.0022977167173937234,0.050227333546975825,-0.03286468195662554
0.0022999563381042422,0.049999772556226535,-0.0032904109409841197
0.001815251097836105,0.04971304159849204,0.034710455662741564
0.001914229214820436,0.04914636030714149,0.08744814278602121
0.0017560161771401608,0.04845684564383311,0.0682928499269396
0.002637940876098712,0.0508103739364558,-0.007583164260476725
0.0016896472109495051,0.04911784014361669,0.0520389921811515
0.0017678430123291827,0.04984371471480301,0.02943484956752887
0.0029177974925750885,0.05007842030360941,0.012625620438160056
0.0019785765359688345,0.050938715994507194,-0.04127431794718106
0.002230867571479138,0.05031970009774984,3.88875604743201e-05
0.0025980412427138036,0.05080778380571189,-0.00800139296701315
0.002751742529658403,0.05073458664583001,-0.006642676020286285
0.002144065736794232,0.050005814744185,0.006695458369256729
0.002078402289727423,0.04954213255111119,0.011102138371097112
0.002687957910804682,0.05082384891005339,0.0032209811033744457
0.0022343444605725554,0.04971470102368741,0.0035013390214578897
0.0026323989963953627,0.050825711114104555,-0.03865010465013504
0.0020988258758709542,0.04901082614995251,0.048470290618281904
0.001714593806362609,0.05079011247882545,-0.007655655851323379
0.0015985039372403778,0.05063337712873788,0.008290347981395487
0.0015797299199358517,0.050405025005829905,0.012315313235481781
0.0022012752401146703,0.049667699345667025,0.05447982677803382
0.0021790138722927706,0.04929457149102315,0.05854801718277713
0.002419231666273444,0.05057656181312861,-0.004214872701592573
0.0028035119187546165,0.04956453346266414,0.024978401949874603
0.0018270024844569287,0.050492310752871646,-0.03719969533378093
0.001522509896705395,0.05140029468194872,-0.02386420601249727
0.0016816058548511361,0.0511761948900504,-0.0741641642377969
0.0016507322225375824,0.05119229205712914,-0.052452695800279135
0.0022467985187370598,0.05055727380658313,0.02019676875149252
0.002013186932656672,0.04986878171399909,0.019316132307703696
0.0019540464058241114,0.05000909064901018,0.01209111166387907
0.0017325069587582889,0.04955708460701474,0.027113015440924867
0.002634445046903331,0.04972520640853349,0.03476370933446175
0.0018516408137032485,0.05010757010798194,0.014585815104916041
0.0017911316671824656,0.050294038111882496,-0.018167970698850015
0.001619331022496928,0.04957799583204385,0.031936025815214285
0.002389729693782804,0.048615360744648374,0.09514100386284854
0.002097944980234844,0.04829015446619571,0.07545120835964264
0.0015621346974705247,0.049552925025776746,0.04945955681269448
0.00206563102760112,0.04923194164562151,0.045884465928218175
0.0019941803729061026,0.04955080142926272,0.055933358399015976
0.002019050480443854,0.0495102263922847,0.05160217166661975
0.002708311999489281,0.04994319140893328,0.013627916785579241
0.0025821649279886795,0.049940156471453646,0.023078271079968557
0.0023925546690561606,0.05057568475324676,0.004999710469607148
0.0023428325285332306,0.0502708064869806,-0.01730740977324126
0.002209822981051208,0.050488267988779034,-0.003932373699115314
0.0021515000733312063,0.05081448180144891,0.018604095947670037
0.002070347649470686,0.05066002915323886,-0.01206707585159107
0.002309148481396224,0.05084579045388795,-0.03889219294558637
0.0021795429442572536,0.0507216153502891,-0.020619327557169987
0.002690294449249254,0.04977613126538586,0.019159723314779657
0.0017849840822243123,0.04953041647417207,0.010158808858219978
0.0018849974910951728,0.04961090343643849,0.06530929326451458
0.00153367854603643,0.04937617278115316,0.024173600842299515
0.001842023162575303,0.050576264157962,-0.01590160000971777
0.0020740900928913684,0.049017912078011,0.058469502168038805
0.0018848991580601414,0.04790586229832272,0.1076053156669101
0.002435490575927229,0.050700654606931496,-0.02185259824098301
0.0023755755870412234,0.051394922213935275,-0.06687969088314084
0.0027192225758562393,0.051379431217403716,-0.04009452996471838
0.0021305713710450683,0.049009677816180965,0.0644548975816689
0.002366509939519346,0.04995668286357873,0.04763078920644766
0.0022502644475011304,0.0501424889497955,0.036328976199186916
0.0022597891464152535,0.050019795414131984,0.03284502052612065
0.002165717632772864,0.049643175796434486,0.0026558482024737575
0.0019024615038603628,0.049399608558109265,0.03963169807345537
0.0018347779966062644,0.04931610138996195,0.0691509685584298
0.001949162022767404,0.048699071749547934,0.04681668364932899
0.0020284286707384753,0.04902560410450082,0.05930282835557591
0.001964350624718844,0.049538880763442684,0.07364907001801671
0.0019978380191797217,0.049446190629266876,0.05019430754429939
0.0021752974750353163,0.04971087302333054,0.009183641977864861
0.0018619850574036509,0.04983012090587839,0.017969849903485213
0.0023780225657801263,0.049896190756465564,0.0592366220803868
0.0024314054215418927,0.04887963343048052,0.01688833451090483
0.0024183287802267885,0.04962854381121444,0.061562856846418566
0.0022065555595325807,0.05063286120462005,0.005444748324444338
0.002066429202155787,0.049439208681471655,0.016853761972858754
0.00260443756803533,0.0502977101126088,0.008280226507540234
0.002201994000929701,0.04936413894132607,0.07419055684577193
0.0023108143307966726,0.05067311668204724,-0.007960169739976796
0.002394897926657736,0.04935755353008074,0.06066615995288582
0.002399085126514226,0.04914379921777095,0.041594323003168385
0.0023471376327523644,0.05040790710253237,-0.025125961710847473
0.001738018148347526,0.05038873567870879,-0.06131044122248516
0.0017623249786825699,0.050509733123187774,-0.05422649177909706
0.001987576173638526,0.050977203108322516,0.0017699142873990293
0.0018333216176028627,0.051093787050759676,-0.06660271911893315
0.002756639309923166,0.04964702030336609,0.012346715043142019
0.0020322450217896853,0.04911658390374236,0.026967445612821377
0.0017991171144013983,0.04941456568863316,0.026577838958823964
0.002727903899607167,0.050314779163995536,-0.009685325437519
0.002122602615360118,0.04918801378082343,0.02220784395448222
0.0020725434834771403,0.05037446637314922,0.004423663799397552
0.0019129273060131177,0.04995394262902425,-0.0017248549108260475
0.0022198386008318196,0.050490122490812486,-0.003921226284221972
0.0020318751255859946,0.05043454719511615,0.0015718885810055286
0.0019704892081290155,0.04893129692653795,0.05472994455590277
0.001566263857916234,0.048665452351664196,0.05788999442160795
0.002830255670907893,0.04933900537748104,0.05727174363965099
0.0030739376446338937,0.04948423072734184,0.0793323074635911
0.002583093611493943,0.05008086021997882,0.010492092002764417
0.00217452438677191,0.050536767151002034,0.00944551614631457
0.002362368522832319,0.04970433267569528,0.03213503908907241
0.00235706468329186,0.050199733067148984,0.03740127033939699
0.002158714777964613,0.05052147875985859,0.016144754239490335
0.0019160255648580852,0.049718132524003054,0.019322085928940406
0.0021456709550190588,0.050915893545625354,-0.004852986613398919
0.0023466977557282105,0.05033186903198512,0.012918634083162536
0.0021235463703847984,0.04931998136249602,0.01895994758316691
0.002660241250323471,0.04894439237155747,0.06931595636274897
0.0018250409527954693,0.05004067467877761,-0.018683560528799277
0.002091606277821733,0.05061572690776442,0.0053158955654123655
0.0022025825292256076,0.050101135306828595,0.011212191235328423
0.0024153307133335257,0.05069242820638234,-0.021879853981985033
0.0024306327490818593,0.049659435664579935,0.02848191483826846
0.002709412005891554,0.049316222648619006,0.06851374363372997
0.0025710712842181463,0.0490742527284302,0.04811832497523491
0.002211738005487187,0.05056077898706876,-0.003968019618911082
0.002504866648375975,0.04916326160526672,0.04133182204946556
0.002220791790419639,0.05033352339299468,-0.023742461303153984
0.002026756171605037,0.050999856532793625,-0.04956359905254435
0.00258541129406503,0.048822212181776965,0.09374628585452631
0.0025631003888829,0.0489886699568551,0.055148546201105174
0.001761831058330321,0.049589450732752276,0.028262186357899205
0.001814063666148313,0.04926489872006183,0.00925590155080209
0.0018257115714435039,0.04946381317241772,0.020511934390179842
0.0023763623579164026,0.050699992096186204,-0.00046758758475184167
0.00245755096516413,0.05059543256454793,-0.018793853762515415
0.0023660306909290747,0.04996048853913304,0.01880421938183637
0.0021874263474614295,0.05080311782031238,-0.026512314488677264
0.0021711570955486714,0.05035425650807255,-0.019728276937660407
0.0024314727306201673,0.05079861920000447,-0.00542770971768195
0.002321026347907743,0.049806111513139545,-0.02600606945826475
0.0018324098569381764,0.05088541701406504,-0.03993764006829219
0.0020188075789788324,0.05082425648525971,-0.002973755761660427
0.0022324711886243984,0.050442392847911084,0.012111235413502579
0.002558335276332147,0.05022440728752353,0.02476999931509402
0.0033011185196731227,0.049888159035082376,0.04406284631394102
0.0033011185196731227,0.049888159035082376,0.04406284631394102
0.0024547372092957507,0.05013063270492403,0.023993192466897507
0.002064469011216167,0.04926811071384743,0.027361733648975692
0.002169926636733105,0.05141525991481361,-0.03430340636646852
0.0027381338836539714,0.05088330406355587,-0.04267743860561156
0.002608630406335858,0.05059785803084987,-0.0332927722042299
0.0016195231598464107,0.050799687885216854,-0.034958879084876715
0.0021301782728845656,0.05063332427705652,0.00888583231586871
0.002397219737125859,0.0497887555578844,-0.012034583542277027
0.002425445067237528,0.0499451258669148,-0.010127842921630895
0.002237146898147389,0.050164600773177505,0.03155295734859808
0.002169705626827289,0.04972618387139623,0.03288000353111324
0.0020076186116836205,0.04918581617676565,0.04079493103506136
0.0017579185706173522,0.05046702115103215,-0.03943620652370205
0.002746149546895663,0.05048387222591453,0.029049324235273958
0.0020138032867089424,0.05088175406464069,-0.010937797283290715
0.0021777816070207103,0.04939116997128741,0.030601551251860926
0.0021054941339487894,0.04950400989124184,0.036582648619283266
0.0017167246999912446,0.051345400148770995,0.0015425765693217904
0.0020618415100700275,0.049681977370911436,0.003670902944172256
0.001965032652635061,0.04981935300196636,0.006820458824565776
0.002682389450035354,0.05070153630512928,-0.024324305556106013
0.0025299669860301714,0.05038185321173399,-0.017377264219406895
0.0024265478277375684,0.04994684249279407,0.008077038943714317
0.0023560659437762595,0.05003692042461017,0.005188361930743343
0.002262245427230416,0.04939019474047054,0.02486361555554467
0.002185685038876146,0.04922435323746391,0.07785563305666385
0.0024253885084457964,0.05091903489669111,-0.046095598976788
0.0021071429263715465,0.05023274682286955,-0.01957036838786016
0.002275917764001119,0.049390527431126936,0.050278039241203304
0.0018876647788417518,0.05075327784350569,-0.015448291527966864
0.002757474999826995,0.05044216356541919,0.006436612752891213
0.0027900588524388584,0.05106187335582542,0.010168651003766621
0.002201960448247545,0.050772404777941434,-0.046743107110637
0.0023594077342260554,0.04961453973935313,0.018226132221802145
0.0022800244325359665,0.05041793530186951,-0.0323011211641823
0.0022798813565354553,0.050865848613256326,-0.01522851667111148
0.0019739533539226244,0.05063074102215843,0.004051143266824503
0.0021912957249026047,0.04917886968264832,0.028850880177792644
0.0019445158709838675,0.049402061010774996,0.03924522639145838
0.0016002830477092288,0.05017006434726614,-0.007581049059427296
0.0017302472431024731,0.050019164071136886,-0.029500503235541
0.0015725420954486656,0.050008097897877996,-0.022900426634354508
0.001778576078687294,0.050463779319206016,-0.011699263435926229
0.0016864847974626988,0.05048131973218738,0.014437014421812173
0.0019101970023458071,0.050275327899545856,-0.006979215570998211
0.002692245423175165,0.0501109512271854,-0.0020518395303587645
0.002472329317027843,0.050618004979442896,-0.0006514450164019238
0.0016597269981036109,0.049603676077680015,0.04448442524519575
0.0020994836340784487,0.04935469621191234,0.04645729719014503
0.0024307111697393687,0.04911518638534205,0.022474806983553378
0.0024307111697393687,0.04911518638534205,0.022474806983553378
0.001917968658741485,0.050120533308399405,-0.005879867683469829
0.0016993737019381006,0.050238353244909585,-0.02008601819977481
0.002033465762380011,0.0501468819067771,0.01207998326746061
0.002033465762380011,0.0501468819067771,0.01207998326746061
0.0020277179169379406,0.05025657149112414,0.015230636209303159
0.0019238548686744902,0.04958913780912763,0.02966405959461455
0.0018813010403421532,0.04964074138526961,0.017347340926850342
0.0027466882658440718,0.0501673865189932,0.009685550712742469
0.002144002396454195,0.05026213698149724,-0.015392544280048607
0.002472368158323686,0.050163686549532745,0.012261397498314106
0.0017873408491575603,0.050508839180824265,-0.020278850448116875
0.0015739472595658341,0.049624461652714426,0.019625577686874947
0.003135465110825011,0.050676601131913,-0.013679796144001473
0.002968435253663767,0.05052098822695726,-0.016343388503641212
0.002323858691483107,0.05016109495595575,-0.003422485921452522
0.0019987220001534533,0.04927871271448505,0.007196575292564334
0.001888100608110402,0.050102503715787984,0.03615479590034557
0.002383604026134311,0.04974087043576952,0.03658548982334729
0.002341651920208002,0.04969087970868838,0.05492923533450557
0.002341651920208002,0.04969087970868838,0.05492923533450557
0.002280654878128171,0.05079963655162277,-0.003128111456610868
0.002286760207437352,0.049868935108746015,-0.02399383885286174
0.002151662601669497,0.0502160360275319,0.03852448104194747
0.0020269405890377323,0.048983298998594736,-0.0029552197399771865
0.0019173252670701888,0.049561870009778894,0.027705222145523782
0.0019016068010252135,0.04948301716432995,0.03248618630636657
0.0019069349084709143,0.05069589261858038,0.039083273220465856
0.0019551903189525396,0.0506266907548902,0.03877104297944382
0.0017835961796322719,0.049082314761842036,0.06651966539629864
0.0017835961796322719,0.049082314761842036,0.06651966539629864
0.0021411804941292058,0.04995079937407117,0.006503813847430295
0.002526711661817982,0.04971885086439156,0.021562537476041064
0.0021915165231785015,0.04979646096112919,0.009437944980340169
0.0023569099599292987,0.05081849525398541,-0.011541020916815243
0.0023148231937669384,0.050749893859294126,0.015858897687816596
0.0026376293137433462,0.05014972946925219,0.0064353341252790155
0.002514266746443106,0.05021342896269449,-0.019665157569614435
0.001487360753015746,0.04990815793798631,0.03581053159745645
0.0016119872599985126,0.049658436119511234,-0.0043652728396082795
0.0023921713034292945,0.04985067905311896,-0.004105340974242891
0.0024001056553026073,0.05005423174438812,0.004659454731859457
0.0015897863835458274,0.04992410494048761,0.029324498771187993
0.0014948688315105396,0.04977860159709204,0.026774618471611732
0.001867735237003396,0.049544608628257734,0.038002762043198704
0.0020636514705084856,0.05116266203719343,-0.021129193977403
0.0030958880146303514,0.050165252441403074,0.004529671852655158
0.002217935424783412,0.05064752121842385,0.00787316687403678
0.002456605687746769,0.050356734754998876,0.020937859664393883
0.0028158245741283,0.04967294000292722,-0.0006444660539582535
0.0014920740344089498,0.05091137864248129,-0.026613225373369725
0.002741461538107705,0.050408084866055386,-0.03398307501148356
0.002567190121351221,0.05117059372428307,-0.01861361308492236
0.001809203695812568,0.05043837564707667,0.0174787147325104
0.0019411682011174149,0.05071481737035922,-0.009264179245422794
0.002693695401545143,0.05043787476855951,0.004746545043548564
0.0019068880166195758,0.050754145386303066,-0.032995014594785405
0.0027579209293264358,0.05057377733736812,0.009972440917924652
0.0017787631182161067,0.04901528027587922,0.07513218779439958
0.002689818509727222,0.050168782905379156,0.030383231513329362
0.0023424282084415146,0.0499750492310363,0.009917366034892868
0.0019971166175233833,0.04951301404979798,0.023157147933746333
0.0019676845621595476,0.0499386928784991,-0.010731032571902608
0.0017577149885688143,0.05152796188603998,-0.03350920341591288
0.0018511576339028451,0.05179178764468949,-0.019260131318019846
0.0019211212951012425,0.05164996148376346,-0.023703748556825027
0.0025190072328008825,0.049937713668409905,0.0532788669553253
0.0023076794474167646,0.04967116600206735,0.01385096776804962
0.0022931256832224153,0.0504456323707168,-0.006054803414914414
0.0021726362230841726,0.050147431713319424,0.03241579865661275
0.002099655169668664,0.04988354448757381,0.03597694447393964
0.002182901624645852,0.04986555552099149,0.022784486478499223
0.0018206449265698568,0.04896614827293811,0.05882675612149284
0.0016547600140879154,0.04858971247888076,0.05742732205669846
0.001998540230793105,0.047037474195767696,0.14926352197019624
0.0016852655615197459,0.04880885877725007,0.08283603313483827
0.0016664661602571612,0.04848439527580675,0.05159585132092141
0.002207989580114099,0.05040343675227061,0.021553875883058068
0.002246182592923497,0.04964345971448725,0.0599079079020716
0.0021711617578970277,0.04980074013237148,0.009283269545636373
0.0021327937859517846,0.05014507681851979,-0.027036091668624963
0.0012935990357604383,0.0503479433697868,0.044805914768787015
0.0017531621489446604,0.048150376698202324,0.060697228707360044
0.002741454989406797,0.05040971962437627,-0.01112090766229792
0.002860817258459142,0.050754936790672354,-0.025941703299210302
0.0024680703353373258,0.050241121051504446,-0.021953093611657842
0.0022272909972136995,0.049991237798933115,-0.013762615691717406
0.002122136001109153,0.04973418252918591,0.005277403907165663
0.0021231655078255635,0.04988738445059014,0.0019200506954847563
0.0019862481414446307,0.049664550789787425,0.04116173297126247
0.001532872247972115,0.050113844033924694,0.0023027814774746113
0.002659490147791184,0.049101717671232156,0.054689646658695364
0.0020006253230197765,0.050631002553032795,-0.01905971440400569
0.0025330338097685444,0.05035369143950349,0.016723006039473878
0.0023107816075039014,0.05100054812941676,-0.03587571935104677
0.0024021143470530112,0.049186576217888425,0.058944250593059425
0.0024363057642896786,0.05012543298597081,-0.02330764332241521
0.0026411139141273355,0.05031605464608001,0.03377153729305425
0.002397300102939492,0.04929255923599939,0.018571171288994943
0.0026390524747909577,0.05033530945424174,0.016747551709124044
0.0028509907190331497,0.049956059646060966,0.025750694454139737
0.00215351677800088,0.049532244308786416,0.023035011453597324
0.002051902823688442,0.04984103785635309,0.0314539813355623
0.0019549116758373545,0.0499121824986961,0.0026917477593501396
0.0016145542088760916,0.05042815474520901,0.006406692956702386
0.0016737870260606774,0.050636706001480764,-0.048108423692990274
0.0018495377255360605,0.05113441477983616,-0.045036988058078826
0.0019377719509489388,0.050445061780761184,-0.04487565041531205
0.0019607695573729497,0.05058497040032165,-0.035240937404012206
0.0019271353936032274,0.05052192206702653,-0.03582588140755456
0.0018104130944082667,0.050862871409194446,-0.01581302548890946
0.0025591077854816456,0.04953208877849979,0.03585842480292623
0.0020238366215203085,0.049717569055780376,0.012558671040354024
0.0019870371406323192,0.05036586272195342,-0.02393300282611941
0.0020512560097680635,0.05021561121040272,-0.018248938806354708
0.0023514216304576898,0.049132601127255024,0.07089710829831443
0.002565703367973124,0.04914160582554813,0.06464541781113342
0.0021352418357869513,0.049383100753179456,0.051281743312008535
0.0021733814394679076,0.04967997256383898,0.01018589130994647
0.001900511279968982,0.04969833387999807,0.04026785852430049
0.0019408346694134676,0.05012818455693323,0.03281071674757399
0.0027661885028487433,0.050019719517183696,-0.013776960715497942
0.002607985743252465,0.050467456257689794,0.010616030333229717
0.0024269739828300207,0.05037182781882657,0.008272052923812516
0.0021534502251581806,0.04962717893170501,0.0362022778364532
0.0019401775530558361,0.04948038182832976,0.032485775405209034
0.002089278509272401,0.05010190856525205,0.047191370747431675
0.0020658035469550175,0.04934277751501353,0.050184651875453186
0.002030022217450761,0.04949241992814095,0.049163835469032094
0.0019161056241249232,0.04987852180225652,0.04030671804121935
0.0021777346199890035,0.04975291121410659,2.5728827703668125e-05
0.0021257520837407754,0.05032165156786799,-0.0012215562988714115
0.002235064227802489,0.04940418323004178,0.0365403476145617
0.002434302980686766,0.0495176891663439,0.030728122537131662
0.002426741499158227,0.05005367519078792,0.02573919373964132
0.0025208771037625913,0.050338095486973246,-0.02496455641266823
0.0017606585470844327,0.04958162156403636,0.04053253242756747
0.0017913431586805437,0.04941413217843414,0.032379955926627846
0.0016401666317433323,0.05085991316875476,-0.03638315563044842
0.0017689622085709977,0.051141126436553774,-0.003459329807101724
0.0026268646240640687,0.05094106706195863,-0.02864050374307108
0.0017376131368176172,0.050079224275102426,0.015868687821019592
0.00212112507783115,0.05106138802758099,-0.05173138052587634
0.0020978297199343563,0.0510558089031711,-0.04765070505013938
0.002094594877785255,0.050957225626130545,-0.01191188303773799
0.0025978350488447474,0.04888608893695001,0.08077677406762826
0.002645270715024269,0.049177376969675154,0.09501801685996633
0.0025405477805172387,0.0489867527157849,0.048600373757516524
0.002110218196369735,0.05049582703223455,-0.002586954215278642
0.00269707239804115,0.050498691883547574,0.013929954947459128
0.0032219518437599723,0.05063438102268229,-0.01616122957844104
0.0015122519570293287,0.05067469249233912,-0.03740434106145822
0.0016511420070025905,0.05170052247244388,-0.08283806621684481
0.0027012504781568137,0.05020408310041224,0.001402389488777651
0.0017498692005956226,0.049299218327468516,0.016934260830274127
0.0016976766690858431,0.04940728772467821,0.01852068022668925
0.0016507738856588224,0.04895093543771359,0.0518130709690437
0.002012403065874809,0.04883658464356423,0.06383938072225709
0.0020498958459657483,0.04950359587647071,0.029747452602858986
0.0020924845128830385,0.05032384183132544,-0.012471810967850064
0.002545581090597276,0.04981075310599187,0.027834420506323846
0.002548230532144784,0.04965348322646122,0.020160700788314043
0.0026304091015682493,0.05016577028780098,0.004706532205676549
0.002825961541851416,0.049833647568152575,0.0456674385049711
0.0023176621446912332,0.04952821368738772,0.014554911721348065
0.002472891412878009,0.049563955196871505,0.04442206538009559
0.002271155507837463,0.04982328232208968,-0.00622707384212766
0.002047786512511136,0.049273063084769544,0.039876978461797344
0.0018274131067175874,0.04913797323973936,0.013189950931451758
0.0023437600468482656,0.04889086693989654,0.043701736774344545
0.0023068639148035555,0.05088449578018381,-0.024070860888833423
0.002055524991881624,0.04854924970577203,0.06237312919258101
0.002362178609726267,0.04887904028089044,0.08986569795104563
0.0026916906072566226,0.04921247659344535,0.06743987313153364
0.002502614554413711,0.049563951930441566,0.05156173809601209
0.0017005606868731808,0.05088338233005594,-0.051915990818583925
0.002346047303092064,0.049045700315268566,0.055718325484779826
0.0022850024219839425,0.04949277279517265,0.04688917653735795
0.002189668148937781,0.05083361710395661,-0.015038305937586134
0.0024563125954536577,0.05066771622670253,-0.04675600543239949
0.0016961061223025253,0.051052442256801035,-0.004212159007252218
0.0020792504104802183,0.05041623146766965,-0.03178081904726411
0.0026701120718559267,0.05003287358843957,0.025214987117269227
0.002278749890078128,0.04958479157943788,0.04641299222037495
0.0020762707538329967,0.05039179569681981,-0.007619028810250764
0.0020091014537600804,0.05059984424862127,0.007103462639264249
0.002093548895624187,0.04992075029462906,-0.004664993350149933
0.002434973008717085,0.05026277305622978,0.021939811182537954
0.0022184811896162437,0.04978281504912579,0.03932318619857793
0.0022709266141841085,0.04974292124005526,0.035933851512492086
0.0025367156423231553,0.049308857188205116,0.03362581042297438
0.0018163157806554983,0.05000459435915206,-0.011844263477603775
0.002188323808038141,0.04998187292992732,0.010251093163125313
0.0024091449919478414,0.049886246203895444,0.01861962880369619
0.0023990364321272487,0.049455596856641554,0.05541615148271592
0.001699016471366588,0.04995642277928347,0.0331905551181571
0.002327456628035055,0.050380063120708286,-0.0011499550675498093
0.0021400378185960946,0.04999483461531717,-0.0243811907810351
0.00291030911147651,0.05059144974783201,-0.00039625602506029634
0.0019307058472611805,0.04952907196266147,0.04055094209770384
0.0024287828240607745,0.05096606130537801,-0.019540311281235626
0.0023736798446091028,0.050612081556593885,-0.030811719756649054
0.0023177408426470385,0.050367080981623534,0.002380848811547126
0.0023611425630045897,0.050262209230165236,-0.030007964228894193
0.002702112195060604,0.05011995584771519,-0.010994134167591886
0.0022631531748049465,0.049596021407226666,0.04427546764663227
0.0025245104529388793,0.05029691083286646,0.03963792693401004
0.002506156724608646,0.04933910227118389,0.03904204221252817
0.0018726169097564092,0.049730284693769784,0.021058403737698527
0.0023598315538669993,0.0500033529008575,0.021280052631345674
0.002032151807421439,0.05007373797891958,0.02015816481986389
0.002376673342303482,0.05080169919101307,-0.023197405592371097
0.0025312535055449547,0.04944238843922411,0.03331817347289647
0.0020938313807805638,0.04926550969313979,0.03855383793171747
0.001757112366885907,0.051249078020889814,-0.03576236009065775
0.0019299512172167496,0.050153273560935054,-0.033724419684592215
0.001886226718825741,0.05030992795163166,-0.009694837390494104
0.002078243988395471,0.049612870061133525,-0.012766481303801425
0.002045450993463078,0.049925846063231305,0.012867334684751739
0.002066868801271813,0.050523646244205585,0.041865228909729345
0.002265807047595001,0.049307994258324765,0.01622414761428
0.002632244043274465,0.05045256278072173,-0.006740627502478032
0.0025534249544844315,0.05067147962450119,0.011325560600893505
0.002583120681290436,0.050529009921554145,-0.02509561069535207
0.0020234016866958163,0.04989488548580824,0.02037043570000549
0.002334354948099546,0.04976455411889584,0.004149546323549787
0.002370503717290767,0.04972921463902767,-0.008845700820452678
0.0018703092410891607,0.050633429859841574,0.014693300183809096
0.0018292930040230363,0.05015210312720231,0.032597607716494746
0.0021389376619024847,0.05025036999251171,-0.03096948678903385
0.0021627963199989217,0.050078763343977775,-0.032478243905927406
0.0020386366433003656,0.05015083558256758,-0.001491891393981926
0.0021742424552264783,0.05043613466708625,-0.017958397211627605
0.0019801092297469717,0.05049632820652809,-0.017521501890743914
0.002459761822697314,0.049851045394579595,0.03154780555852083
0.002762884022564084,0.050605359291784814,-0.030294099320747808
0.001995013644870787,0.05034381590919802,-0.028941363050539327
0.002198361370627776,0.050210782558879515,-0.001280390915307035
0.002366245929694379,0.05039403895981155,0.02334572934487611
0.002391080242660976,0.05018925863527378,0.0063611422379631685
0.002331662824566156,0.049860516669059676,0.03874553063004375
0.0019459184981557695,0.05080091546548927,0.006703423982229355
0.0025693582656296805,0.05069310626718543,0.023870881657151694
0.0022916207809275287,0.05051635719747303,-0.04462718995286138
0.0018845777405251064,0.05040360314719385,0.019813262538213208
0.002397115350356117,0.04979105023642134,-0.005967175005305868
0.0029466427468429913,0.051167448338735516,-0.029441892075294216
0.0018196358296580061,0.050751302431571485,-0.010909190944702366
0.0023559408851401603,0.050489604122747625,-0.037376022068127304
0.0024001767521044603,0.04940371704848536,0.021493004708613796
0.002136551795487629,0.05029339885377889,0.040617332903255476
0.002456424649643808,0.05036715236914847,0.046357440719787014
0.0023476851850958084,0.049744459154859,-0.009818929461731218
0.0025141780522681062,0.05011349008061944,0.029095521540672166
0.0020407259061812682,0.04960215686788344,0.0648630139944775
0.002248438251038737,0.04917346714259699,0.05857280938109908
0.0021900267072942838,0.05027324058877994,-0.016310175900208765
0.0021121508545034473,0.04985336478024743,0.00032112313507534363
0.0021121508545034473,0.04985336478024743,0.00032112313507534363
0.002064069016344573,0.04966327798425525,0.03404585197931533
0.0025210204365962836,0.04910694298783246,0.03331303070984478
0.0028492843561280074,0.049819441798652477,0.05934270577804296
0.0029806924856858566,0.049194340631552695,0.06984126243335742
0.0013782499420017477,0.049418032834088785,0.03710674575581771
0.0015410003466800588,0.04940523279853133,0.03926512480309258
0.0015410003466800588,0.04940523279853133,0.03926512480309258
0.0024964070372163892,0.04925019941795129,0.02501605798025379
0.0026287513881833075,0.05040633582408772,0.01574070217179012
0.0022481319739132027,0.050461133386646095,-0.025349108909723757
0.0027367319962067578,0.049539996641656835,0.03939821907086524
0.0018769416047769716,0.05139236352672517,-0.07378421142897924
0.0019817772279042698,0.05132033038859024,-0.06333464319215942
0.0020265736063638067,0.04978999942298774,0.009338282998154335
0.0021965984130920806,0.049726782748220975,-0.004101818846492399
0.0021230029764855596,0.05090291130253425,0.0035264338701734422
0.002094843396477424,0.04870269522335588,0.0463547484112197
0.0020078766699906975,0.050277626702618,-0.032330227013048496
0.002095102044616057,0.05028686866306843,-0.02414452156811786
0.0021994885584127612,0.04982566977296947,0.03985040256063667
0.0023516490550240248,0.05046619083920646,-0.011188015133006813
0.002450852338687769,0.04999626592821905,0.005282926965524112
0.002450852338687769,0.04999626592821905,0.005282926965524112
0.0024002018785705716,0.05092914651113316,-0.018604280059079104
0.002453033623662668,0.05017075498272409,-0.02527348493909206
0.0019526863287969768,0.04996770194145628,0.036045809044662376
0.0026546020139007567,0.05066163127363557,-0.01443971062074825
0.001982618618987356,0.048849602588761025,0.06780325225854049
0.0019923063515958077,0.048610644622151124,0.06245500159572847
0.002125811969978327,0.04805241259163907,0.060280057138718486
0.002559605873286597,0.05029813282447008,-0.029454907315983377
0.0019283290855384683,0.0508354424192636,0.016842518960996283
0.0024957974109934794,0.04975740741565251,0.07227751286856102
0.0024433874124073834,0.04933995473097104,0.06852632212298664
0.002198183513447478,0.04839767693720707,0.09383735476478315
0.0019423291584965729,0.04870170867848148,0.10282656409683888
0.001961076996693722,0.04862307932343668,0.06809137659447641
0.0016425892040474548,0.049498387812444526,0.041400090966409654
0.0016782322883685267,0.049504805067406114,0.0424813125307089
0.0018272591363400444,0.049488411814651544,0.0282755573468075
0.001670410977034097,0.05017038149404302,0.0003367107748764489
0.002244338434136974,0.04873439263977669,0.059769782594559014
0.0019955122897976486,0.05023771127306182,-0.004026694658840152
0.0017443334627308706,0.05040018426468897,-0.01406560285777221
0.0021197425967561458,0.04978211732262113,0.0012743030076260693
0.00178070347838804,0.050946490370020685,-0.03231696823101136
0.0019322707836417013,0.0516120518572083,-0.0126310671688908
0.0022690611814943696,0.05107651140975535,-0.03932211397848803
0.0022054636670734602,0.05061732085426197,-0.04746077868832439
0.0023653551219352063,0.05060948644178586,-0.016708334932120768
0.002328396377206996,0.05048017088525698,-0.019382574461891657
0.002324966065186313,0.050108752370195464,-0.0008862073800636198
0.002430883267397284,0.050292445863470044,0.01036875013250768
0.002549624689843645,0.050762762640364896,-0.027684685303272925
0.0019713131848125465,0.050737925164711095,-0.006678492176421744
0.0024222826038361907,0.049561971911553517,0.07735442346113926
0.0026392075400242273,0.04927162909217808,0.01567023481969978
0.002051581450774823,0.05007286201169916,0.030988956425365196
0.0023699984781710647,0.05052436701700963,0.0027236523210939522
0.001976140257574441,0.050163184478168546,0.025049821314899356
0.0018548437929433845,0.0498766419708016,-0.012317326041572511
0.0027677688768768046,0.05002548395768065,-0.008996388580420928
0.0026858244028073806,0.050169420883675306,-0.004646517599374588
0.002647778995916625,0.050027511946711706,-0.011236198798436247
0.0026573063722723886,0.05046598382082233,-0.033834737236257934
0.0024253919516085934,0.05084360171377191,0.0017891906005871032
0.0026474184194387428,0.050585668620984806,0.018187304980204388
0.001554413874004784,0.048736150912160964,0.05157100112179861
0.0014868303194730198,0.04870479481157572,0.05293903709195625
0.0018318706545462473,0.049351356374286955,0.03865354957932525
0.0019879454005883065,0.0490601149031728,0.03158080973724822
0.0017711181554806224,0.050311908046415686,0.018571124134271328
0.0018981258814577478,0.05042229423875414,0.007544285057593745
0.0018526875889588006,0.05035934747292145,-0.00034729190986220604
0.002339714021616644,0.04870708845131828,0.08503415344643882
0.0018724324335904062,0.050093423124807655,0.010207176489361284
0.002142456052868335,0.04972000145678309,0.004087352946394652
0.002008975752426927,0.04963327066671949,-0.0037107812351393162
0.001972572721635184,0.0498306412897746,0.025859601915066265
0.002020662914599023,0.04903754410126891,0.06344447151708386
0.0016185636173390635,0.04947406079492384,0.023643070167257974
0.0015903294450182858,0.04967342712547784,0.00045524395530957226
0.0016320341789170113,0.05003646889188963,0.02462509171979712
0.0018326091619336822,0.04998125415351391,-0.015489194131928119
0.002192345978087593,0.05080560289398336,-0.001217664763986949
0.0022338243110475585,0.050463821076697515,-0.05851568322512439
0.002631270926795142,0.05041365160853709,0.01864047152751908
0.0028207980527024975,0.05011814649858096,0.011340367902771781
0.0016336509840431867,0.05036749680198309,-0.016679145981632955
0.0017780340691613133,0.05021260090291205,-0.004190239685520412
0.0018427573300797116,0.05021672103605361,0.03314330834350733
0.0017668410237078164,0.04987846197860653,0.013537971435642341
0.0016928381865133815,0.049407941439601734,0.028941042247357825
0.001661585177874637,0.04999745594816615,0.014256646273234875
0.0018940949062054187,0.05021742089063892,0.014546130474083764
0.002287895032182506,0.04945586383103212,0.030093288911373143
0.002287895032182506,0.04945586383103212,0.030093288911373143
0.0020844544171747057,0.04963990239096918,0.027566065439134077
0.002014864108629181,0.05130513067044687,-0.03616432363967046
0.002490489437258968,0.04942068849235319,0.07478848851589653
0.0025957467822296135,0.049743521174707324,-0.003546259161900221
0.0015552089343066483,0.04926726157582939,0.057099422545752156
0.001560962308659195,0.04904172789939384,0.04798183088585756
0.002518997523856684,0.05068919741426062,-0.018190481148052873
0.001583317573834422,0.0497278399932788,-0.00789313689140325
0.0015133322229389768,0.050097941338577916,-0.008485410713138264
0.0015449870607985793,0.049753267963549064,0.0020354333730775403
0.001609511188347664,0.04954235177874374,-0.005810623146392949
0.0016927932119348847,0.04964266690598363,0.047355722264877165
0.0027667968826319044,0.04991738840387861,0.03273008173301636
0.0022852827123376438,0.04919492749595412,0.04452511933445666
0.0017581133893659927,0.0492928937580254,0.05266588426461666
0.00288105375489838,0.050564936329924856,-0.020062713257725226
0.0024144566915621788,0.05072462292902643,-0.017580902625760984
0.002405722881728697,0.05048785753585268,-0.004573654139889333
0.0020418173244082733,0.05003802987868611,0.01782606413962686
0.0022476473741572267,0.05039605285464507,-0.014023258306204501
0.0023280144699130037,0.051020117096807815,-0.03609377116263081
0.0025395166005737113,0.050955186019126075,-0.04554053784793238
0.0020779461112159225,0.04931270953555189,0.04365288385081382
0.0025127655485058745,0.05024058452414329,-0.0015012355554493639
0.001833566128598518,0.050476659826808046,-0.00939320618128359
0.002415258241457011,0.04950210880111898,0.04831658713189608
0.002151373100993967,0.04978871809158731,-0.004543361532895236
0.0020368086763771966,0.049587284896215576,0.055900941836654
0.002692566423090254,0.049701555844920454,0.03174087881326426
0.0022262547434023184,0.049582842566676055,0.01637607299708168
0.0020184328798122176,0.050242330722405026,-0.009537932681556985
0.002286924400040095,0.05076924092097711,-0.03410626789676991
0.002279589469297354,0.051027653129747934,-0.03588277993859779
0.001814054387729975,0.05005537747687278,-0.019073365324424545
0.0021447239479518384,0.04997901608152843,0.0009874878315842106
0.0027825522505830484,0.049723567331784055,0.0319407873509918
0.002229932036997498,0.050484393527360415,-0.0015983063371612309
0.0024708272603203188,0.051089443797767524,-0.00010091642476867178
0.0018266723962815242,0.04995804343729609,0.056106652139616284
0.0015531661470415644,0.04937593697458369,0.03802476439500337
0.001893616467201403,0.04977985825204496,0.028823960076348024
0.001964438205959963,0.05004323400890709,0.0265773345030068
0.001874311176341279,0.04922749868648597,0.02976408591254797
0.0016655853878915258,0.04921055803719723,0.06701162624093043
0.0023145730417169683,0.048605409283648655,0.057340150799006395
0.002975526552760949,0.04951043297816457,0.07488640735132208
0.0026741367635469498,0.04931561442849894,0.04459636694843804
0.0020571878371877903,0.04971434471903931,0.043814764659365756
0.0020152030151732005,0.051341585176799986,-0.046618642439329686
0.0020472607005634323,0.05015418082605168,-0.047056020446552556
0.00196832237043374,0.050553843367446144,-0.02618729669318704
0.0025491515805182714,0.05077204987372055,-0.05879281835235953
0.0016542709048977765,0.051836348213312115,-0.052578733527691296
0.0017901804821626628,0.05114563611110071,-0.06723378710749797
0.002503182512433591,0.04938139358062446,0.03713053002882631
0.002063796259410791,0.05092426488241605,-0.02735792582218676
0.0027798438544015982,0.0502019852531932,0.019666739774483254
0.0014040319433897015,0.050228453044560716,-0.0023335975292136193
0.002161593728240115,0.04932354685364393,0.05821210903839611
0.0018561356463344908,0.04892789002207519,0.04644439537340784
0.0017891685811513348,0.049297739371053945,0.05934902479283734
0.0019862547324916127,0.04968902596178943,0.015293463816635206
0.00210262412420309,0.050139243744398855,0.0016178988848601977
0.002086630868992735,0.050182291549501074,0.006687004282322931
0.002180151413647711,0.050255707726200555,-0.009274238593937
0.002034483357541652,0.05116532259980015,-0.04206169382632873
0.001987717961854819,0.048650544418308954,0.06534027944860248
0.0017013701530898507,0.04869544926345768,0.0652710650195448
0.0017447636852722644,0.048898877829018174,0.07084279117971706
0.00227708683109384,0.04945412064069206,0.029823172959955038
0.0026246084457511986,0.049420109465159255,0.06786832006031532
0.002504848632122519,0.04980102350995701,-0.003312164718122422
0.0025514037365022228,0.05067500616182587,-0.018619366213645846
0.0026842745013610893,0.05050065701768848,-0.013619136744160978
0.001954760724993429,0.048836186550875765,0.06339287254392774
0.0022923405879848864,0.047370464249654576,0.16766572571033997
0.0023875803757767186,0.04721102869339825,0.15012419504580515
0.0021029789747213545,0.04774749910577728,0.14308123844328768
0.0019720062143797007,0.04775472275868373,0.11671858258618507
0.002167310457317278,0.04753878471945857,0.10650594350192623
0.001584988637265116,0.04924178116871811,0.07302723650442572
0.002435738663492535,0.048402828636735666,0.06496964891081922
0.002367072562953409,0.04961426585720142,0.07413280478547882
0.0025115993271717257,0.049601395407428174,0.04950258932409004
0.0023405649043768202,0.050897232060830515,-0.03363376643091621
0.0024409932396550933,0.050832525462774905,0.004658853583949099
0.0024409932396550933,0.050832525462774905,0.004658853583949099
0.002507481058481507,0.050593417019080114,-0.02149960217194137
0.002176639865595045,0.049856882316604054,0.0060118815601957944
0.00196081791612134,0.04981380271969363,0.05041905584798655
0.0018376402114162133,0.04947621159074174,0.009584134069555819
0.0016541444757462997,0.04953267330036439,-0.0028006331178715843
0.002106535453744972,0.050535364898473024,0.003662337743253524
0.0021319107339557663,0.05059424485794167,-0.006201178848926381
0.002483546026211789,0.04986008762187431,0.034455186039656416
0.0023177957960351862,0.04934641726467391,0.020476178109486497
0.0020338775898344386,0.04995171853281597,0.033382029178696364
0.0021013806332135397,0.05040436985947016,0.0072174998774244565
0.0021827643103963894,0.049760800049390846,0.01840643442981689
0.002307029157057981,0.050210287052451404,0.03813708120129606
0.002278238902145184,0.0494889928160042,0.021613575301342662
0.0029904581831987653,0.05046065625444218,0.015710205208289123
0.0026051143331102086,0.049452620373366556,0.023196691555087703
0.0027305610937286115,0.05001344388802958,0.03750398692986791
0.0025523168170740835,0.050293823438233756,0.002802460503788991
0.0023008319326606546,0.050513296619829576,0.0050998285813413655
0.002470279508978224,0.050398786849196214,-0.004238574869915643
0.0021574463820495616,0.049899591254545135,0.013663376422060367
0.0017383409095955572,0.051283965302708304,-0.0191964824304195
0.0019712080130133303,0.050218843672510796,0.015833923517437697
0.0024805662281575072,0.050633994364999324,-0.004821750631943159
0.0021617173476947606,0.05029219591594843,0.01582270702474755
0.002295335844983286,0.050046138427826875,0.024917826894565766
0.002375472162922342,0.04941658481211584,0.032667117933060055
0.002021798531556585,0.051045944461854155,-0.061347407168518296
0.0019941820568641876,0.05164656919108747,-0.04418122170854426
0.0020691017120664807,0.048682832406334184,0.03412351060580997
0.0020951457715062587,0.04904531999474013,0.10580516700796284
0.0023615723770354486,0.04875519991799551,0.06582573592058849
0.0028299346388706284,0.04962289960463562,0.053803763573881155
0.0018521625823908134,0.049256558510598014,0.03625307965876062
0.0018759440176029105,0.0479327098338867,0.11200506716648762
0.0025751533318216554,0.05072079497241683,-0.01838351172390869
0.002561670884865397,0.050322449549846625,-0.01549537600939986
0.0020449391471233677,0.05030410762480369,-0.006847299385870646
0.0019050259057952139,0.05033078410653281,0.019387894979537343
0.002070305528075989,0.05016301935189423,0.002912011918865305
0.002070305528075989,0.05016301935189423,0.002912011918865305
0.0020646758591207756,0.05001526961616384,-0.00634692105794634
0.0026750957800365685,0.050217856066435876,0.002455957547955179
0.002724090638030669,0.049942733901402775,0.03403028062789328
0.002069454817720073,0.05071637066302104,-0.013765052553080184
0.002238361779121513,0.05078875185195442,-0.004271913757166552
0.0019800442665915017,0.04948576947389033,0.03524860594142953
0.0026779215304074577,0.05021328687883587,-0.00814123433497443
0.0026825714739903907,0.0498061474673901,0.013056816680204556
0.0020316946445815354,0.05032188954716165,-0.02333949838628755
0.0023084085751657463,0.04981512650320665,0.05124371792698329
0.002449101536718848,0.04949589741738042,0.00813373422188234
0.002504691364360052,0.05090385603062148,-0.01454885096104507
0.0018250364870376619,0.049239112754712606,0.03490598934721709
0.0018575572677121837,0.049653078914444405,0.07679666205118542
0.002046700495857132,0.04889276710676548,0.05840076379520625
0.001993194890573327,0.048961511490659144,0.08455570765922314
0.0022664924857710837,0.04840337155649973,0.07427982683574179
0.001664354081696774,0.05048481827931758,-0.006820520353273857
0.0016094347393189573,0.05055536334566244,0.013785156893383934
0.0017632903847534052,0.05032816652265044,-0.023517804384845256
0.0019091836755867982,0.0502349687567104,0.013536170146604336
0.002753315831152219,0.05052584441620501,-0.007222997018457693
0.0025292302610791044,0.050981673399482674,0.0034323941843365834
0.0020422380313789403,0.0501905347170931,0.03639084159883771
0.002295445907725612,0.049914093329812885,0.0028423267471847737
0.0022620355246381623,0.050045698909687256,0.024306127184453647
0.002536797736366207,0.05070821711609102,0.021800968687988153
0.0021568194135943818,0.05030560211290169,-0.026654679546836247
0.0023137760516127193,0.05038864059691361,0.014354822078000675
0.0018442137093437816,0.04758173247168689,0.14068286952450967
0.001867292388914402,0.047220893364760715,0.09579383804264943
0.0026324121878717305,0.051618199839455814,-0.06213996543475558
0.002402800575521232,0.05134839213951067,-0.05444288391734277
0.0020812225773839165,0.04976573720604032,0.0282363000813504
0.002118839542139627,0.04955695793055181,0.016615328690865037
0.002148122929343757,0.04906528749457845,0.021828942480382568
0.0017947744628733482,0.05036742989598092,0.029783295136542463
0.002498250109469268,0.049393096096057645,0.009216062060866913
0.0024567114543186967,0.05108039563031064,-0.011722904452208166
0.002651499934035865,0.05093350466580051,-0.03611133129933902
0.0020576812067370554,0.04855198927729312,0.03287865734787276
0.0021425783926812035,0.04957971590222805,0.03969403225467179
0.0025474064743132526,0.0500949802423801,0.018915223692989015
0.0020872582318025297,0.05066237680329711,0.005046184533794732
0.0032127707540363644,0.050245063212951184,-0.008494240061913415
0.0017402829970674483,0.050292117128008205,0.009352108782900397
0.001831702125692678,0.05032276972841662,-0.004949509008051998
0.0019380810454157895,0.050205845367126495,0.009950734979947806
0.0019433752368448283,0.05073232849191365,0.015418593706810325
0.0025481991219358136,0.04944645380960492,0.004924377921011196
0.0023865897832818254,0.04964934453851306,0.013862995503524244
0.002175379138146011,0.05000220305761777,0.014376666058282039
0.0018337721510617272,0.04763433462885603,0.1447893536900846
0.0016757122162169148,0.049491052290940495,0.03584114495722188
0.002022124245396283,0.051190201379286294,-0.06714775560148653
0.001963056267755525,0.05074994756939351,-0.07821994003137439
0.0019422074181516123,0.0518737434000763,-0.045573740082442755
0.002434293742103775,0.049766713911018716,-0.012351746780585019
0.002054389317908351,0.05034649658940875,0.01604140368887909
0.001957250655343448,0.050396190948549635,-0.022097310551641724
0.0017005693623902975,0.05037996371509626,-0.006123993050737817
0.0017816588690335172,0.04907283187872922,0.052107292408808605
0.002678627399032139,0.049461365693517174,0.05461820339062947
0.0026207385467119895,0.04974509325082056,0.017434880276313743
0.0026771820780181763,0.050680892056798495,0.015063021063777124
0.0025161559880858856,0.05031716893570388,-0.007300160232462125
0.0026019597534092218,0.050005136960218764,-0.01063178975938621
0.002555785070897288,0.04965123985854821,0.05802780069057982
0.002326028732237824,0.05021095837793165,-0.020172492737530707
0.0026169088892889396,0.0509760477410756,-0.008457793048537018
0.002703048688296068,0.05078209684187821,-0.0530175931438478
0.0027376497926996763,0.05119963421779192,-0.028588975052398723
0.0022205633974438184,0.05023687423786054,-0.0016557895231798798
0.002091233954289969,0.050507033450895654,0.04147729091184553
0.001929083741213102,0.04946193743284828,0.007003015421754314
0.0019745056716716416,0.04994851292495434,0.04669104480999579
0.0024646532412353275,0.050601481838338375,-0.02044683287705168
0.00241308716573116,0.04997119648458029,0.01639348203861095
0.0023354565800714822,0.04960526116406592,0.022066359614043567
0.0023506973974363487,0.04953959477748383,0.023188643666182403
0.002155505257589926,0.050548888447742094,-0.01654701561281265
0.0023448770000237284,0.050771080583562084,-0.026433992623175622
0.002287039036033185,0.05080444659874229,-0.005776509628923903
0.0017336699375763134,0.049607138784461415,0.01655371245445921
0.0017733637450295004,0.04737225416540161,0.08435213032790627
0.002114159177845871,0.048233269496317614,0.11552308494256418
0.0021278828086713736,0.04847843752309334,0.09413075924272961
0.0020195715228390454,0.04865357163953374,0.07107595831502475
0.0021380084945161245,0.049837181206925284,0.025294302968777202
0.00268139412844296,0.04991664788103912,0.006711245009332119
0.002505336938095343,0.0500549596662808,0.015555525148296192
0.002287772952449912,0.04974016801201576,0.023262794676392598
0.0023747595638698945,0.050057973053870566,0.028052182220022016
0.0021288755957252167,0.05028779350173038,-0.013074083650392764
0.001904734913624082,0.051251743587160774,-0.020395704414417203
0.0023548943948510466,0.04908136466888511,0.05410342822878835
0.0021949907466459607,0.05018709804900764,0.07673986848811783
0.00198645521751882,0.04912725468885745,0.01592691773885574
0.0019165420152650312,0.04941872789518208,0.013029271824854858
0.001726647645864354,0.049326625546892745,0.07023531715909713
0.0021032799740230536,0.04816414216987382,0.06303243843768316
0.0021355274181390858,0.049839615961355596,0.054480359447347186
0.002023831102638661,0.04981257342647293,0.04399905875100229
0.0021227247202755452,0.050236010344304624,0.054990564408753675
0.001382418689988797,0.049970476274390406,0.022973369426149075
0.0014700024290047018,0.05015597573741219,0.029560589826439155
0.0019366426583658867,0.048553351210483146,0.05344367111119406
0.0021833954163256,0.049380072568682126,0.020664650297804694
0.0022971188027561366,0.05030597711505092,0.02463471746759171
0.0022987568850043128,0.050564317837858544,0.009227225791893388
0.002185305618062984,0.04951349867027282,0.01891019671396081
0.0027291712498189688,0.050686199211447194,-0.026483511634944563
0.002569971299504565,0.05081755314337598,-0.02547630444070008
0.002465415214573593,0.05087455992287613,-0.03168272926000215
0.0023024179319394884,0.05126745443659943,-0.037390639693902654
0.0025855340535954814,0.050666802209747154,-0.04716792003121382
0.0027163876089789413,0.05110648127453098,-0.025370905033406308
0.0015628244244837279,0.05031403505186,-0.03615051774676517
0.0026090512621360197,0.04985361331354994,0.03177887117981668
0.002198055304497349,0.051020644476976525,-0.021200357748639934
0.0019220521214427973,0.050466655768731446,-0.01971240146184384
0.001808120942069653,0.04933588962545644,0.04785314247044899
0.002660950570780698,0.05006851015114689,0.03063890259439733
0.0025831673790542957,0.05003523526063532,0.027756509880743168
0.0018706106487945654,0.049363884877536346,0.039104135416489126
0.0016805041812805448,0.0495445228897032,0.0428542228422564
0.0020263828718289816,0.05011433304183874,0.022672183380101633
0.0018956686919696666,0.0493505761277675,0.02265343612832359
0.0020830696420022416,0.05115842028626532,0.04764830847275058
0.0021785164548313793,0.05083912094323023,-0.012074089926648806
0.0018752772263802876,0.05055172129531043,-0.02555551224899452
0.0019820977681306406,0.049717839424824016,0.026420094526591095
0.0026593846716313767,0.05086926248641745,-0.02157965921214116
0.0025744388336453334,0.050601503961460584,-0.025912151048867568
0.0026116595470569723,0.05182768950765076,-0.05081402487542534
0.0025321061905802865,0.05135238402211814,-0.043207291779016596
0.0023262438416158195,0.049540427676507535,0.03179671603881153
0.002417609072843835,0.05025880433911272,0.02518171548943419
0.0023794391257214785,0.05025697985956398,0.0021975619230025314
0.0024143289641042447,0.049870223568226686,0.02461248923116399
0.0023993804755407444,0.04995422696878811,-0.0006179699699764489
0.002279226568656268,0.050174264118922826,0.016295947629376095
0.0025274398314112222,0.05006903876629111,-0.016612264286327005
0.0020991277455063777,0.050057671323837184,-0.00488714475849232
0.0016331362176378666,0.049246036529540495,0.08635106616243746
0.002024601058238362,0.04899410674506026,0.04711541322999456
0.0026281784323203424,0.049936496790433695,0.008311436805445008
0.0024531591657460626,0.05024144688174088,0.004190855274045578
0.0028214482747294044,0.050850147726877515,0.013697487884509989
0.0021916611452421787,0.0495907844165074,-0.0017919417586137007
0.0017683730359169655,0.050783146520830075,0.014108691087948958
0.001979129807236494,0.051054919670834135,-0.0247497409422379
0.001908185648419004,0.049975827990902034,-0.04138600861874514
0.002491034311101383,0.050560391923365054,0.038296719208793364
0.002187714593519977,0.049318843628567026,0.06780909789661989
0.002029158070192503,0.050928596484107504,-0.054567891881694884
0.0018912576512950953,0.051052629339542424,-0.04513675880288517
0.0026194075298256224,0.049674582910522035,0.061225842833936825
0.002141293520129704,0.04965740995233792,0.04293554458807659
0.0025413854916881387,0.04885097288429882,0.06718364328699325
0.0020883122613753777,0.04933793679473933,0.04762676605024883
0.0016647948755244611,0.05009378301647078,-0.004941336718520108
0.0015677108797573906,0.04979952038053288,-0.03111255226157848
0.0015644957851854778,0.0499958934952365,-0.00961830681791563
0.0015300029654868503,0.050277947710050314,0.01514100877486286
0.0025495928640521313,0.05148954403867867,-0.0339349473725159
0.0020554711485870274,0.05031073237880127,-0.0293205508580756
0.0022549752343121038,0.050619701793212936,-0.038145503949816285
0.00205059924356044,0.05011945869782552,0.02016427413869285
0.002291391890944205,0.04934414971673158,-0.015224233093546912
0.0018843686275261742,0.05078988046503677,0.05749786985351499
0.002087155019267831,0.049485899170084655,0.07510304592854654
0.0016088214909362243,0.04860940686181782,0.04915349484385945
0.00212925104979795,0.048629243201082195,0.05789285949508857
0.0021238591760951047,0.0500817631277703,0.012260291369880869
0.002365117509240179,0.04967052101756072,0.015440982444972905
0.0025031303223079513,0.05024345148611784,-0.0004086646193966727
0.002288454092349981,0.04999697881006554,0.016208445442304632
0.0025591263779274802,0.04900787643714022,0.06891433057541191
0.0020542186006194383,0.05125837560357617,-0.0496421802191504
0.0018875736377800204,0.051111640422115426,-0.06944627601263906
0.0017341121614251292,0.051464964655663324,-0.05574782663128068
0.001433546977218605,0.05119744243438757,-0.028808371491641234
0.002919096290990329,0.04927548708422133,0.0693204542665863
0.002270923865662167,0.04983032581285264,0.0037173710893714674
0.0028638207923310124,0.05005034879514823,0.021278989787499796
0.0023206881508912457,0.049515943719005535,0.026876955567194563
0.002619630090842084,0.04912459127205399,0.06759690657259766
0.001764514750751708,0.04731304782722053,0.11533466665810127
0.0022162897577730563,0.04786755247384856,0.1435016920916294
0.0021208617229630613,0.04953531235483802,0.03827933029716557
0.0024298723117538628,0.049598359334323036,0.04053813232325399
0.0028128388381996137,0.0489255644245149,0.07374075753397036
0.002858698947639573,0.04887253089233223,0.07471437876271533
0.00279236258474907,0.048778859269775536,0.06619473039804517
0.0025366211329970996,0.05034880459625225,0.004198097685314737
0.0030755682569271986,0.04994758474811312,0.035486018963243986
0.002353096606390006,0.04972917427312038,0.05850609546102457
0.0022586627529663666,0.04986727901312699,0.008386143593917796
0.002405994969752219,0.05039923862546984,-0.013403941239037973
0.002385732381017984,0.05041104239943477,-0.013827920101954331
0.0026425381345132233,0.05076191686834695,-0.009238025452966222
0.0019952323204694956,0.05003932532447653,-0.005633373334750633
0.002647910430351954,0.05077093470222047,-0.005452564913154505
0.0027137662859733017,0.05007809801078963,-0.02226940794772145
0.0022385330694493838,0.051231609294128164,-0.028469344302320905
0.0016260325338631947,0.05017062203027759,-0.02270760777318606
0.0016196148776078773,0.05010131464666888,-0.024864076325183865
0.0019172112617068708,0.05042478988105573,0.022618855459454794
0.002190764206949756,0.049410149863568203,0.0081312571649648
0.002279064803938652,0.049546257986754924,0.02348149535679345
0.0027388063103743697,0.05018720766960068,0.007326255701985682
0.002463359044088561,0.05024011432463626,-0.0034647947200684838
0.002520599395904926,0.05097533072119667,-0.03356655752961279
0.0025381046585469633,0.04975865903030429,0.0005835365878725315
0.002501757582529871,0.050501823257083675,0.03246232938063692
0.002660856441337184,0.05047893054246922,0.018921373279909604
0.0027760809880349622,0.050449857560675125,0.02314577200766837
0.002246631777509751,0.04957035141970793,0.009454495633664538
0.0022420519121637153,0.04948628390543991,0.010912612670193356
0.0021424486297592347,0.04958084754353254,0.03147654908028917
0.0026097854156028506,0.05014278081142293,0.006372846794804541
0.002592098599112739,0.04977267454420386,0.019164849463119606
0.002290790770733089,0.05049239571837181,-0.016146042604517498
0.0021326617178051162,0.051250351524723445,-0.007676872208007739
0.0020567917574347864,0.05024910267662148,-0.0456115054512341
0.002408233980222617,0.05016307299694878,-0.031201219512391347
0.002358855023870332,0.050455970988312816,0.006193154825280969
0.002119110957320773,0.050205122540769136,0.03359199950210868
0.001932599176824912,0.049755830269530996,0.015193843537168359
0.002457530503578475,0.05069565172179058,-0.0366071078219565
0.0021142293347075664,0.050452626764682866,-0.001529397167687358
0.0022513997097574527,0.049500877869989926,0.010218171823819292
0.002795732372618891,0.0508531893378591,-0.011432487044159658
0.0029636870261530142,0.05041606469731543,0.007900597725682296
0.0026878515625314097,0.049812013465794,0.0325232457167228
0.002209296472382786,0.05030759366949689,0.020225828714076483
0.0021178585025714938,0.049918725056882086,-0.015224153707079892
0.0025621060919958933,0.0499660934282827,-0.00722686735810611
0.0021095775900183433,0.05073988459309974,-0.019872471066694382
0.0025608984210621745,0.05040760459707824,-0.016798985774843452
0.0024452345103150503,0.05037283039339892,-0.01524810114103833
0.002629107372355628,0.05022703849545593,0.00020945707715518225
0.002449064215554171,0.0508142128057148,0.012298639779070001
0.002898287138098654,0.05002454614449892,-0.0226655457130891
0.002256647414480539,0.051305102416930176,-0.016516733790882147
0.00209271190181356,0.05026629929130842,-0.039198314883196125
0.002256753153506862,0.05079765728319664,-0.010585298572013875
0.0023578436206284667,0.04980704921971066,-0.018422419810031336
0.0021744156838172813,0.050541534933248734,0.020806126533691738
0.0020196414612369687,0.0496431756215944,-0.026007236951512008
0.002559921021634968,0.04905902784421289,0.07013391314663935
0.0025277640329915466,0.04913709449099705,0.07116790151513397
0.0017925550158348507,0.04927648425354941,0.05457319354505753
0.0025927818589614043,0.05025819046982308,-0.012294489521050042
0.002527903773757755,0.05045540208666506,-0.0016152739580636499
0.0023241907618668217,0.05001530494219466,-0.004201941587386696
0.0024307745935424037,0.04961895627937646,0.007823756388009395
0.002089507966118501,0.05000745327895397,0.0533876015405602
0.001945905104014004,0.05002924919525816,0.04532285684835982
0.0020275431150400024,0.04978525477114362,0.020889199646725358
0.0017894433367459464,0.049983338162153966,0.001841817701076375
0.0017894433367459464,0.049983338162153966,0.001841817701076375
0.0011582897273061238,0.0505886751266589,-0.03963438101551299
0.0020176943155991198,0.05097196096123018,-0.055880058459577206
0.002058946684426122,0.05178642796170418,-0.05857157087464983
0.002126505623446077,0.04828598618972458,0.09939204850541558
0.0016947378948313787,0.04962998039018796,0.06078755344019741
0.0023439989651030933,0.04966069205902903,0.024086564611033687
0.002128916561268593,0.05033116842134868,1.241802130152256e-05
0.0022688576142593946,0.04930047096350313,-0.004193943568651494
0.0015947170689587626,0.050695099782461825,0.026575353291174615
0.0020687728533246865,0.05007842976326286,-0.00017039492789009533
0.0024812668122242234,0.049986597515204595,0.019957938312178614
0.0024245624493431273,0.05022438914173113,0.02546260361623135
0.0021874830588534252,0.05099894292675805,-0.015018512086643558
0.002461465790517423,0.05032878052577346,0.029460956095740905
0.0025644813645840274,0.0501514158239277,0.005167048989784473
0.0023773221588402073,0.04993135491850546,0.006512269290619046
0.002298476048101284,0.049935540979833444,0.0066774703768624245
0.002130371546318819,0.05071115538058834,-0.017671605595471613
0.002484844896530437,0.05053710820392652,0.005541933033404518
0.002363243327983076,0.05086280759450157,-0.013950712292300058
0.0024488750768849733,0.049032283409466096,0.036984925463119614
0.0016212996064043851,0.04933408626676843,0.04427672827980387
0.0028772369090312817,0.049056418082637325,0.07678056126442244
0.0019289794078376414,0.0508954662980885,-0.036166558287689526
0.0019762842819862456,0.04978713392784555,0.01754361073990446
0.0026814030210124493,0.05094743147255954,-0.037507276914979716
0.0018229567435556469,0.05017373164592299,0.006732371857987742
0.002716769931177669,0.05061324789828297,-0.015101845175135808
0.0022381611112065308,0.05048843419206587,-0.026009416095804632
0.0022979481494244686,0.050751368714050296,-0.018573346368974997
0.002261349828333792,0.04970837768182373,0.04041692889217039
0.0025395956086750257,0.05019872346006045,0.06804776072014528
0.0023211833279257825,0.04964824831046904,0.022882346335993196
0.0018836589008186175,0.049912730034194726,0.02000107901576346
0.0014334018334272633,0.050093135557696435,-0.006645504795470335
0.0014369315681540375,0.050025824249968126,0.006355466761379069
0.0014074980292836721,0.05007339199257784,0.004489260689220902
0.0023962278876520733,0.048846486824761864,0.04484091703727354
0.0023995415239576783,0.048742585201303326,0.054892309904317114
0.0021164574118434226,0.050626119383833004,-0.041855414497342425
0.002037064157580967,0.05037189878773289,-0.036488796883002265
0.002166475587092775,0.05017817573574463,0.027427381615736324
0.0025008358981069307,0.04985021005064999,0.04008356857598059
0.0023132960986221034,0.04943598354622554,0.052672503825580606
0.0013102768779634563,0.049843147533899304,-0.006274565511569313
0.001907876286969979,0.049145004516086895,0.07571522007423923
0.0014659620597660206,0.04953330434078665,0.005376247592853707
0.0018308982090280098,0.0497896581144151,0.0164713174491811
0.002181175200755672,0.04993893071074518,0.028157520596064772
0.0025998058135203355,0.049582282109278085,0.03713941487592818
0.0023144161684872703,0.04968824625653786,0.04746528981137767
0.002543963315056396,0.04938378868757995,0.035558391263012426
0.0024036430417747165,0.04969018036712833,0.017776850153329585
0.0024387083166902846,0.05082774241748068,-0.010740580741356434
0.0025614092982800276,0.05035577077242895,-0.016950546063946907
0.0026726271184109554,0.05014880094003011,0.007892146560096314
0.0019886213453050475,0.04922923192435673,0.04379176825038087
0.0019718155220457586,0.049083608793676965,0.0333264932493353
0.0029609494499614314,0.05031578797719766,0.0004509675159327185
0.0017859046104115389,0.050519274361250706,-0.021766910716358296
0.0018879479658934772,0.04966399489786414,0.02795005295948355
0.0023596009853340235,0.04978441117630813,0.006775271988894704
0.0022731225215801855,0.050782351553011085,-0.014247665127135111
0.0023268180592927903,0.050364496225959315,-0.0015362003656274046
0.0015089191518007777,0.04923311902850198,0.052168988634626844
0.003069744224369424,0.05014947683296511,0.03447232173897827
0.003069744224369424,0.05014947683296511,0.03447232173897827
0.002590017213927802,0.04932349436191662,0.03307149260937975
0.0021463466256003727,0.04869873294360626,0.0956208665505201
0.0022692085506639294,0.0507576876941364,-0.03757292708230704
0.0023808481911389606,0.04960119458527622,0.05006334566159234
0.002578048268875015,0.04928864906598191,0.030074644263968386
0.0026133863849133023,0.0501520129841806,0.04384343484367443
0.002790539825721119,0.04944130517227398,0.037926856213867474
0.0023940016508801126,0.04980902904900526,0.024137199727564836
0.002667259103841647,0.049948766443037744,0.005933462722327937
0.002081292128987474,0.049868458805763835,0.03336067082142859
0.002022901509760688,0.04925988068584456,0.03534019801758264
0.002601058694401669,0.050073468542188464,-0.025142796834384827
0.002615413020583134,0.04991274021387742,0.032506992756236704
0.0026495920697439377,0.049664283334490175,0.04612944252546064
0.00225838917857362,0.04863715883105798,0.06594471871004941
0.0023400454398456822,0.05147886313204732,-0.06341889734440376
0.0025016627453822078,0.04972114670694255,0.01685984126768337
0.0023932275754325453,0.05000218122387771,0.05425803353084092
0.002840986231887652,0.04906465330538035,0.029894127531062874
0.0016087583361800507,0.049880524340842856,0.004728417398206247
0.0021495940308759796,0.05029610078058551,0.012747237327834468
0.0023865573427947814,0.050528224923005176,0.0019187824949942617
0.00242088640706191,0.05093867740482503,-0.0019471354719471548
0.002454684346399558,0.05046483705188176,-0.024831220174170377
0.0025331169172975263,0.05034504448654707,0.01317851040201708
0.002391048928306482,0.0507634806381029,-0.01977844185603995
0.0022831580716098218,0.0500062361188727,-0.017169365761158687
0.002376243505190829,0.05074997011695432,-0.009056849972926906
0.0018544993743572703,0.04965620072598277,0.021608770375790187
0.0022475481675363223,0.04983319885232809,0.02183359348185288
0.00208274811380098,0.04959248628046254,0.009203234293022102
0.002369377141759594,0.050018897658729015,-0.0030121079548399965
0.002117992129172928,0.05124077253593901,-0.04080574270407201
0.0024695466102418614,0.0499192802715873,0.020228337598820843
0.002606914280841846,0.04987613609681553,0.018405418881620488
0.0027457684242351,0.04989990516765932,0.04346253111819612
0.0020162080780133586,0.050672181582449766,-0.004037453380616102
0.0014378250530173442,0.04974158642448301,0.023448848872354783
0.0015872258547968256,0.04977887030208841,0.03111047468348855
0.001882943510958843,0.049229566616644516,0.03689418980397783
0.0025874590529133866,0.05034734876749028,-0.019447619266352894
0.0020125919671652418,0.04921244602991227,0.03511129950227847
0.0023102927048967627,0.0505979955000858,-0.009955851636570093
0.0025103883999311313,0.05041106309388456,0.014827793896352075
0.0024535591386197525,0.04954462206360698,0.0025375162344273097
0.002533750095420959,0.049478086388813285,0.012012319294722948
0.0026615107428542687,0.04979888853457665,0.041788765839429094
0.0016022575019926347,0.049258055077457834,0.025879285713755258
0.0015569383657396867,0.04891806781866031,-0.008439236088308709
0.0018892897070293634,0.04935606546402231,0.03675768340755129
0.0023828431589335707,0.04827013469459194,0.08805940815706095
0.00249838002497629,0.04869853844426722,0.07906787937272725
0.0022960754889739723,0.050690361173330305,0.013579058198966723
0.0017660426538784726,0.05028366669035261,0.023064734238118206
0.0018068171894981607,0.05049258335529731,0.014066764715193398
0.0020778952233181827,0.050243539027304336,-0.025278648641157708
0.0023560719404810563,0.05047882053732554,-0.01652516993058594
0.0024276556191229672,0.04982322451009425,0.013817599457910014
0.002774764062046776,0.05071641812709372,0.013473144125797615
0.00277918286488223,0.05063086103634098,-0.0011017209145039691
0.0020598289780750867,0.049230403517437855,0.04592814217175614
0.002350768299799287,0.04972374609118251,0.04047382418649105
0.0018486776400991084,0.04934727405589276,0.03171138541144537
0.002202841170951359,0.048582083943204235,0.04376101008440028
0.0020415795668962807,0.04907484676593422,0.0743348694503711
0.0016718479623395659,0.048729783113139316,0.036820635724928705
0.002536047532056974,0.049352405869185816,0.02586001125184367
0.002534147905965022,0.049699051914817216,0.055480253699282084
0.0024476994888180444,0.04890567063709289,0.04453964637281985
0.0021120439059470115,0.04989665494348458,0.053790900809848684
0.0019893623838709946,0.04984911405574834,-0.009545449033651844
0.0018845356370942288,0.0495872679978359,0.0038494248322880295
0.0021878998693655575,0.050193425165886214,0.030958063228584756
0.0020371862133645056,0.05019380790053236,-0.014944010091896793
0.001919424488946838,0.05082450452423922,-0.022170517312455427
0.002289426096344821,0.04919256973913538,0.03417889334802762
0.0022686727974064393,0.04889222259431839,0.03169409534251434
0.0022686727974064393,0.04889222259431839,0.03169409534251434
0.0027217783618592923,0.049780928046094915,0.06375473617469204
0.0029475996192679078,0.049751592930907515,0.022403879805906694
0.0027921789948360384,0.04982914603077353,0.02171748048601563
0.0017971052472443244,0.04955203781537729,0.01762527561983931
0.002723928142512545,0.04931732555813816,0.04543193690616374
0.0019003175394889727,0.050189612738874886,-0.004583505059730274
0.0026897129213352836,0.05025261432834063,-0.0019679044931987903
0.0026562315001193246,0.05008536824958289,0.008310155160701528
0.0026542964234075894,0.04986562922352124,0.011811791006362517
0.0019303073089967121,0.05107965738261149,-0.04716519450291835
0.002103804304799955,0.05054299719802456,-0.03195998213609224
0.00220207704844587,0.050878048635643804,0.0042319869671173255
0.0021388336460276295,0.05028151816431592,-0.006139827140590236
0.002461932228576172,0.05024953413575017,-0.017626750828151554
0.001962443606328465,0.05033164870963377,0.024874927501530385
0.0021711117934988936,0.05055056039994543,0.02416159056907076
0.002279159922399146,0.05060722338457732,-0.028011589695124604
0.002376935759929876,0.05131007695360929,0.004500709833994384
0.001594642594116877,0.05047119344645849,-0.009886895029608003
0.0015501626822353469,0.050467628396476026,-0.00853871881238088
0.0024134689301407047,0.050701202691290276,-0.040126356656610296
0.0021118697672321773,0.048062023335800626,0.09209354874160577
0.0016834850624094376,0.04955203764238932,0.05526778113272534
0.0015622175961422517,0.04895180795984768,0.012487372171708512
0.0016773033045834938,0.050092376691097194,0.04770940612601564
0.0019314521622770106,0.04915600720866742,0.025332860401339995
0.002596840833205949,0.049940487861533156,0.007145513218149259
0.0023297110700359535,0.05078345264796775,-0.016751893042819075
0.0022459444110708637,0.050618260940892765,-0.050403698094591935
0.0025023776716002312,0.050426093476765715,-0.009252356224137143
0.0022388644413360325,0.048775875207664396,0.053849532066380185
0.0016365470153558782,0.04971760999735264,0.010308352272542416
0.0018987899420333317,0.04942008679168374,0.0810898011920036
0.0022279491508463505,0.048447416132345544,0.043324438142904195
0.0020306743875225623,0.04820356359313554,0.06514811765580505
0.001631914870872819,0.04940323916081428,0.06138072568965464
0.002437955768963195,0.04940785287920167,0.06202419502654592
0.0022740221170925792,0.048858590042627575,0.047469691624109654
0.0020266494146014874,0.05112490440597323,-0.03181993932253613
0.0020911206683176696,0.05061854518880293,-0.021263465337007598
0.0020911206683176696,0.05061854518880293,-0.021263465337007598
0.002161853567828363,0.050487901432646934,-0.020245113233250643
0.002200592784202128,0.04997653562743521,-0.004905185675217857
0.0020847652443080947,0.04977341013483263,0.023842676364544048
0.0017099643316782261,0.05101746747340679,-0.050321134764518605
0.002287953643761841,0.05064684245387657,0.006035811988958732
0.002144970237947218,0.05100858189413092,0.04020536694834643
0.0021323882265587204,0.050362470118643386,-0.001998351846847915
0.002308329806790203,0.0503259068081965,-0.001325910306238258
0.0023634101259208122,0.05057783744609305,-0.009980559965930084
0.002500507936721862,0.05036582943739228,0.02724225952593047
0.002182481371069496,0.049936144234354884,-0.022297328337873786
0.002333774537773178,0.05097283492500763,-0.05247824924514239
0.002298386275240608,0.05071851718526683,-0.07076600383382134
0.0019380329190581904,0.04997953111136905,0.05886482044254337
0.0015496238668588126,0.049568419823940994,-0.026487430505936715
0.0015154969961791221,0.050013005006835316,0.010712932503203074
0.002316642068355305,0.051205391268637115,-0.047442977515729665
0.002531974235894027,0.049864240628209086,0.03392750399320348
0.0023173049724262746,0.05042515707113832,-0.021443260428965917
0.002470623235968077,0.05047059685724776,-0.032274757061353763
0.0022274705592120825,0.049435490486993305,0.02286722256415554
0.0026624849844431543,0.04962277007375817,0.019142319365968958
0.0023852705780271497,0.05021392880603312,0.025118367410857604
0.0020555102722637306,0.050506707729842185,0.02622275802767421
0.0020919135628368287,0.050654682362066,-0.022468796879939846
0.0025828433211818563,0.0497488736463209,0.02907792230815891
0.002675684940014954,0.049866926350824764,0.022036925871297883
0.0022709618600563024,0.050620787380166773,-0.010438695245206598
0.002275121543674939,0.050259467169060275,-0.009129748498617838
0.002401218691904259,0.050050951848901716,-0.0037438811524006296
0.002664082693262934,0.0505974703843502,0.009803026807586001
0.002467374532719818,0.05052847577119313,-0.008971391925958574
0.0022367485657911034,0.05010115924676784,0.008551746419529797
0.0025838375533128433,0.04997949917715602,-0.0028927928448301615
0.002228658893324449,0.0500473604901559,0.0371896056673095
0.0022379305101670913,0.049680137535555655,0.038912752460585245
0.0023531783344559534,0.049374526890914774,0.018918771959619416
0.002210482906407036,0.04995494145715572,0.03640958827583468
0.0021278602371818823,0.04957838194570069,0.03672091230638164
0.0022086369487838084,0.04985274285922574,0.03464569665824633
0.0021575201497304373,0.049520948699598395,0.03620464796451318
0.0026316491237422684,0.04960336194205622,0.04353986952650973
0.0025464214672107264,0.04940020912136462,0.048726867565934036
0.0025353084461099728,0.049892183343125944,0.006209604611846968
0.002630760756406116,0.04996577317081227,0.032267989290907004
0.0024341747879064756,0.05036517125552794,0.021725132822611962
0.001969530108060373,0.04969090460049619,0.025445040386302114
0.0015409509402948148,0.050402946129962545,0.01945687708283081
0.0019528475616639549,0.0496304118839102,-0.005052154190225269
0.002267872214705361,0.0498801278472838,0.000456706012115768
0.0022583523055039125,0.04961103567189256,-0.003973193680988865
0.0018401542166027397,0.05041959524015645,0.018504909982296203
0.0022893182553366943,0.05017243508923485,-0.01785086391536415
0.001893039677472792,0.050846727251204385,-0.003951869735086744
0.0020309697902288915,0.050095696686897506,-0.03665394228248916
0.0023408046908953693,0.05049202867531258,-0.003345897401724634
0.0024578379548815367,0.05128375712171571,-0.020247052043966485
0.0023583339352728355,0.051173010432553484,-0.03883187128492525
0.0024328210633351686,0.05033455346293008,0.04568169339865432
0.002825239771076269,0.04964342082425867,0.00526347544017673
0.0026766542071494596,0.050899640324227,-0.00946673959593379
0.0028024079699689422,0.05071409256286351,-0.024787107024273836
0.0023264248016516887,0.0507015651075851,-0.00908844518098786
0.0023264248016516887,0.0507015651075851,-0.00908844518098786
0.002317734690391862,0.05113239610470868,-0.023766218672330447
0.0023853652623302244,0.05059696882455824,-0.017936811959714603
0.0022215724349631282,0.049798168895531646,0.019720829550981547
0.002138478373295493,0.05033848925566883,0.03315455352908329
0.0019666696313004476,0.0502060306329778,0.015284065967779908
0.002280091396876356,0.04936780168720319,0.041079878895950404
0.0020382285037038343,0.050093175249827114,0.006540804154308229
0.002345790691465504,0.051422907013813704,-0.04481381995892873
0.002338374866454644,0.05157931885997115,-0.04629113890661725
0.0026672643984515043,0.050190526973607,0.020485563472594337
0.0025809928844266485,0.04974954122886942,0.006375203855384279
0.0023211293383628537,0.050470838043251184,0.011457898834400928
0.0025893870245643543,0.04970305352856015,0.010051482597416506
0.002611771398172681,0.050544304264810144,0.009787234488858241
0.0026612336132248184,0.05042143580216929,0.018349223973112217
0.00211361045901968,0.05000130445037188,0.03838455244227818
0.002223878587492524,0.0504803096469101,-0.03650091776067822
0.002315457297889853,0.04944345576104995,0.05063124634393837
0.002505443476671075,0.05051310324535237,0.00032527525881313827
0.0019743697063086363,0.05083039185203484,-0.022475048409993714
0.001966300552697582,0.05096274383020852,-0.013855799802541783
0.0018644796049548927,0.050765565989698176,-0.05123034669082115
0.0029677536477063903,0.05028618099987416,0.006838060792277745
0.002082039561122905,0.049742147992190955,0.011385886778887683
0.002183779386887792,0.050591890509845076,-0.011553470782738925
0.0028680176072985414,0.05030858800821999,0.03360040501620254
0.0022854346571003093,0.04988830110414598,0.005617825319931085
0.001956388220926253,0.04957841612304256,0.02196422566308315
0.002942377417112856,0.0503944262977791,-0.009400085929485867
0.0016657835556334651,0.05017276144552222,-0.003919966102143352
0.002473788187994906,0.050246972951163406,-0.026566730106346408
0.0023634182651250755,0.05109970512513043,-0.0029516115871681173
0.0024370431248851494,0.050882292560923595,-0.03761989060608199
0.0026395552948770447,0.05085893059989384,-0.04499048374673452
0.0020606983682379108,0.04922257905565768,0.06445720709508006
0.0018406875203227663,0.0499258847572278,0.01913649354965466
0.002610098958344968,0.050388327488798436,0.002153473959789736
0.0025822348803098798,0.05047546953762064,-0.008830663468316543
0.002586808224652553,0.050548227473147155,0.009395764140238147
0.002718507316317481,0.04916837719726307,0.03767860951519829
0.002718507316317481,0.04916837719726307,0.03767860951519829
0.002397040212003677,0.050100015777124356,0.021762862612647853
0.0022607961673429553,0.050320991566986384,0.027269322424338726
0.002012009766475656,0.04881460013196735,0.04210232062378123
0.002630752528603093,0.05091558188965444,-0.05432091180118092
0.0028262501327152205,0.05093531047966556,-0.030993170146170517
0.001895336659414134,0.049067585298818085,0.043142442224416044
0.00182233330415538,0.04894086113638367,0.03306759967181624
0.002317029115198911,0.050029051226623905,0.021151671988594085
0.0023277959265528047,0.05057863752749413,-0.006848376869350024
0.0025153338112146213,0.049400741126952336,0.03317791716530071
0.002431057220787193,0.04996266779604113,0.025082523470667258
0.0021168314326073918,0.04979432129054469,0.016587694204466562
0.0024351769673710733,0.05001503908643784,-0.0022022676682636384
0.0020077713968137297,0.050046928935792205,0.009045002891247397
0.0020253030879379824,0.05000688075707835,0.037634142557685185
0.001978679536268272,0.04969108864470173,0.06640074905209042
0.0018157567071183552,0.04929462520221381,0.04194542183080954
0.0025590733192811777,0.04998420427119918,-0.0023812110894515996
0.002488659186764575,0.04914844846847199,0.06442514136369917
0.0025046421966930035,0.04887716940235446,0.07113332397503534
0.0016433888969713023,0.05076158198625114,-0.03706167546062287
0.0016905941563525864,0.051184684103429294,-0.02191463380703635
0.0028640423236346185,0.05045723167981512,0.009157171622091434
0.002336576374112757,0.04974312087056069,0.017539696349785177
0.002368419824208533,0.04957944182569392,0.02592224025967335
0.002044572199103185,0.05054380371216131,-0.004520256894256516
0.0022580520687276733,0.0508018262672305,-0.008998875704947094
0.0019293998996323485,0.05013886535035276,0.014009919505078332
0.0026205944390454462,0.05057391650849944,-0.021050074352078636
0.0025806743820716645,0.05079497151292123,-0.025764719211551535
0.0024674674090115895,0.051108281728249945,-0.0280906407717069
0.0025315201592294155,0.0503068733183508,-0.016341206119736384
0.001665735690815178,0.04861239467996984,0.06332664064194272
0.002444128704089651,0.048833453121457024,0.0848007244116026
0.0024022320898306076,0.04902033496944612,0.07144429290309282
0.0012993734792426438,0.050007635971571554,0.05807244009905453
0.0018451316061159676,0.050098833505284567,-0.0381944365287801
0.0017773272118781962,0.050671779045263654,-0.016944730040866794
0.0026257677540443853,0.049903505243003486,0.007741891275260542
0.0017757725816333362,0.05006852358277,-0.006268474730695763
0.002005162762968338,0.04979163829926605,0.015571443807365533
0.002242979929762896,0.04970928267805758,0.006941525850743603
0.002080865159318071,0.049750252278928216,0.0015529177672562284
0.0020312530566150436,0.0493224941822725,0.009726331927890245
0.0018777031734474796,0.04982434586310169,0.037494932348277596
0.001865507695152613,0.04863306358887538,0.06016401320255454
0.0019792501126121563,0.04999049725424776,0.028812112028814566
0.0024824134133348496,0.05057517403967817,0.004839118510727445
0.0023358862621598183,0.04927405063914617,0.045760410060684695
0.002139598050735832,0.0494970161902208,0.05077772456300443
0.0025189228945586496,0.049398805673142206,0.034864593487636035
0.0027020509508414625,0.04948720187365747,0.05591888561921483
0.0025511660924573925,0.049464643676655255,0.02240547373178638
0.0024942649398694595,0.05000865584639986,0.03307950504150783
0.00278959232969931,0.049364413749987734,0.026378401749319453
0.0017182600756742248,0.050054731174210304,0.0315279797296369
0.001305188518070729,0.049129019381319146,0.045335812962200746
0.0023011029095326395,0.04791890349257521,0.10441239479327458
0.002102492864512254,0.04860794501887659,0.1195796542263632
0.002094945762072583,0.04914310422069687,0.06912055104662009
0.0021112912085511026,0.0483763829584329,0.027387560315342483
0.00177440200730987,0.051248169528305666,-0.015055334193745388
0.0017128921126720934,0.0516055338153989,-0.026162137295701427
0.0019897824025122976,0.0501435127669112,-0.04702087784806444
0.0020175286986192256,0.05021550460726527,-0.032319343577412195
0.0019070691013308588,0.051125971648804884,0.006975916029752393
0.0020508441832949964,0.05066203221204584,-0.07266666083485437
0.002229465916345461,0.051196266933908344,-0.04173353182374685
0.0022045718768908635,0.0514843112912515,-0.03639100359126244
0.0020806685417475404,0.05062532828588098,-0.013311240589841815
0.0016496924580670942,0.05005319471153007,-0.0020005150226775105
0.0016778918814397473,0.05026647379862521,0.002372184644402132
0.001589297487230648,0.04996065381878687,0.004387714908931709
0.0024407254287985044,0.049791403398125364,0.024512432648303308
0.002381474543736987,0.049482043407079644,0.0320943295438126
0.0017959905873878663,0.048767835589466214,0.06674559642363974
0.002158933791352123,0.04972728115599581,0.02590104616091592
0.002059621726028109,0.0499007812867486,0.013587623614342766
0.0022588229143676065,0.05052566796678244,0.03709301325448212
0.0025656911116487624,0.050505540661086194,0.04430075308483566
0.0023613711730963286,0.04959115383562205,0.014179588004051644
0.002020630998652397,0.05071986464868928,-0.042354582401444234
0.0017857898696717288,0.05063092875124111,-0.0191073776639889
0.0023381634073797552,0.04948221345566531,0.03530079182551253
0.0022105208154525454,0.048718295618603163,0.09508439303885564
0.0019471823248195476,0.04890753412325938,0.057180107826157844
0.0027281162376400795,0.04973053225285604,0.0308731562864623
0.0022659567040397505,0.05096316363609906,-0.017679155705615943
0.0022496841762785287,0.050744969975441076,-0.014957061176078059
0.0023047996924071266,0.05114871857446158,-0.01252316710507161
0.0022753107533972556,0.050336229940525105,-0.0373841526402069
0.0022753107533972556,0.050336229940525105,-0.0373841526402069
0.002399183649890861,0.05070683433806664,0.035809353491579723
0.0021921820548671247,0.05050698668972458,0.03390086156065971
0.0022656680132598,0.05031147650425664,0.026512119107844585
0.002202855041707702,0.05055168214099077,0.0020858091651122113
0.0021676240391942767,0.0493968514611942,0.006209832934643095
0.0023643454387029987,0.05057854414556401,0.01069312882376965
0.0023374069507218474,0.05049448457118096,-0.010460106864843294
0.002441962330329171,0.04982420026628008,0.011186490407308772
0.0024205169970636436,0.04949119711766127,0.03238636427854986
0.0022660811337610626,0.050768111840933564,-0.04493044165612324
0.002212809947639591,0.04958381366760102,0.04427865136022424
0.002492862817771087,0.05004119326645538,0.02020747690994568
0.002492862817771087,0.05004119326645538,0.02020747690994568
0.0023208766726510385,0.049844679471471955,0.004600976646280643
0.0024278059819029026,0.04964646844278176,0.03128302206194017
0.0023979776797145853,0.04949011358332783,0.025732494891670964
0.0017364671203657885,0.049347588588209514,0.03735644399989461
0.0014976420305515541,0.049496971931064344,0.020088455701379064
0.001902172373219369,0.049864331364869466,0.03624715333400373
0.002296769050018125,0.04968386038307953,0.05978435707924459
0.0021471636679638254,0.05033004566851067,-0.005016424887790315
0.002005243804669146,0.05085206884109464,-0.05005541978362627
0.0019401837277437416,0.05001158889759101,0.015085446768438876
0.002506312316753203,0.051291935265368495,-0.04122999919138392
0.0023060814949654256,0.0508848986232859,-0.04254800088826674
0.0026165377207913085,0.05067703298704143,-0.03191114340239942
0.002199189423243132,0.05115301736474755,-0.03643179635842216
0.0023649769841018395,0.050036680551290943,0.00916947765001989
0.002346243800669678,0.04850990067629693,0.08284607733382929
0.00219247231246509,0.04880539582418635,0.0807800918162824
0.002593787688911474,0.05047398682844504,-0.0265471826514072
0.0018662584407419408,0.050805257212613766,-0.03610906418437
0.0022898192374021563,0.0495221105043694,0.04300070265732056
0.0022898192374021563,0.0495221105043694,0.04300070265732056
0.0024037331604922505,0.04911234812515798,0.04735318109459463
0.0026500498882979394,0.04912896597124508,0.030503883393598615
0.002506961765909209,0.05003764780952545,0.031909936119675124
0.002500087224810353,0.050000252572320054,0.006312971947527102
0.002036005340736231,0.0499273987007527,0.022693797340094874
0.0025188474018152606,0.05056665030253434,-0.01947075196840183
0.002090677042068078,0.04890604534964767,0.053531278584225815
0.0024837527614861264,0.05010977115424845,-0.0003289577759886576
0.002653083805850913,0.05019876387863385,0.015129855635263418
0.0018558381880634644,0.04953571864763132,0.03270405581930173
0.002468049192059878,0.05042875737258025,-0.006018626701485946
0.0024311576800633483,0.05032278819289397,-0.010644113033109942
0.0027785119985395687,0.05028824926608527,0.003551118369700608
0.0024072108229862403,0.049991862199372024,0.0073428829843222515
0.0023086053359946982,0.04960231182760999,0.02712794084941933
0.0022900019350063027,0.049604623508998726,0.05148625053427021
0.0025698922628249496,0.04964327967973854,0.02822942339242006
0.002422297402318105,0.04972558405650024,0.020435468882136678
0.0024693243468837493,0.0496060146157909,0.05634881510159432
0.0017959115552396094,0.04907264855489975,0.03088193509839538
0.002278805368017161,0.05128727590356337,-0.022353301293928658
0.0021703277887051677,0.04936340880424221,0.06193353524576571
0.002134791245961056,0.04939069548542628,0.054709512980786634
0.002513960047822457,0.050435512124011074,0.009871970232629661
0.0023258755623181354,0.0506083906976296,0.026729021529416298
0.0019743905697317413,0.04922013087737985,0.009320241333818782
0.002092646700309076,0.049704251864629456,0.029048811201535876
0.002551028760389228,0.05066349224359686,-0.02057781508319542
0.0021629869522224363,0.05060828110317199,-0.010507865060324797
0.0022119849367074934,0.05033904827777044,-0.01809568909917627
0.003025091307140727,0.049973656574937665,0.03600432836640995
0.0017224010219784654,0.04752700568576752,0.08064507109297282
0.0024815555566773204,0.04936361155830048,0.01843475951943613
0.0027424596358442354,0.04961293376786039,0.007910248183664205
0.002593054360618562,0.050353389103153304,0.031038831973846267
0.0026056498646666996,0.05068869485550246,-0.013372633292475039
0.002046688290241986,0.0499766736768562,0.0235309271136687
0.0026394150871804907,0.05053222969762234,0.0021543047629005467
0.0026065790732478396,0.05038966512527125,-0.010631779966350912
0.0020518010288855717,0.0496389922800741,0.01533534731197349
0.001976113435433141,0.049069136728511695,0.04334815441852017
0.0021016348940889012,0.04979508599372974,0.015598050297849546
0.0022874458440737535,0.05042116895876583,-0.012229150193814053
0.0023932986850987666,0.05027797153111265,0.021767623344956757
0.0021343806108995696,0.05004136619288354,0.05824256112609804
0.002414506802759767,0.0483821404707675,0.02759605159721594
0.0024179359563770765,0.048189207806576984,0.07920562896852243
0.0017366093339976788,0.04731010879692448,0.09566610390295686
0.0016416515229433768,0.04806749710518182,0.08685858005310457
0.0025524875659472535,0.048830494059594366,0.09104183109296063
0.0026076739540320274,0.04866644652894592,0.08668029797421185
0.0016742136407184897,0.04883635879654027,0.0693225377777319
0.002523864408001692,0.0503688670281008,-0.010603878716776514
0.0023716710190597686,0.05067110225479834,-0.0388266130440719
0.002584023943282737,0.04975088356586607,0.027405516391153836
0.0020964091476358094,0.049815361850163824,0.04615459837648246
0.002912293592498677,0.04969029415980655,0.02810008983701988
0.0028015584387290717,0.049970487079048456,0.03066479654833159
0.002023406241230255,0.04895929793539573,0.056320180350544854
0.0019311888582874601,0.04926858267539051,0.025319563627417316
0.0020760929221800774,0.04991117972791903,0.028570310887277083
0.002136842259541292,0.05085010065446551,-0.053181097909588575
0.0016013511110146107,0.05140624791355306,-0.0002958941894213369
0.00267901271382066,0.049143055192235885,0.027242759456859705
0.002384269273160784,0.049363117357941584,0.053401263883994084
0.002841458879122096,0.04955001705651922,0.03674448641338676
0.0030678125118924512,0.04952989156638253,0.03821624887368019
0.0025804602737120696,0.04955910524540684,0.03400059953062682
0.0025976612156636265,0.04962561721676146,0.05857488450787749
0.0025976612156636265,0.04962561721676146,0.05857488450787749
0.0018575634633141737,0.049909981982068995,-0.0014883252941465385
0.002084543791065932,0.04865051840438932,0.07336934938759054
0.0019328391972794905,0.0504748757049467,-0.009166457190094675
0.002163261848036541,0.051302867781875615,-0.05779820363814307
0.0026863768584114416,0.04991472296402874,0.032122803646233766
0.0022231151999912552,0.049142168358156414,0.03942687096062805
0.0023053095340521664,0.04952279949021167,0.047072205749511264
0.0022274742583579966,0.05065531561371945,-0.01377889356933284
0.0027769992880817356,0.050470090989026724,-0.0348351121073155
0.0021731009761259295,0.0511916057284841,-0.03612383897332914
0.002159851033791624,0.05135442485612021,-0.0464823584906615
0.0021285762713976145,0.051293357138360224,-0.051035732340073435
0.0021434422625140385,0.04899329446381713,0.08723758222240631
0.002486568926336432,0.04988157187772291,0.015632475790268878
0.0027993159240651743,0.04964554674996668,0.04247469551522274
0.0024621578815696675,0.050292853979696836,-0.006214747863751684
0.0023319904434987216,0.05050312162863971,0.020743761605087455
0.002672838886974866,0.050441434217386165,0.009818686668323398
0.0019347773629614395,0.050267345110198626,-0.03703164823041674
0.0021562336412316273,0.04981557983027674,0.035147373078055995
0.0021525577124360644,0.049846194481628046,0.028643519788682688
0.0018721993720671047,0.048776905783625084,0.06299390686404063
0.0024956488415838664,0.051525320670469936,-0.08732822152969287
0.0022486793443950537,0.051259546241103564,-0.0685365182488963
0.0023334064877537928,0.051473683994384026,-0.059654758551671405
0.001983280313615017,0.05110750541708312,0.008542664639787296
0.00215035060334446,0.04992779611294207,0.012874009424382375
0.002214087882900662,0.05060656129300499,-0.007184900768696124
0.0024559023914999282,0.05028974592491572,0.006778973388101635
0.0022249770030449228,0.04959543346645941,0.022284401004443077
0.002121239091446456,0.05027292875328075,-0.010073876184156666
0.0021361167397128088,0.04996506535650243,0.007846009584381664
0.00227218528257811,0.04927666088811974,0.0503239082724604
0.0025252152187089554,0.04894360783547485,0.03893075335629949
0.002174230636802618,0.05059710036808256,-0.042459478223567444
0.0028275160840344586,0.05056424690262781,-0.016996720360375004
0.0015507164684684892,0.050755379872313315,-0.009291304718639322
0.001576456711205876,0.050680455588336414,-0.01039672122873297
0.001459849692521146,0.04926623668392046,0.050427921399707094
0.001641786460142287,0.04939391164524788,0.04722843226399392
0.002321088387956416,0.04941946208964155,0.035921840440619836
0.0016184934586076177,0.048749849277707764,0.03152418252801043
0.001690695499148626,0.050538142052886,0.02252476667840964
0.002459235840956194,0.05085230668711927,-0.0483891691493587
0.0023017516333383617,0.05074929344406699,-0.020721618794813153
0.0019418661847160343,0.05036337155562301,-0.020805094246183826
0.002081877468581215,0.04962223400273444,0.040107096916823855
0.002573269613436956,0.04940458888546561,0.0553173109556274
0.0022033668831575037,0.04866397043650545,0.05654976321700312
0.001497691234214914,0.05057396695473129,0.013410306109644776
0.0017023689644413513,0.05010537205238621,0.02108237592188917
0.0019209964575166018,0.04899485615543248,0.04644459644741621
0.002183418476894651,0.04942405611529334,0.04041332295620397
0.0020515961751555825,0.04954160811085202,0.02986088937334241
0.0023901414668194964,0.05061622152530145,0.012326344642434935
0.0022843378431900915,0.049751037617432714,-0.013233909917883818
0.00231810072232925,0.051593699759918975,-0.03670960894253491
0.0024415974339326092,0.05125596920733666,-0.037214420959034926
0.0021116677904181634,0.048565852503055444,0.06687406296712176
0.0025762399601243044,0.04942352610178794,0.028472590837735238
0.0024766166671587615,0.049665132922845766,0.061010758131720716
0.001922992902957668,0.049697359321348826,0.020145660408474316
0.0026135164946258856,0.050327389323651266,0.011340430663934406
0.0021926124762537366,0.050318500287256936,0.01812847033876522
0.002503023589521351,0.05051492978320282,0.01588585716275357
0.0021235658679925606,0.050078871934342725,0.03388589686194322
0.002416168830777206,0.050074732907016826,0.025985282167422363
0.002168357840792943,0.05081004665706988,-0.01312119866356495
0.002550739482061868,0.04941259926552351,0.08029678278124769
0.0029196282409471395,0.04938456005650822,0.047043188343684296
0.002935536159935235,0.04941797219473358,0.0634554831568511
0.002850710556775756,0.04976601129077282,0.06050554346506377
0.0026692188878819365,0.0494128393370302,0.04804937102456805
0.0017104619035740347,0.05009069761613967,-0.008389967866571311
0.0017008970102099878,0.050268818962640224,0.001020657560521822
0.002400100972275204,0.049860632790885644,0.013928689402093563
0.0021927421467159407,0.05042977407217372,-0.016080205613904698
0.002626281127922216,0.04882131217224488,0.05969666922766396
0.002159601499816681,0.04949588965839348,0.04695601114745645
0.002134804774051096,0.050589542003578555,-0.03102130070842155
0.001879301752692004,0.049742424008963886,0.008664459859509583
0.0021723537930853553,0.04983927651303569,0.009798652745510674
0.0023365381080994404,0.050560932877955524,-0.013942853834067995
0.002557912341367038,0.04957608685046677,0.026240531500637702
0.002208065586962269,0.04954763127028852,0.030283978977346433
0.0025713635038300403,0.050091425932885264,0.008562141672386532
0.0021390049955135712,0.04957290196274127,0.016991964797192397
0.002128482825498199,0.04965343172003704,0.01004119215900042
0.002550244907496565,0.049861284605047844,0.02713197842590972
0.0025671809924717372,0.05001868632803983,0.0010792298715396683
0.0014611652546098442,0.04841645760359157,0.08774545752364747
0.001444034916232964,0.04817898912092916,0.07621114997398032
0.002407785532069859,0.05083369418874682,-0.05433855555709232
0.0013410865065709846,0.05159121909686346,-0.039256357936410476
0.0024899609463379557,0.048595368516093106,0.08341919476100572
0.0024899609463379557,0.048595368516093106,0.08341919476100572
0.0019607436796724056,0.048789422835789534,0.07165407256276604
0.00242786791188117,0.04912444145591573,0.03870019838186308
0.0017382435233725352,0.04943478868575811,0.06062380333322371
0.002435278550951218,0.05002855930179929,-0.012609548533402707
0.002479573508648325,0.05066048497489754,0.02287780653202212
0.002546919144886281,0.049704551021476966,0.020511229932177206
0.0019404519395938627,0.04959893275991411,0.030831520259322332
0.0019588039557096363,0.04955796085318589,0.030314644610919147
0.0020503656176222513,0.05032109583323372,-0.002041164560064142
0.0026499735469052,0.05049676305529225,0.0018650914935740602
0.001784430403601051,0.05080985285450493,-0.00946182007274318
0.0018225102906021264,0.05081359261560773,-0.009562655539629978
0.001886249760577584,0.04972642094755432,0.0002920960277449291
0.002584623810205585,0.04969342742663315,0.06531668651889778
0.0027060173274459096,0.04972822180985502,0.03419790761436684
0.0022449758695438577,0.05062267266944268,-0.006318745139683082
0.0025155777554274374,0.04954867532936518,0.034474299751758794
0.00207010893896451,0.04950415599302949,0.029259643698903572
0.0017530325683510915,0.050877360177557784,-0.019831747555215228
0.002664490424449804,0.05087657904354322,-0.0019537868793721466
0.0018869083443090785,0.05078805335307436,-0.05567775322673545
0.001961817291247818,0.051162427959472616,-0.04979313115091557
0.0026633277765316468,0.04932861980556675,0.04758035654973977
0.0026633277765316468,0.04932861980556675,0.04758035654973977
0.002694707073227311,0.049761762783437836,0.03831575593991275
0.0019337425894896368,0.05054544264420576,-0.013384024946725687
0.00202951295597525,0.048787219946536425,0.0666654498592902
0.002205293341790314,0.05040894974034534,-0.01591621410168738
0.0021505954254448776,0.05013940907395802,-0.013765999984546855
0.0019334975243811313,0.05035077869689964,-0.005436882135517977
0.0017569528452434833,0.05001965394915445,-0.02304040510311068
0.0025435809097339853,0.049373998216193656,0.06768633774261758
0.0025604242893528324,0.04846941052168566,0.07245738327479781
0.0016371596754279673,0.04843139457330789,0.049778391844654254
0.001972109605544082,0.04873209982724494,0.07932803608296025
0.001972109605544082,0.04873209982724494,0.07932803608296025
0.00235477156650399,0.048263615058133966,0.0542225405347982
0.0020933111915266275,0.04940770607916219,0.05418756525137858
0.002370284813956268,0.05038036188248526,-0.030627419878830678
0.0017465429586844795,0.050954943095038736,0.012469123042767661
0.0018602341255781617,0.050264994541216454,0.004462670250843275
0.0015634084969325874,0.05136716901251281,-0.08013888118979919
0.0027640352795316233,0.048687276173865694,0.07789882967247781
0.001505190044087615,0.050775254101587765,-0.027667622936522054
0.002151833703913731,0.05003568812902898,0.007823141918189978
0.002080596339404829,0.050122071863894564,0.008353286174689363
0.0020987748921127377,0.05073878043874318,-0.050733833839924684
0.00212898764827932,0.05008988772559493,-0.004110740593382501
0.0022705524317441247,0.05018496838737026,0.032228925688186305
0.002315896833990163,0.05127679185224113,-0.033036940502581755
0.0024544697892936768,0.049882757284408094,0.003442060655656606
0.001730386090852743,0.0498787002507178,0.03666842262402844
0.0025960165919819774,0.050428786961125224,-0.02691440170693557
0.002288924947458235,0.05028027844982485,-0.00442970397681473
0.00241618109465771,0.04957372394848744,0.03410821293950988
0.002240633785359139,0.05033231194903292,-0.00578669160292829
0.0019021717880985058,0.04980671655697173,0.010027416969586258
0.0017646129748109514,0.050386769082973355,-0.010511679555134684
0.002668978937984451,0.049990346182549494,0.014323260203142008
0.0019607996465163973,0.050439954312013216,-0.029393700519376793
0.0022871544947909127,0.04978937055763205,0.034591751325631435
0.001839185427083789,0.049164334496549056,0.05026952048642768
0.002100331514796045,0.0493361892901372,0.03745689604483065
0.002142294282627279,0.050625503887382114,0.003294145741352946
0.001959522450111815,0.050589337004268216,-0.010025023884316035
0.0020100617408822102,0.04975418556618064,0.01526970471659919
0.0021038968838336977,0.049811108540282964,0.023122793751141808
0.0022858329003669305,0.04961568560564151,0.02720595945612332
0.002437155941315681,0.050979280504485844,0.0018981955892185482
0.0023461675150921926,0.04979869256020212,-0.011589287903262949
0.0023445916240959676,0.0498286709393716,0.0005294649965864854
0.0022555303097034156,0.04982519863799811,0.032078136240353695
0.0027962002182890557,0.05021932584308176,0.03536653830935606
0.002389579012704682,0.04966717769724957,0.0261004556039591
0.002255386066870883,0.04917182586165355,0.02380367055467854
0.002575661581986865,0.04944423832677928,0.06872094037530115
0.0028457529896375976,0.0492153497139359,0.04372544162302423
0.002157080528696672,0.04948894713633061,0.03949989664505318
0.00233344064125779,0.049715157078593794,0.03987696572017525
0.0025317193855032088,0.05008397400503939,0.0013599331190674475
0.0022801028686872124,0.050285128706543385,0.014703348351432471
0.0024539785887064684,0.050243440234966304,-0.004883911856878086
0.0024452925510020074,0.05040656375650367,-0.00907222975894439
0.0021017797285293365,0.05049229940417721,-0.005130114888686932
0.002078672650283601,0.05005912790108005,-0.0159733388074317
0.002383244997744224,0.05029620481954646,0.022708185619335526
0.002447896338094421,0.049850274053970745,0.024052681813720257
0.0022550417588033185,0.050000005258746504,0.019918068446504376
0.0023645363564359454,0.049773117362290994,0.006582071836558558
0.002485038114421303,0.04967950570076742,0.01605705139562817
0.0017014664753211533,0.04927347736313458,0.059657133043905804
0.0021731267287722943,0.049422117605439665,0.063407705471491
0.002313859447805126,0.04947411187747377,0.03312348642833523
0.002520489177881669,0.04916668444050658,0.06223839737531664
0.002092821632549445,0.05032823862897839,-0.003178050422893236
0.0023652841444222836,0.05032211543961976,-0.008556189358832414
0.0024815766997616693,0.04969399621693082,0.02953203220302227
0.0021631247733007466,0.04934793437730972,0.03572327466880021
0.002181588173927347,0.04925876663709107,0.0304673811173367
0.002381108088518964,0.049494950956743416,0.05920487203076335
0.0024730350367445247,0.049781522559548576,0.009355638215298655
0.0028257169623226042,0.050292481775754204,0.00943592438198766
0.0023870811419232385,0.050247176431141155,0.014775843855859215
0.0022638014633872003,0.05061811403662762,-0.010755748335006962
0.0022015028329758473,0.0493678461336546,0.04597633877773016
0.002001399669601341,0.04906779823245164,0.058749118626764796
0.0018624316926320957,0.04885150319890461,0.06131455290261525
0.0020018622247111686,0.048527649878475625,0.03910414731507877
0.0020459661475062986,0.05042176296976177,0.01767094690336217
0.002366188489291612,0.05042055876234304,-0.00958379081776056
0.0023318037279029644,0.04951908384527956,0.023014213997760928
0.0019618399015306227,0.0509685478606825,0.007447265766057184
0.0020164669317808094,0.05034222400771588,-0.0024124137726158324
0.0022129602190550084,0.04974465445278659,0.019773251867816696
0.0023110542493180643,0.050062267731320005,0.0470797246816431
0.0018621012137489787,0.05011164396567612,0.005840207428675296
0.0024380713531067413,0.0505992403863669,0.0071369696558469245
0.0016637755429570005,0.049006844561890237,0.043683552367522326
0.0017473981072900107,0.050485193880458336,0.017462842696325604
0.0025937725359919837,0.04932765165168473,0.02785438423680612
0.002188507060952608,0.05031728934457543,-0.006694164307255516
0.002128299406541375,0.04988075422917293,-0.007289140470992467
0.0021850886701092237,0.050639180573336696,-0.040022909205971936
0.0025038021608660907,0.04948831568928038,0.035192410202505145
0.0025233257131279663,0.04946815786190128,0.045777496009577125
0.0022027350636294623,0.049751180043704775,0.026111064944633923
0.002393442261704005,0.049584647509139906,0.046387269924430936
0.0022024837570040322,0.050020835691827525,0.016831307380375422
0.002394937682455637,0.04949661927954197,0.011555635524755982
0.0023922599133349622,0.04965255173196094,0.04623117923296436
0.0024305298483924672,0.04959056503327357,0.03827228299877407
0.001980753903332246,0.049958312235521614,0.02127390210146639
0.001980753903332246,0.049958312235521614,0.02127390210146639
0.0019628178234295133,0.047815529549182174,0.10406336602377711
0.0015541344861940188,0.048856041474153455,0.086966147545557
0.0028041050535188663,0.05075276774291602,-0.0005882064385485397
0.0023246784609616098,0.050294541641821316,-0.015639529579225188
0.0023591394192693602,0.05008815256841572,0.03245900170432886
0.0025007408292473427,0.05006555794146361,-0.012351293542739417
0.001768598035018452,0.05004741537178484,-0.010976873729996048
0.002074390098499198,0.05007242546842898,0.006146895458031096
0.0021464673535719486,0.0491805179152214,0.04920162222794989
0.0019957355450547845,0.05071777771373768,0.013975643995225205
0.002119443626758802,0.04991716427142867,-0.02838303018626523
0.002344498528315794,0.050134703648993625,0.030668792482508797
0.002227476977155775,0.0504612757440844,0.0011166902534184104
0.0027277586825548224,0.05003279605303956,0.020749818399795505
0.0019900576580740175,0.050459459397087465,-0.019027675697596648
0.002856865550977857,0.05070314208808344,-0.01891056156449214
0.002420372713751871,0.04965130137825325,0.0422065689548157
0.0026535791885963344,0.04920782890081764,0.0504603322050669
0.002460439318786713,0.04929896613338706,0.061738913212983984
0.002341188917515433,0.04937747027700583,0.058218890090895835
0.0026400803583134748,0.04913066176039005,0.061328822802930234
0.0021374957190805864,0.0502478264685005,0.0012936276724076284
0.002141619842504986,0.0497151805162772,0.028450286743705217
0.002183135641636615,0.049524614810854885,0.010020496918255926
0.002342922839303798,0.05059543688922042,-0.04241444527585154
0.0022432121307770906,0.051144424735723254,-0.045853700599884105
0.002453633940327503,0.05165433290198895,-0.04818827972253749
0.002004893851537163,0.05131989890105886,-0.02632087168046027
0.002644116005264113,0.049796457895252,0.03930419019839481
0.002357758944396871,0.050180083616472686,0.017510819893443795
0.0024431659318088477,0.05046339313943498,0.027708481195513782
0.002650525379573009,0.04937037229907623,0.03412796404100615
0.0022782250500636043,0.0503578261923523,-0.02416876872886741
0.002337460840670821,0.05068796506823847,-0.012686354436917218
0.002199641914879786,0.05018011553800993,-0.021933719541918285
0.0021472874727239064,0.0498294399208515,0.03384708310587355
0.0024328467835047205,0.049058390998665574,0.028826652072030175
0.0022008592926148784,0.04995645687256176,-0.030645731492702555
0.002213077378508152,0.05046142777809866,-0.03623756220748102
0.00216959590779209,0.051324525883862666,-0.05033848852078991
0.0025756767930239623,0.05054310810815837,-0.0530458660823439
0.0024487373507374004,0.050838178096933875,0.00411202295225146
0.002408847724871853,0.05015778537076315,-0.038064395822705835
0.0024184383055423013,0.0505899192076862,-0.026719540053045193
0.00268694983304441,0.050804048383502984,-0.04477589685657385
0.0019464527580669386,0.04941837778212898,0.02491249885412223
0.0021090867269755974,0.05002873690132621,0.011486734950025475
0.0023808330781666985,0.0507137985701872,-0.017907631189668982
0.0018307879408446237,0.05041154543212088,-0.023825982306490148
0.0024209612347177484,0.04993468260858095,0.041272864226767916
0.0025140486083484004,0.0491634527124054,0.038571069157704044
0.0022611856001883003,0.04947709272260121,0.030217116684118386
0.0024681779123401143,0.0495547882187341,0.03701231228671039
0.002420567997751585,0.04936637731597969,0.042115237577598316
0.00228913760059536,0.050490275252743515,0.004636501292190647
0.0028300890896510904,0.04991622125877768,0.008061166415990632
0.0019543908213454607,0.050444902919619804,-0.008923096372265594
0.002081894270656176,0.05047953638005349,0.022398437375344055
0.0019875087781847656,0.05244500457748067,-0.08761888342638931
0.0027245736564548693,0.04915588662141511,0.059583970383644255
0.0018158898234139859,0.05008520390452313,-0.024321528130506292
0.0019194403893593051,0.04969260873972156,-0.009905283970678538
0.0018739067483703358,0.050276841467627335,0.009011757086317733
0.001755016772794661,0.05004866155346684,-0.014183526646269679
0.0017487483427133439,0.048785137385670606,0.068156452579241
0.0017732955273871266,0.04971369951676606,0.02624762032866085
0.0029668087395716266,0.050623887347884484,-0.029848892452780034
0.003148231702919226,0.05095071990174608,-0.024942060746109333
0.0024314659186307577,0.05068280655258146,-0.03023607167586603
0.002295012614191123,0.050339323966772306,-0.011868530132530346
0.0023635943046011526,0.05031022190729454,-0.019343308971696713
0.00244888800215313,0.04964631464701773,0.03488878659399395
0.002553298354519991,0.04995725410628928,0.008601990292846055
0.002198302085208575,0.05012919313578098,0.006087900690672969
0.0019741348359575504,0.05007857352565329,0.025673974422409342
0.0019470453080387424,0.04966894893924568,0.008950680219002085
0.0017786775666540086,0.04917976795433838,0.06575160189391706
0.002427796693245431,0.05061983046566433,-0.0428848985782704
0.0025932591192563007,0.051204116943100175,-0.0537956326345242
0.00258181132479301,0.05036352951124107,-0.012737273119234858
0.0024965858937202913,0.04947544091965307,0.03795428494656386
0.0017093504264368486,0.04944605331680238,-0.005236471423621067
0.0025781089339359732,0.0509550488303472,-0.04126437991769995
0.0023439071365230976,0.05099051221155984,-0.035582201568462965
0.002273610705349042,0.050503636963043344,-0.03302958882762412
0.002656593573264293,0.05027117809244002,0.01965242452289025
0.002631134442708349,0.04995002574739465,0.005802275161897572
0.002664397136854781,0.050331351067139235,0.00013693969676449596
0.0022265673647516894,0.05065675365830653,-0.02549836997005711
0.00247495424266261,0.04994441251176011,0.004716260158390786
0.0021903189122408602,0.04942152136652727,0.009629471040798414
0.002507592845349089,0.05063594242238406,-0.0006914063901680147
0.002530723717617611,0.050037584673846794,-0.022634841069661373
0.002480548242642877,0.04970844420796849,0.031589618515604045
0.0022857044798972976,0.04952075243206623,0.027599096364631738
0.0022181213650191195,0.049518630610110685,0.043195830385940666
0.0023896089384625265,0.05024265243242572,-0.007457856672769085
0.0023695310734863965,0.050000958827974125,-0.00786803516365992
0.002092011197244749,0.049768372407616016,0.05283095089481159
0.0018206318104328875,0.04842221296374378,0.054876012537908
0.0018961299326119914,0.048446097110966195,0.07699599139378883
0.0021358356750341267,0.04901481364987841,0.07209982127276901
0.0025515341872498426,0.05020060020298576,0.030038963939708344
0.0023647493832310872,0.04971563097023296,0.011722400082656757
0.002430636646051873,0.04966202707038514,-0.01497165310940139
0.002183440074557601,0.04966468093492036,0.0644231551246967
0.0021687338297972547,0.05156984373879608,-0.03480443254496311
0.0026342001639578067,0.04990684835065366,-0.021678568052433723
0.00250935936360504,0.050036809600533215,-0.012614667530285676
0.0027744358538697353,0.05022601813933585,0.030599465381009643
0.002530096252910787,0.04984370394490745,0.004189127247472611
0.0022975193967685807,0.04938516136254356,0.050606369986229936
0.002292061135837924,0.04940343842363536,0.04774027893829105
0.002690773015109863,0.04939542536134451,0.05787929107202286
0.002629320893424152,0.049462410151751034,0.054260626852083584
0.0023580713324625664,0.04999811634503974,0.026826146557908728
0.002994846949674084,0.04972073806438809,0.014204849333946267
0.002595642640490239,0.05029833941405109,0.021050512852223546
0.002462041900430946,0.04877388994074365,0.04874679171379614
0.0024357227282799927,0.049056504900787036,0.057370698168423974
0.0024357227282799927,0.049056504900787036,0.057370698168423974
0.0021523004575893533,0.04869810125138536,0.07186141111671815
0.002158153666732895,0.0497279219043128,0.027097687719028058
0.0024417898044543198,0.049895300527708644,0.017766946840382138
0.0026597861487304064,0.049776661244617174,0.008767594638622117
0.002002655424480308,0.050111641005298864,0.007977030260838463
0.0028053782687240745,0.04983976330121786,0.02206666742497675
0.002732310661929009,0.04975271839327017,0.046950752778016386
0.0023231656042992078,0.04995837746703664,-0.011527892317741886
0.0021810783064163185,0.050074804264429916,0.031146793960310327
0.0022791205736786137,0.05090843076727566,-0.014398835179221409
0.0022795792546012918,0.04962161763362245,0.04547763462156883
0.0019021174118285264,0.04917872501636023,0.05908457284527287
0.002325426639480499,0.04988960562093945,-0.00530253093506695
0.002582256057120808,0.04938730323818485,0.04535735933786436
0.0023698225647993355,0.04935906636465418,0.048418498236507214
0.002092372870948243,0.04997932951988979,0.006227842108570202
0.0022858421690117622,0.04962962623073342,0.04366714876799816
0.002302238089158479,0.05018364380272915,0.028998507597295834
0.0023158076902972144,0.05050074821450243,0.04345439496104964
0.0023275739423559744,0.05088647259425263,-0.048517852385748794
0.0025341344667974175,0.050572535040474015,-0.019796591472477452
0.0020809345340555585,0.05021624404162784,-0.009804420491921775
0.0024116282489843022,0.05091871767302553,-0.04992120264386393
0.0016859168015691526,0.04787946504992867,0.13194221185096186
0.002623926621611535,0.049021650302940555,0.07056744966232227
0.0016268569817422416,0.04983798283841236,0.0224073921818071
0.0021127474848418146,0.050366877611725445,-0.01447703872431012
0.002836617874908046,0.050881878479204924,-0.04610276264632435
0.0015741563586315658,0.04958940004908001,0.03824245918599911
0.001927893920527881,0.04922263262094761,0.04183116801008204
0.002615538521159557,0.04982189348819448,0.018876480577170722
0.0019154520459192758,0.049723411311332004,0.042871787299170266
0.002631856065973571,0.04850743396439257,0.06444386698410133
0.0019218815834374304,0.04791134762476186,0.1032449840911559
0.002297586037232417,0.049351084456184,0.06344016117826139
0.0027390428122863503,0.04973979124288613,0.012036087909915416
0.002261781603003544,0.05017998554241289,0.020114655910640173
0.0024946259851437416,0.04950741988836059,0.04040023326238948
0.0026523484871973997,0.0506323961125558,-0.020319935511719057
0.00300179994194942,0.05096175674382604,-0.005893364193272828
0.0026891891304036517,0.050177760325452105,-0.006250399332783339
0.0025853622716845,0.04958670021577746,0.049887175175643145
0.0018830504415918506,0.0504480103345628,0.005383279986612702
0.0018952765271371354,0.05008108024798823,-0.010564312850067162
0.0017437817572205176,0.049740929381103284,-0.024697202589196193
0.0018334863157195612,0.05075852125873191,-0.004517470847665653
0.001777615406779438,0.05079628477654573,-0.003158373883700008
0.0021370670211724664,0.0501952052278173,0.011391822034680567
0.002313919772590055,0.05051756979027667,0.00665201966333751
0.002413730675343642,0.049841695337446694,-0.0018541954823094759
0.0019727813261010323,0.048887198950730945,0.07582516078810696
0.0019049394142971407,0.04953621419192307,0.02100270997166076
0.0017230934386409885,0.04799058777816884,0.07905358261506398
0.0027063867414180874,0.05083432116284798,-0.05098189660985518
0.00220112773386419,0.04949908101489685,0.006223931590381431
0.002311198375297144,0.050205361391937146,0.016507837646210798
0.0024641335121497457,0.049438782274128436,0.023439263296006915
0.002449430756372131,0.04947133386137202,0.05020099122326544
0.0023458450534476,0.05040058768461509,-0.0016178441101752027
0.0017782129069291905,0.04986413274561367,0.03197099031705239
0.0027346924687177143,0.05000757427261995,-0.01150670563768918
0.0022902164918753064,0.051158888342903566,-0.035464497856516584
0.0023099250741637906,0.04916630960443923,0.04392337366040615
0.0016458938623602024,0.04947043123407387,0.05797985371051179
0.0025276764302598525,0.04894729748870201,0.08359251399888114
0.002396635598620504,0.04822723963812708,0.06840942830124563
0.0020855450126738033,0.050259510325253214,-0.049705113787075275
0.001993814524963533,0.051318997251870356,-0.030811826983073096
0.0020893988371985584,0.049732174850117696,0.03557831411617955
0.0020842061758756755,0.05062742199451005,-0.03257377719567954
0.002104631824082068,0.050235287740989946,-0.02284531660317155
0.002676096799443895,0.05016556362046097,-0.006463011293365203
0.0019686072359958663,0.04987040634813735,0.035622340495857656
0.0021630953039666516,0.0502840262946713,-0.010907783171681288
0.0023279676991295535,0.05088809767766806,-0.020646638925725647
0.002187496932051238,0.05040463795253471,-0.017008087625503453
0.0022944739671663795,0.05060517513363031,0.009058494595144349
0.00257338745210542,0.049482016658483445,0.02575657297095719
0.0022358047504581146,0.05004620342503429,0.0201609581021857
0.0022642811242745207,0.049627697350025986,0.014067179312641181
0.0022614700281634696,0.050109471929968175,0.0020381781291326268
0.002292354897888013,0.04984740460316177,0.007642253769327144
0.001914787847565767,0.0501379365151137,0.023671838648160477
0.0016742350336919145,0.050011497535411766,0.013054493666425401
0.0017396792659184394,0.05046609434156236,-0.008130915842280139
0.002200328526427999,0.050851702046708594,-0.01071270486851339
0.0024396760610232967,0.05018229017595503,-0.0008879498021058342
0.0026659286980188763,0.05023201658352584,-0.013127936340004696
0.0031137327485529598,0.05036548339067565,0.016673551779971263
0.002345566184401487,0.04922009265205502,0.022426764984707834
0.0022646117056026463,0.050552462506654204,0.009045015641127195
0.0025538444521765167,0.05006140771382291,-0.03503632575239335
0.002608160224834616,0.051063407994327355,-0.008615742539488973
0.0027214317288887816,0.05061062398081546,-0.041782373273253536
0.0025186784633935808,0.05113393467110667,-0.015164838475688117
0.0022929682346171107,0.05056014022419196,-0.027775149500570865
0.0028214472966300932,0.050636185416322754,0.005317291145088236
0.0023239457722793845,0.05042708286667477,-0.011540805874811384
0.0024897062329162405,0.051036322722493366,-0.014035672374827772
0.0021401357666662084,0.050314200497368795,-0.03726318688787639
0.002088257210210852,0.05034693152497675,-0.0037017628729045012
0.0021462664186367433,0.04896795386288879,0.07137697078034264
0.0022409722494987024,0.04868911643786665,0.06870355096620816
0.0018390310412754152,0.04949321904712968,0.015271525330412362
0.0017973186098034846,0.04938532447724769,0.0120144015871535
0.001837414080931137,0.05090002394189612,-0.007139411698447146
0.0014892521125524688,0.04982343511635416,0.012419535488897081
0.0016417465370539529,0.05043380895957095,-0.011903285299679697
0.0015384157112020964,0.0499391053117127,-0.02583042426543055
0.0014720631616659582,0.050314992614298615,-0.011490682911982304
0.0014209676754295053,0.049645834882671235,-0.004135997931256644
0.0015068510631091505,0.05042362293460449,0.05750081736026299
0.0015423056377107448,0.049826499024612794,-0.013044569476709792
0.001659958299117634,0.05037236466086672,0.022761675864155256
0.0019214402576232885,0.048481629723806034,0.042723662568963754
0.001616926814646183,0.04989585566692093,0.050892119062370664
0.0017509498639488592,0.05032871835287076,-0.02737603981594182
0.0028214975744941654,0.05020709495381833,0.022753807701876714
0.002948060911854338,0.0504918897705762,0.05493530226866885
0.00159699429714468,0.04907356686782543,0.07635677958958104
0.0017515635902457774,0.04885355692693271,0.10419097845381414
0.001748945631595074,0.04834174199002562,0.08800343161237889
0.0021949287888896486,0.04721607319114457,0.14648478176267643
0.002541356021692682,0.04783201715350483,0.15422005954269186
0.0024012983983101397,0.0474282655437212,0.11731246951540249
0.0024083045221443763,0.04747632975857882,0.13267983726930616
0.00222385436478562,0.04704388570607416,0.1395281187348465
0.0021339130545569053,0.048881808382756006,0.05608438620733166
0.0019520012725911245,0.052189074193051285,-0.019425771994847824
0.0017846206873070997,0.051111538784126886,-0.0329238310242053
0.0023564535826179917,0.04847819373223964,0.11910986962443192
0.0020322262158752238,0.05161447422648562,-0.06587259815929308
0.002215394684144669,0.04971281192842009,-0.004077544604529757
0.0022096470350489385,0.049848065948140494,0.010291597150812161
0.0025973178081034414,0.04999287857688639,0.003357145093920395
0.002185617515607425,0.050921169272963036,0.004785607881304301
0.0018141709791182953,0.04999908546914526,-0.030300636218937544
0.0018404324433842945,0.05028602988550024,-0.0034259107780198685
0.0025140191550067663,0.05090529340528019,-0.05500888540871207
0.002175070010035808,0.05136056285224776,-0.059572431142677414
0.0019137160602794823,0.049775053256740955,0.04274936975793544
0.0024230263112431116,0.04923584766374848,0.0069740093602438475
0.0019472989642474788,0.04983246689388861,0.047534629738575515
0.00243883176281193,0.05049970286142303,-0.006926060736192274
0.0017506784630207768,0.04790414976018839,0.06569094345879774
0.0022940715841092323,0.05018094205459718,0.04886374519454022
0.0020436510676163895,0.04986793177236799,0.01933637828322253
0.0023259369070059645,0.05130403411698271,-0.057249039964790555
0.00243341401907086,0.049436893016397046,0.04190572062386828
0.002393253670103404,0.04943371696059072,0.05471933113712073
0.002584459566496489,0.04999565287168964,-0.024563282769409486
0.0022603204273519343,0.05024999886106133,0.004109681025825925
0.002245054222624267,0.04944939063037897,0.021945336897578386
0.002245054222624267,0.04944939063037897,0.021945336897578386
0.001975909559430576,0.05001483350260128,0.0058605372985020155
0.0021972067213594866,0.04971939429921185,0.01414432445874014
0.002596956422029733,0.04918239979504328,0.044145574553599375
0.0018235754459656733,0.050804106891882084,-0.04585221355493697
0.002522817856603971,0.04989877698872492,-0.00327157135176353
0.002288606527580313,0.04954778411084771,0.044395587873491384
0.0021368810168061413,0.04983001020692367,0.03423408190015468
0.0020845758170947594,0.04936580049254845,0.004275311145608799
0.0017636873032736836,0.04866607224161371,0.06267075198571138
0.0020904853977776164,0.049930076168103195,0.025365802080463965
0.0024940802389119597,0.05007352872672109,0.015977732778954576
0.002894418955090748,0.05025029266733607,0.022962813366774255
0.002181897244555648,0.04882882776767665,0.03906384183078284
0.0019327922798885989,0.04906117513113483,0.020664567726859887
0.002093890502095287,0.05048349607776669,0.04257855166203661
0.0019780434544958386,0.049893485090712314,0.03028452128287339
0.00283683004352155,0.05041507033956248,0.009796778154418906
0.0018449857128073149,0.04930005721979884,0.0518347024744351
0.0028318907359400295,0.049736054090543824,0.027520091835068285
0.0030163271573638846,0.049664937576121844,0.038656982918536115
0.0022299964195746464,0.05038680721620753,-0.0010065181896006554
0.002258936922185563,0.04940273209325403,0.02755328904394265
0.0029311546461799442,0.049512667893737275,0.04774101092754989
0.0028405982264915076,0.04994936298863338,0.029765373841762026
0.002237320388382967,0.04997493290241965,-0.010941618171583485
0.0021932585992579167,0.04987904478576823,-0.012003291467978627
0.0024322297811485735,0.04991332732121602,0.02386675363455044
0.0017860802396340413,0.05080899467410805,-0.04182389143745261
0.0018671829474450903,0.05127606649306933,-0.01869769990245438
0.0021905963565999617,0.05072130617305062,-0.03978655849819023
0.0023014957916842552,0.049091275920649546,0.026227503886257542
0.002564693833290809,0.04923015911025167,0.027005293457246768
0.001838216689956012,0.049304415067061284,0.014455627810192606
0.0018551476617796004,0.04992655927208953,0.046893757408162394
0.0019502257356686478,0.05006184434747787,0.059527401945831976
0.0017097611565139719,0.04885734734909084,-0.02700849638444823
0.0015937940195815347,0.050012333599620894,0.03457129863662229
0.001894383404821643,0.04972661411553453,0.012137731456668256
0.0020440174820311944,0.05004437706414936,0.03239133540894011
0.0027616336830783576,0.050590167250404605,-0.0208218281016889
0.0022135450134109645,0.05028119849066867,-0.013259864214934315
0.0023188473980517697,0.04972833099841546,0.02393656357499645
0.002307438872310008,0.05062672684194527,-0.02500475444097135
0.0022673064388077256,0.050942860202854864,0.011737711520013091
0.0023169139238757657,0.04996635077092106,0.002655119592718943
0.0024966429997118566,0.04958978677259869,0.033868197024049
0.002357096316599088,0.04951903736141985,0.03490001768148266
0.0021658745327255576,0.0510679230293949,-0.024940946768232955
0.0018881944655338493,0.051283451568015045,-0.05244059486846263
0.0020176333912823685,0.05036642299682388,-0.04377898392724434
0.0019859871871685682,0.05085658887641818,-0.030158046291625343
0.0019101341346583446,0.050319293435855235,-0.00862529327714995
0.0027140923350352166,0.05010370309837156,0.004979107477262961
0.0018982359284974056,0.049120530021002466,0.03871309576687348
0.0027855446253495964,0.04988809068526413,0.012360130411410607
0.0020447032279439807,0.049571335696750214,0.043553847436873794
0.001744088288698485,0.04887744053352284,0.05540593606459383
0.0018594560869676436,0.049299132517901446,0.08048611248895961
0.0018387574021238079,0.04855081114494064,0.07492838385401791
0.002267857902108711,0.05118096259978032,-0.04991439068541468
0.0025702821918182988,0.049781357962188466,0.032338916108236
0.002481180862605242,0.050805532706294725,-0.02000751182936794
0.002384344761473707,0.05044149920318297,-0.011883508811992825
0.002213289305266094,0.04947164418660673,0.02816884077020735
0.0016809916287901959,0.04905199293781513,0.06599149631428967
0.001673693849530513,0.04910560739351321,0.06083592266365218
0.001610692214086317,0.048994976967880084,0.06001753815364867
0.0016315334041496383,0.049349143955016786,0.06636176337716101
0.0015168895630867105,0.04876288518663476,0.040450093173150015
0.001958218205789198,0.048529263971635185,0.09483176129753926
0.0021109558130893605,0.05149166929667786,-0.06329938749268361
0.0021154034693396705,0.04932146797587195,0.04357276213288816
0.0025614233437326636,0.04986055504207293,0.019138976611857646
0.0031480906437647608,0.05002066118615514,0.02927533219849622
0.002853988414638408,0.05021885857359539,0.032342594892191705
0.0017944003795016213,0.05074544035009748,-0.004957601273381586
0.0022687553822204505,0.05040773845665554,-0.024030012460821218
0.0026295224268313246,0.05010629831637518,0.013125602971739142
0.0021339780978629065,0.049523018489391626,0.05990515233936331
0.002211059351559803,0.04971454797272421,0.004440095854087779
0.002521685471419272,0.04935207892517365,0.029743424871128337
0.0022560902722887867,0.0496584698796047,0.056609520414964955
0.0026488486450201363,0.04978494382926959,0.01881162204652416
0.001997813218740465,0.05066130115056582,-0.026810336072940456
0.002307065509520384,0.05090258229783177,-0.029152199939029587
0.0023108648148317114,0.049459512810846866,0.019091085385406308
0.002797999431820576,0.05075811020087001,0.0037798351090790744
0.0019948587481876112,0.05080207990916199,-0.0191926279164764
0.0018775172539835334,0.05027682820295808,-0.013367010499063468
0.001990185980535118,0.05028726043461822,0.0040265458883483405
0.0021921423626954954,0.050123920418698786,0.007485878846350631
0.0019297942945137496,0.05000502269088101,0.009946390611061819
0.002423326705770735,0.05013739841660505,-0.0131149414247349
0.002401652914435848,0.0502346214095821,0.03147909318102947
0.0024909780530732494,0.049927519854698774,0.02008357503134997
0.002480509195583178,0.0497269802476343,0.0016459986910230598
0.0026600859076787884,0.04992850003737312,0.06688324989622042
0.0024899134312253374,0.04915031960089203,0.02266555345536655
0.0019418536838752632,0.05048414729439111,-0.04568774167106208
0.0024397957350904115,0.049582401101177585,-0.016165467881311114
0.00207363878715654,0.05067795254372806,0.009657168972100033
0.001732055872189535,0.05005799886190695,-0.00788038974261508
0.0013400663997528242,0.049555879210375596,0.05130454418198817
0.0022356289271100367,0.05059431698948063,-0.018600790208367496
0.0022822303029133165,0.04962312642985949,0.033712391704447335
0.0017576776741120967,0.04877515790088715,0.02026886440187023
0.0017922158492693896,0.04881882456854766,0.03036986548398508
0.0029507420012481124,0.04935900438587348,0.06849381468377186
0.0023717783465059218,0.04949489797902883,0.01974479560343651
0.0022485512197382798,0.04960947788003126,0.026178632341688254
0.0024708177544048846,0.0485984884156968,0.09830933993782513
0.0022158883218900954,0.0489024596751925,0.07900694716547121
0.0021273922635107107,0.049995385277779775,0.019845004997260843
0.0026220020248372,0.049312364139067345,0.05553881821259804
0.002340296194063062,0.04973419533952139,0.0046616938275881046
0.002340296194063062,0.04973419533952139,0.0046616938275881046
0.0025014283130191167,0.049564691072673216,0.04861740056448742
0.0019883422824957704,0.050173294468031975,-0.017606205467059422
0.0018883905237137664,0.05119454872856928,-0.025338020252288897
0.0027087974374693574,0.05037093380753781,0.0010616220745110366
0.002383872902478975,0.050136960583383586,-0.009051140814308592
0.002045826324811778,0.049430251689330615,0.059976984103277
0.0028043437685471876,0.04928582955964062,0.03030788918963559
0.0022690337360571668,0.05035483951545004,0.00876173083281221
0.0019720178512406114,0.049074951784179664,0.05844961819869699
0.001950066476300268,0.049373343265353614,0.02545912110291507
0.0019776784502065345,0.04979921031817284,0.0352654534487637
0.0019263735773559728,0.04941698511928852,0.023888919767032637
0.002453522552176688,0.049391351654333476,0.050860863286211935
0.00253938932710456,0.04923101993207881,0.04491830336758736
0.0020847232452025806,0.050641025393225514,-0.01959104339417473
0.0024081643671556114,0.04998035128553144,0.003898307894935428
0.0020429095126045715,0.05108353811275785,-0.050864641354479684
0.002337280841837554,0.048733460112481884,0.05175150974323812
0.0021209530830299693,0.04962812042442523,0.021177946583926095
0.0018035651816683002,0.05038519281895218,0.06707078963655508
0.0023963220565119624,0.049508443611012344,0.025117660899322766
0.0023873453365041647,0.04956512800965048,0.04142405158391383
0.002246941937192695,0.050852189295575584,-0.008623349200901303
0.0019118556590749496,0.05039790860730442,-0.01754078879503051
0.0020848635530320058,0.05023651246026559,0.004937042969226222
0.0025577962998568947,0.04991740770412503,-0.0036650086496288633
0.002602176881417731,0.04987739883083986,-0.008846225265102694
0.002846560919128354,0.05021899697289622,0.04953197998438872
0.002846560919128354,0.05021899697289622,0.04953197998438872
0.0019100211545227538,0.04962412453493525,-0.020278189041069504
0.0019100211545227538,0.04962412453493525,-0.020278189041069504
0.0019179202769978483,0.049668356851274,0.01618467597309153
0.002700547958883547,0.04979085044035163,0.029750285476931284
0.001966497352882109,0.0501937676385744,0.005492820758045468
0.0019288564203583038,0.050192565846515685,-0.0016449420810674068
0.0018168008892049667,0.05055497648083703,-0.05137022914775388
0.0017404441779897753,0.050423039502127426,-0.02621539433831948
0.0016153907738726038,0.05079346159788521,-0.018653627163974736
0.0018616232764095777,0.05033004292893724,-0.0219246180807017
0.0016904326745235923,0.05023711678635607,0.039155932440574574
0.0023995792782395067,0.04884390428128816,0.03310982640256365
0.0025868955677306026,0.049261557563954325,0.07513719719573157
0.0023126577934610725,0.048901163533693,0.06534134901589952
0.002323071999702685,0.04901646939176066,0.0662068516836807
0.0015014895117357186,0.049864332803551875,0.016544156875596086
0.0015630779036771812,0.04982271009725864,0.009198091623710124
0.0020622556760955865,0.04969818206435042,0.027637337493043968
0.002054132736260784,0.05002363331552172,0.01842019303404165
0.00206492267290759,0.04903128240871325,0.07127450984278351
0.0021315884035116753,0.05104816043207905,-0.028567499588564554
0.0021046806160877583,0.05118177584560121,-0.030508306901507094
0.0021504383340753518,0.04934604574597274,0.04845027000416128
0.0019517021040076114,0.04956369858803923,0.025085694302971355
0.0021936131253615537,0.049230394746900996,0.054576734570770134
0.0024376767897923163,0.04939418425911813,0.042547149517213126
0.0024109346934724054,0.04977683289103784,0.0213391696854864
0.002198607234807004,0.050819909099210664,-0.036830015724933586
0.0018010959733976732,0.049506168462808836,0.04026413340045878
0.0019136574577642686,0.05038549195534282,0.023428707694226142
0.001989176923017111,0.04917120564172984,0.0243292033653861
0.001816083255348333,0.05007344389265277,0.036586238020130966
0.001580154368297851,0.049509186502436194,0.04070683760225056
0.0015556704745743146,0.04955507738727096,0.020853850587683877
0.001787036766407056,0.04939153434352719,0.02130108694746748
0.002090677212813318,0.04990860500837233,0.03269800183813257
0.0020571866638503383,0.050114232518768384,-0.015704138506135078
0.002224022577388233,0.05026565775131474,-0.020352992486382924
0.002294151838116472,0.04938000636323691,0.023843892051107242
0.002455635619308771,0.050038547244215144,-0.007692023336681958
0.0025471688395717913,0.05044216137390419,-0.006615054914142522
0.0023444682629338706,0.05021231865414368,0.007508294389041364
0.001937826144498424,0.049960827176293396,0.00904358504209395
0.0020334619021120932,0.05001358678213869,0.011757507438149689
0.0018990712848821704,0.049926277422910545,0.01853831444498439
0.002409387566859835,0.050948678234846966,-0.0034684060726987618
0.002355775815419714,0.05064764641271909,-0.03643034139799762
0.0022478320026030818,0.04937013067358288,0.04387173317251835
0.002283396169356471,0.0494378227434951,0.04233737933629908
0.002000209663666028,0.05123572676269266,-0.05531983406291276
0.0025561932452624735,0.04941497245819948,0.08442157355747659
0.002616030147464714,0.0492667709627113,0.04064901760788513
0.002587317816868798,0.0503067906974352,0.004774956611108668
0.002438210799862163,0.0503099036259893,-0.02411921719452416
0.0020737353631930205,0.04978991241012121,0.03401195756700763
0.0022002518120193865,0.05031559185016985,0.012284780368082312
0.0026561927292168917,0.05049041400261168,0.0005997457951692641
0.0025868488854172344,0.05133436343743614,0.03560804640912739
0.0023380952168663683,0.05036731647475473,-0.040238908531390116
0.002099270373213103,0.05080766324977876,0.003927757078249526
0.0019427730686024886,0.050588213098193904,0.033687936548722264
0.0022576651509877603,0.04889546362911899,0.012741655050405542
0.0024529912254103955,0.049073855173978914,0.06639341271885169
0.001877735004952903,0.04884169913347497,0.052401032382585436
0.002460260113024221,0.05095856770947594,-0.02118911529435612
0.002605326787230585,0.051006085867228386,-0.05142741346689258
0.0019787098541126217,0.04905258194015122,0.04761577463843296
0.0021352814761200624,0.04941800943830895,0.03521894141846083
0.0021424225792996045,0.0498131816927193,0.033588782350982324
0.002634749777975206,0.050215347851888394,0.0010752493131062277
0.0023348454084600586,0.049843417581112805,0.020909895203811642
0.002113347244521083,0.050115406461976306,-0.004336234502137066
0.0018544148506906759,0.05055115583907647,0.013250974063654832
0.0017572358914456044,0.05069105644508193,0.005206824330917915
0.0013551553097138282,0.05127555643663071,-0.014684391741032577
0.0016708173721059337,0.05000156982894118,-0.01729330039714383
0.0017010445314030026,0.049296608793588034,-0.002738726923761777
0.0018697316965925594,0.04957802425011847,0.0886718855500083
0.0027391155576947726,0.050474367380201765,-0.0038524764733216324
0.00186715482159141,0.04975028824267175,0.02512022541491977
0.0017904437511139187,0.04939615734791375,0.042072371706106206
0.0018304368952358717,0.04926959570747024,0.040733356388358684
0.0017836025260217741,0.0489949543704243,0.07075551255382906
0.0016633490158087824,0.04898268278395803,0.022569593060958217
0.0017578308882931536,0.049364433672358744,0.07236127690115422
0.0018191344583295532,0.04861681875258564,0.04665164001453552
0.0023923244505496535,0.05012045589055841,0.0421583680102339
0.002335403627231185,0.04948709101501193,0.02171008612687835
0.00269804517848057,0.05012221254929246,0.02615301953301526
0.002115179057142196,0.050651436538237636,-0.05807090298084976
0.0019256904192234824,0.051303795835887504,-0.012839783430663262
0.0023633249587111855,0.04909068571625683,0.03438143481516296
0.0024563835132617702,0.049535937324612395,0.052987536015478516
0.0023657527001402744,0.04984363148416842,0.04966301500781343
0.0024606057714973107,0.04917543496595681,0.023825714805391533
0.0015858591840588639,0.0499010703429936,0.03600710545770977
0.002451879986673191,0.04906849346379688,0.035443158887435953
0.0017309166268790674,0.05028155563545437,0.003325274917266896
0.0016988873074837844,0.04948042320381417,-0.011902293591241996
0.002739103836219195,0.04994487067249988,-0.028960978220907495
0.0027875202113995636,0.05030718757061656,-0.007606268056853959
0.0024096438857550244,0.05054535937595802,-0.003490938842324478
0.0024231521034892675,0.04958911019094305,0.037063593697384774
0.002202982559970639,0.049964535159456154,-0.008163185936663599
0.0021348455802430067,0.05024957914012674,0.0009727476557149305
0.002256201223278252,0.051045770873969554,0.011862623925671301
0.0021692535547554828,0.05052758750079911,0.012605777649422747
0.0023008673057837827,0.05027882571975571,0.02360824345226902
0.0020251019092406546,0.050681208544394785,-0.001332041735616153
0.0021521591483938366,0.051055538255021696,-0.05313284004661866
0.0026258196556098227,0.050002562320124844,-0.0031613765568992386
0.0021502199382658197,0.049496017717695504,0.0430539855412803
0.0019653922625847745,0.05021503388523059,-0.005428936211968279
0.0024661366117268934,0.05142751261150443,-0.024061025363948774
0.002439246660323747,0.04974871571225612,-0.01150972739971179
0.002326416414440216,0.05037221986032946,0.018578571569285638
0.0018636094178809148,0.049069552736521846,0.030509218887045123
0.0023936945781614805,0.04900820208909273,0.03439368715805081
0.0025545326784542745,0.04987432825815826,0.017159500726354117
0.0018559857217945435,0.050145192853462764,-0.003331443235527905
0.001998355429643654,0.04952876413842527,0.02099881915531095
0.002140925808518424,0.04974739950902129,0.00864752840953822
0.0021016763837287153,0.050008509371183896,0.0286945265458666
0.001678005316237041,0.04970940449754601,0.02282976202630169
0.001678005316237041,0.04970940449754601,0.02282976202630169
0.0019541599621628867,0.04976500603697165,0.033826493405766676
0.002405466853894059,0.049382121318264804,0.01677399187225446
0.0025498018280477024,0.04943666088289113,0.025907879882100956
0.0026947179885574283,0.049497389911654366,0.06131264147112383
0.0026745384948194772,0.049309532176322605,0.08345887368689092
0.0025991698908937365,0.04911020762084258,0.039769823271310616
0.0026375222708527007,0.04989134467503482,0.04335801633623137
0.0021987430924988315,0.050790225935003715,-0.025374472977427807
0.0023488549536556875,0.050577392448282806,-0.03136794474241402
0.0019886622742529858,0.04830186975784998,0.09290402146308506
0.0028260232325912618,0.05050980405520313,-0.014760257867759533
0.0017234833169835636,0.04832877129222216,0.060571726136541236
0.0018786841823408452,0.04893615071397024,0.0206517249373684
0.0016701799442611872,0.050081641320506784,0.011480768492454708
0.0017855117685746562,0.049782376771468295,-0.005869856177478008
0.001816486903868008,0.04916359192609319,0.0019916394103734786
0.0017555027537384936,0.04964262345168685,0.008677244832921888
0.0018904090550431211,0.048875451246367364,0.01856735142751881
0.0019902398292541965,0.049584274108694495,-0.0022568610482608348
0.0021749396043225667,0.04952475944049744,0.011327303042749442
0.00240552996688578,0.050608076362578414,-0.009898928909965018
0.001937063031074149,0.04970332728085433,0.011525022933345418
0.0027349141786501764,0.04962014698894811,0.032355781594696466
0.002624847749326313,0.049687261553991655,0.006836314768833811
0.00262812945274402,0.04987755800721577,0.04356122630538059
0.002001023916621185,0.050536840873127015,0.005457805677596416
0.0024888335851637054,0.050626328091964976,-0.02579967444915167
0.002326408708640673,0.051189315067116915,-0.03551147277264669
0.0018050608372892265,0.05011783533556284,-0.0009160792781120572
0.0017001064648238657,0.050536467791533056,0.0005808624052138309
0.002244428237958674,0.04940194627308036,0.023514644165150467
0.0024520366575112753,0.04899897891712672,0.0570235066488492
0.0025547980732691152,0.04877367900491136,0.060244321668305775
0.00219585049748579,0.05123369135350458,-0.06342424866012977
0.0021119100538377887,0.050264869824351126,0.013260151026966873
0.0021812534152473623,0.05033195884582421,0.002469311247257823
0.002333365260572093,0.0496840952799009,0.04169251027416219
0.0021926596643881665,0.05052239118628036,-0.0010551080672540378
0.0022983998256679745,0.04988329686255904,0.02005206592832257
0.002266002840052703,0.0498385274186441,-0.012519327495913831
0.0024164830437495392,0.050028015641086165,-0.006497140257260963
0.00231254973960104,0.050656098692573356,0.024633844163191497
0.0023517368226192844,0.05037401564778699,-0.024448212396402078
0.0028978761229587332,0.05052844197079005,0.0052813646530334366
0.003085374785486724,0.050687501243979624,0.01082250160745982
0.0027266630186339267,0.04969247705260496,0.006005627561201724
0.002806706429738012,0.05028383242163555,0.022735202529587408
0.0020127354578719724,0.049345862377528034,0.020370590275142816
0.002423097934330692,0.04978926850772943,0.05009702965975945
0.002382841794692534,0.051053168046009574,-0.03884327814334075
0.0018414781164659453,0.048567789278676866,0.06529913742845388
0.0026019811334267715,0.04983421007025535,0.011076058077488505
0.0025586998581815447,0.05026898298715093,0.02230068961663723
0.0022746109775218667,0.05040138843021393,-0.014349113863377857
0.00243560018314234,0.05032757433405687,-0.014532186282763343
0.002515341362088521,0.05041598222759175,-0.013730733004242799
0.0021745585375552152,0.049751434709898186,0.011507052399071032
0.0019610834801614624,0.05011739752378716,0.012376126965655132
0.002596444497061937,0.050083999250224824,0.01670998352577739
0.002599580051248085,0.049246464822295055,0.061352434709580975
0.0022083873268562795,0.049962859988597674,0.00556660898944048
0.0022121392739710625,0.04973154411808862,0.020694223029462177
0.0022121392739710625,0.04973154411808862,0.020694223029462177
0.001892029553103933,0.05000793482594423,0.022621835892578206
0.0019180899029051103,0.049778702890682286,-0.009375116653584398
0.0025658359004641193,0.04904671870295358,0.025943982989988273
0.0023901018007462587,0.049535099916940425,0.06968894790351511
0.002581141736285814,0.04959793485390382,0.01431470824937375
0.0018367239613080605,0.04979529355883373,0.039514184601354474
0.002503071593445151,0.05053313752715488,0.01044697240458517
0.0024851075586129075,0.050364220572325216,-0.019279067157077362
0.002101445145146594,0.049062419222997554,0.028500132733339355
0.001769639383875908,0.04983241652658682,0.0583213319686535
0.0021307391592942614,0.04779127412337178,0.07962924179338157
0.001972100889929557,0.05091350557723955,-0.006421771485025662
0.0020425836081983404,0.05021836124193616,-0.020437634945637464
0.002329311708257309,0.049246985944375946,0.06375978985675183
0.0022172944883222996,0.050034461349951834,0.02553681713597338
0.002061490941695959,0.05017788206907724,0.009368348932798249
0.0020526237859617388,0.05048260020423511,-0.02905345596271868
0.0023856907097045913,0.04978198188282089,-0.011367602378023665
0.0024553003928102436,0.04999197901518499,-0.008985511500869858
0.0025208026542616548,0.05024277568163764,0.0055549672439685555
0.001813856872024855,0.04924054589647513,0.06601879058805885
0.0018704265322031048,0.04998977992387565,0.028874264586290582
0.0027036672277729306,0.04995280931686519,0.025510679760633273
0.0021703250732371237,0.048726464967156186,0.0775246214124067
0.0018624888138807309,0.04895208846918168,0.06589153577584973
0.002420625999763341,0.048354048792354,0.03193163380288744
0.0019694092686010603,0.04944070926972915,0.0757459590685413
0.00186512090521706,0.049396555294751204,0.03785496035798037
0.0017545296279551162,0.050524773032370886,-0.0401165179651124
0.0014529075812215622,0.05107847084330196,-0.015725143416956938
0.0014746824542517516,0.05057614061097304,-0.0369006419315033
0.0016559223911957297,0.0505245734954606,-0.011848564475692406
0.0016916716406241003,0.05048954154812918,-0.022352460827347178
0.0017834705911252177,0.05023231294001774,-0.023773850849392
0.0016790089085389531,0.05065181911167738,-0.025104648469223986
0.0014681005372841683,0.05053604068321898,-0.0157562406317524
0.0022221647190457535,0.04923847554471174,0.05994244242827974
0.0019657518817913946,0.04868783104322529,0.033941168544151926
0.0018745077976312188,0.04943448370882976,0.0749121249782524
0.0017712434496469692,0.049306724580474595,0.06895435034849882
0.002305211674491383,0.04863678217570955,0.05778384753064522
0.002156618869502237,0.04767942311238721,0.10770758095919018
0.0023462408329374402,0.04857772190183897,0.08590511290996891
0.001487771308970551,0.0495380362655048,0.02422869867028547
0.002099753790542908,0.04857502108510188,0.07949891277671718
0.001956743345067139,0.04853154414909368,0.06092932819188206
0.0021067553789970556,0.05021446506266149,0.023639174154161138
0.0024824375674942375,0.051571581395865734,-0.04357099946453936
0.0018393310112583894,0.04804976516597865,0.06667188803280534
0.002375556036685361,0.04854088849908607,0.06598982789908359
0.0016724977339960963,0.050935249238387145,-0.03651347885184476
0.0021148414414918445,0.050860080308691526,-0.034260397221875266
0.002261183781524045,0.05031688622563002,0.007556788711716996
0.001973216559427011,0.05034932836239334,0.008680507900930648
0.0024459044817429568,0.04983233458795895,0.0006603467813027984
0.0024542308912272586,0.04991348582551381,0.02525685364060979
0.002460512118889914,0.04960593409347044,0.03054244409079384
0.0022669310355323395,0.05023296207657614,-0.0055087380138854015
0.0021795476466355108,0.050327192317777554,0.016210802844580686
0.0021194795756232813,0.05052938118525687,0.027157784671751783
0.0017370845465815219,0.05007510339972716,0.00386643435611291
0.002503272587288521,0.05038892444650333,0.002302798414672964
0.002446673049112145,0.049860677509417105,0.009085357255453511
0.002446673049112145,0.049860677509417105,0.009085357255453511
0.0026737589267644786,0.05060503032747342,0.004068306024457887
0.0021783675905152605,0.049715741310041035,0.017101790066046448
0.002092726739733719,0.050276917563765,-0.0008797339609679909
0.001983047561589027,0.05033209314830679,-0.010826742524835823
0.0022366305108415738,0.05009242084457732,-0.015329139075478775
0.0019606317388713404,0.05021543029216826,0.0013874926441042046
0.0019657640566362582,0.05082561484614276,0.01626399385097005
0.0013634005117734687,0.0497768470679639,0.026755317815563822
0.0014979828463982498,0.05002130901644761,0.04812482514618037
0.002056559150878055,0.050568560851028,0.03179526482460247
0.0026841004260116557,0.05024310481685691,-0.03453822480968463
0.0015781271907739972,0.05101948652854803,-0.03153845466065194
0.0022604316385744605,0.04989324975649775,0.006415933859286591
0.0021851970431085214,0.04945563222111258,0.04604960493709105
0.0015994301424887873,0.04926734834289585,0.031549887848447374
0.0029118703384543353,0.04993255926467095,0.021217412994888454
0.0020722418362066303,0.04945620884881887,0.055339929302866596
0.0019509258651357242,0.04909588829070068,0.055778943344154716
0.0023838369329836425,0.04908714337762449,0.06487632930810404
0.00222418602153073,0.049460610095153484,0.054941110049515934
0.002058929484791723,0.05012496343619673,-0.010453345361862668
0.0031717968312420866,0.04976609452807308,0.07177842558210028
0.0014809700587015938,0.04804763562015505,0.08086684981686292
0.0019026720197223201,0.04941591692146368,0.04631010757316667
0.002360290674095256,0.05137418572779164,-0.0608923671320581
0.0023268250877800938,0.051669640903498466,-0.04329861069442324
0.0023268250877800938,0.051669640903498466,-0.04329861069442324
0.0017073641769223262,0.04879747576123512,0.11364283731476824
0.0015832027212547728,0.048374079945961344,0.02783495211834338
0.002181949429193038,0.05043473367722942,0.061700434392385546
0.0025914190755586134,0.04917080709634641,0.0160154312863062
0.002710700139044979,0.049708880676879105,0.03624510764937066
0.002559971630446543,0.0500266362208959,0.04447034129560508
0.0018615646662824752,0.04974411643922932,0.02591363778689209
0.0020585051051631004,0.049420040229251574,0.01053322405495005
0.002537728261232027,0.05029576321536321,0.0412073020604934
0.0026345566246679794,0.05033555742725343,0.049998645610848685
0.0027018951723082473,0.05005459440199275,0.04365436802962206
0.0026535678214286624,0.049923817652894824,0.03370015315695504
0.002659156382160813,0.049778079694275196,0.010984531671176906
0.002007122195657802,0.04939682540299286,0.023925508802604672
0.0020086624752650127,0.04944050841098755,0.01905120391200416
0.0020859899339086513,0.049618349334012296,0.027897709459169067
0.002287887871796581,0.04986050101999465,0.049262225726524146
0.002164982616447757,0.049880638371465315,0.003750871005013552
0.0024599140449042076,0.05018302530637677,0.013944228411508885
0.0025426514341647926,0.04940325390686889,0.029490506224612963
0.002945266937234283,0.049599286166834615,0.03926225191512988
0.002723136874543514,0.04985047821011418,0.06539332366900877
0.002477454708359118,0.049899494648642344,0.06565126769156453
0.0020520622173493858,0.05012880437961273,0.0005719107690410373
0.0022387986989420186,0.050315610247214336,-0.04123141248846645
0.0024151434704830924,0.0501844484404148,0.03307764239717781
0.0018276876885387004,0.05033889972018109,-0.00841633070958016
0.0017569070750624962,0.05097430024183564,-0.01473521557656283
0.0013388091698331498,0.051003537735729805,-0.03790103161395818
0.0016032116449347113,0.05101663711212723,-0.013347004091058247
0.002055637770134279,0.05117942290736812,-0.034228451406824144
0.002274502771296435,0.05035499252246765,-0.07300223797303555
0.0023688609817841036,0.0503891654266186,-0.060367277565914985
0.0026054299149008415,0.051221861536206156,0.009307376936682156
0.0024544840330301453,0.05084098664731023,0.012934644060015451
0.002347282394954644,0.05111724950527785,-0.00940508011626576
0.0023049269885163015,0.050124679164724024,-0.024280836009316204
0.002521220303453651,0.050922785430131255,0.009952621322106883
0.002013115643591071,0.04802519257278063,0.06194272793323827
0.002053614201404958,0.04793717181254759,0.061610056225465205
0.002269064177412427,0.04915178267094948,0.10465884571315624
0.0025795895162318097,0.049836418881465526,0.01166587001456619
0.001907239776496853,0.05031673380217799,0.009948147489019224
0.0018038290420779915,0.0492865588329691,0.009727688035211525
0.0014817016056826618,0.0498507852130968,-0.012852626929380554
0.0016528618636121066,0.05015683194199297,-0.02587622288670718
0.0017096322844528699,0.05063381459203702,-0.012154313081826658
0.0015671834212974036,0.050727049683910286,-0.034829599251858696
0.0016198276447040886,0.05087119870748806,-0.020686660975807833
0.002728380867194483,0.05057041379393417,-0.015444847829295864
0.0019698099902370103,0.04908596306578519,0.030671224711463222
0.002327688249207583,0.05026077985278329,0.027186775843485184
0.00225561143896528,0.04998176365049616,-0.00039835940461574503
0.002624743946327211,0.050518484021838825,-0.004975937245664365
0.0021790347006695374,0.05037120610052514,0.017894073726868968
0.0024136329649869608,0.049866167130128175,0.049770008511637355
0.002057548412110413,0.050024236065247175,0.02485122101846132
0.0018704534787081155,0.05066707983504264,-0.04601263715757748
0.0027560111244784922,0.049311114372245925,0.043528882797120305
0.00202376713530995,0.049812954752112656,0.01738008419690436
0.0019303243921919755,0.049319275711702026,0.024336516556944035
0.00164190273053579,0.050312861536496084,-0.005028608463732514
0.002338666990720014,0.05077520554289497,-0.04225062167234178
0.0024303447110332493,0.05094937001541371,-0.029073292871043224
0.002258307908117608,0.05120181343346756,-0.03692035996377526
0.00240600846266985,0.05030900997748721,-0.05048966311832692
0.002031787921655762,0.0513363689770411,-0.007953340387065222
0.002033411989275086,0.0510413134038307,-0.038563953727316365
0.0020026360619645927,0.05033552131259155,-0.0077227556587584475
0.002610508196556823,0.05040586506064475,0.005234882440147573
0.0027402424580083716,0.050446585721847126,0.008101578751794165
0.00225053957192334,0.050585753060752525,-0.029891501250461954
0.0025862820930762083,0.04992354743962464,0.03377019650766783
0.002714974145483896,0.04954002317567708,0.033223195195111514
0.002642672693974177,0.049825101555165056,0.03060751388299739
0.002013657580185622,0.04957185752175365,0.018369804189589566
0.0026837018402119696,0.0498827775254716,0.02859279308032826
0.0020784236371222124,0.04959898256904618,0.03551386233404596
0.0024881891163399407,0.05042297850978725,-0.007809162975036124
0.00251253131592689,0.05094980893897199,-0.00905394575595256
0.0027864385316422437,0.050845690905402155,-0.015771640850547674
0.0017570731998784448,0.050360416946753625,0.006455670842627644
0.002216457402326325,0.05033959590811721,-0.02098348454141544
0.0025444011692421315,0.049703203398881235,0.03325261130366488
0.0023874572043236235,0.05022317411891699,-0.014504876747777106
0.0019500941448225427,0.049866594963022565,0.02819730142100019
0.0021268498085570244,0.05088243380599708,-0.04613458959504478
0.0015004130911959444,0.050353133694388964,-0.004939703173808851
0.0017837161813306882,0.04969762823036277,0.008490718258393254
0.002370347600265501,0.048943212022285555,0.05273572600102202
0.0023671987863801845,0.04879179260748203,0.054044669513294834
0.0028671472076917167,0.04992304142508789,0.0383454105680004
0.002691144629820078,0.04969119792253023,0.0004965686503413693
0.0016742328856312273,0.05094217384460685,-0.048664083044889894
0.002748227253282475,0.05091258944819404,-0.013165513949087987
0.0023466438174926307,0.05063386587197773,-0.03373682692823975
0.001968991234596952,0.04925185780453359,0.03226157215584366
0.0019657007506391887,0.049669640054905116,-0.001751029776519515
0.0029309497241910712,0.05061683226466277,0.00038464595258838917
0.0027335926462069096,0.05025725662627936,-0.0019720736176933045
0.002742048601302955,0.05025362427387959,0.0049923461580195045
0.002288508532590144,0.05051408016828691,-0.03415879865499477
0.0023324747384091534,0.04879971838406401,0.0453964624465167
0.00201639259555588,0.05029708736712735,0.03310366219723432
0.0022125760143993246,0.0504652147922245,-0.023029623877802816
0.0018131479752202101,0.04838872102019192,0.09888617271739432
0.0015729082692168817,0.049583591413814694,0.007860354907845368
0.001794241779028494,0.05068364674725269,-0.005920037493215129
0.0017853581181620011,0.04974535567223811,0.010498521189821065
0.0021004828048747596,0.0498106754862602,0.026701911530454783
0.0021004828048747596,0.0498106754862602,0.026701911530454783
0.002163910112718382,0.05016147089650815,-0.007413250613246345
0.002163910112718382,0.05016147089650815,-0.007413250613246345
0.0019709748749867206,0.05028214997814758,0.0040222941542688104
0.0019533859949681484,0.0503137224497346,-0.026673959412280533
0.0020754586797057154,0.05085213672170721,-0.05381725331845374
0.002131275002561351,0.051559855478124285,-0.05484218033174657
0.002200048445535299,0.05088458959687272,-0.04427719268655081
0.0017317559663770064,0.04983968691513787,0.032692526600331166
0.002313206687694578,0.05063721124693473,-0.033861774425109716
0.0020918861898175985,0.05084227701751018,-0.02173019204309622
0.0022066545532516504,0.04935580033351791,0.02839036615480043
0.0018723304115982834,0.04926849292313095,0.0552363594816629
0.002151890632489985,0.049689494404593554,0.030637298425624845
0.00237503814176804,0.0502527827087696,0.002362545641359798
0.0026966794023470424,0.05024786256916367,0.009829846505586624
0.0020255956836965406,0.050275654116577397,-0.004493409449150711
0.002135470742926237,0.04953221878428431,-0.0010686046544099645
0.0019352847093617729,0.04925838147310969,0.05845274956012622
0.002376332473954515,0.04938940381177521,0.030747085973233956
0.0027375332416425583,0.04951464568144861,0.08970842698776649
0.002847467425412317,0.049313597318294045,0.09329108284385074
0.0028944563053719275,0.04955295055995247,0.08645776653030306
0.00294294174557981,0.04936901394955942,0.07199672818286758
0.001500692441161265,0.04812725917772019,0.0897121432004278
0.0017576323846996776,0.04885901777481622,0.06904756657718011
0.002199769225920014,0.04988038457754268,0.013692218098418996
0.002266473782311414,0.049664170325844116,0.028228914829404917
0.00213890891696554,0.04978429227945597,0.04403209204912237
0.00213890891696554,0.04978429227945597,0.04403209204912237
0.002284710865234387,0.051612036717680616,-0.02335523274382524
0.0026311330743640335,0.05082943227040028,-0.0619865620923309
0.001764431443046144,0.04988469058112129,0.05907546792688876
0.001812016147469544,0.049422278937264974,-0.006002311362981536
0.0020933605487792875,0.049891477663355804,0.007613641952177804
0.0025188601863479158,0.049309513650461934,0.029369134223504602
0.001750225459083733,0.051790820529023736,-0.051649976528070095
0.0015607621107545952,0.05165471250039627,-0.07892666800026707
0.0013659269102585096,0.051842321825074485,-0.07262091190579369
0.0013154832694806794,0.051230975591629764,-0.048922299380750864
0.0023406222498272206,0.05130641961981596,-0.062439142672643465
0.002550470962939916,0.05089878911533035,-0.021417619237479528
0.0025335983527938516,0.05010380833844463,-0.04436147564452801
0.0026448034431531707,0.050483807345180584,-0.012860906151857518
0.0020391044659209133,0.04827475314790758,0.10395162963690302
0.001967467857626993,0.04810743896382564,0.10651157744658546
0.0017718148847967647,0.048965390439725344,0.03424828371118219
0.0017396145628960085,0.049359517721376464,0.046409448649980416
0.001992160989444155,0.04971525664487749,0.047820228386067504
0.002175339255382512,0.05012251762586208,0.026715194124054646
0.0027179805730344507,0.050176550732006955,0.003765841503459357
0.002173843009748674,0.05039721454104032,-0.03183109096503137
0.0023163850849386514,0.051034702503367876,-0.014338853802488442
0.0023710198472480484,0.04938663192066288,0.006757840862680909
0.0024295287285499203,0.050012288693119314,0.04981244424490627
0.0020635426551704676,0.05076936388686604,0.01247910051236299
0.002139053515878761,0.05010526369610904,0.033301819788838165
0.0025020028467627018,0.049705659368269005,0.012333934907206232
0.0023946369699589715,0.049846783013632476,0.03487211363966877
0.002357628130353677,0.05012477259313108,0.03290872147865208
0.0023267868686409326,0.05005551218153818,0.0019495634303759656
0.0021707228547833976,0.050503349373587775,-0.004462043632588302
0.002016092754214395,0.050305548827348445,-0.033849181059074564
0.00171758165006108,0.050645613481156794,-0.01567868650385761
0.001800186163835065,0.050440250714444156,-0.0387178640774125
0.0019677317313759406,0.049979013444934474,-0.041101086260408926
0.0018414497479909968,0.050416571352845954,0.009504499759411594
0.0018949002697758641,0.049761437093994415,-0.013610060337167785
0.0019359796031294088,0.049660626304064356,-0.00980645374617689
0.0022391636504776337,0.0495489143591139,0.029936668168451502
0.0021220404078853487,0.05056307367333836,-0.012010435609027538
0.0024099724807392893,0.04989802220819206,0.003380218941238178
0.0025847926458197707,0.04980514419118116,0.049521574117039294
0.002809855860518467,0.049521606516510754,0.00873837589626493
0.0023843152867984757,0.05028309295119837,0.035187947267209266
0.0020068608364357276,0.04982502971514829,0.039963177307667505
0.0023219312023603517,0.05001022684262386,0.01252509589573199
0.0032132202038896635,0.05001596355778515,0.028711030654174175
0.001955438762486813,0.048772251314334915,0.05400726700618851
0.002110115226106034,0.04831027866400282,0.09555431865146567
0.00172993402258936,0.05086108539898089,-0.005495447910111742
0.002957321341267176,0.05011941470013116,0.023005278931309863
0.0021780960728115905,0.05042862879381348,-0.014990980627994583
0.001915178237193399,0.04955406686686978,-0.008015835231230622
0.0027843548161909266,0.05046302124258497,0.026932355693929575
0.002099917894574388,0.05030228980291143,-0.03554945682226108
0.0026473542015208414,0.049488004351474636,0.02129431059634934
0.002862019060621428,0.04982244345907554,0.0437349790245332
0.0024734123610938765,0.049754565361831884,0.03047910090916123
0.002031222784393812,0.050504325532106584,-0.012711391378204241
0.0016838226395069949,0.05049388272210817,0.005463659577026941
0.0021813480882017324,0.050368435364697414,-0.02209879764654266
0.0023876619478100116,0.05020511789759404,0.03450496668914732
0.0023082377056912067,0.05010194488263594,-0.027281878669411366
0.0022440784184162834,0.050396581638286676,-0.029235166734673076
0.002044093368410101,0.049593926502227846,0.06843652641689607
0.0022962552646062966,0.049123907641103276,0.017520327379401235
0.0023648110952559434,0.04996137530177235,0.04758703357945332
0.0020397278822035752,0.05042875996214734,-0.046872713802618066
0.0027739846574841897,0.049107403317963316,0.04862060340778308
0.002887495908363251,0.04914141009202062,0.10937254234103767
0.0026930627302960745,0.04879193744357678,0.07198659225966095
0.0019194521900313996,0.05091570439330843,-0.03313897715859477
0.0022730591283635273,0.05050837913123632,-0.012501874176211422
0.0022095860096565645,0.050661336784352695,0.003522533658346509
0.002355603966768123,0.0499268984377947,0.0026147081268635547
0.0023433731865592786,0.05007511742258645,0.010857462458727518
0.002224276968866477,0.04992814589631336,0.01726924727757179
0.0021001239211481406,0.04954628995927277,0.022720725450577073
0.0019383343303131142,0.049368135238484274,0.05212970812736478
0.001823507086362647,0.050071924967595084,-0.02361279284300293
0.0021655612142132113,0.050709862349097405,0.02985249473615935
0.0016098209700879272,0.04991696869112137,0.058519864335226324
0.0019403609945052036,0.048074410239804306,0.06431915313536603
0.001983875760841487,0.048615439079202204,0.06761462614847975
0.0025067158602893507,0.04937697058881626,0.053423498860600264
0.002594901937515552,0.04883793606402416,0.08260755748248909
0.0016254077151011373,0.04986642848379466,0.0030331427647844
0.0019447337341608883,0.049576886397029146,0.048946684222945624
0.0026388075169350702,0.05009158303112346,0.043383692654027715
0.0021022063881539336,0.04950560606654445,-0.0026275918345774235
0.0024170477081187146,0.051307179287562496,-0.019762373640017046
0.002581550729664329,0.050985249690699834,-0.04988968366080742
0.0022924583980005516,0.05058369604935885,-0.0066037180558169714
0.002289223516347854,0.0500716953465399,-0.006231476480993319
0.0019882201777495184,0.05024506867815117,0.03688195520012879
0.001895170339151484,0.04931545558065122,0.00543708444264457
0.0017760836628325956,0.04948655740343787,0.02415894083044265
0.0025796487058977807,0.04988091139260981,0.03358480053616447
0.002332000202037365,0.04906990508116324,0.027651334474992822
0.002444944244293074,0.04975803006984195,0.042188926970498836
0.0019958459243957323,0.04977992903954696,0.10467698619288075
0.002582707194542551,0.04906546356886545,0.0002410342412435602
0.0023029976077097104,0.050953417318163684,0.021130900311831045
0.0021862861764890946,0.050490251218627366,-0.008130268556593327
0.0025009789584611803,0.04991282617833489,0.027506715897411563
0.0019001980089032647,0.04966668860336717,0.04081263502291745
0.0020863570584130097,0.049003614654511536,0.049819059628558114
0.002098437748005185,0.049552105222380446,0.03830555843122592
0.002220083648943022,0.04935865525138685,0.026608335649263175
0.0021612969419876333,0.049917465403952935,0.029620462752197214
0.0019288221380108072,0.04964170337572107,0.02610627877524412
0.0021743614187393406,0.049828830146964015,0.014007273340000877
0.002187164799413719,0.05003735489155067,0.021637392403567518
0.001910607949754312,0.05088647484977289,-0.06493458199244977
0.0022641507009625987,0.05051634899641188,0.01953447523851629
0.002218085552128459,0.050113739554711996,-0.002919052244480638
0.00229319354264886,0.04953210474485764,0.0417704258067996
0.0023058955547475297,0.049274613407799796,0.013614015780050158
0.00205169339546352,0.049413669742693636,0.011848683940736425
0.0022625721857512052,0.04972428535109186,0.010067229978846832
0.0024913924510598716,0.05016255272078364,0.015999099004443056
0.0025499889082206094,0.049578868135642114,0.008400482249461556
0.002531602031796853,0.05041951395807899,0.030277015069406683
0.0020368218782426993,0.049951334296572995,0.04850343263776899
0.0026441414419449173,0.050367149593097287,-0.0074088156728651
0.0019943203463828906,0.049437921019425034,0.018333540544281005
0.002164192620019194,0.0499172353242034,0.025763037199339384
0.0025817638339372005,0.04987320510452851,0.013557853497354033
0.002122376417950028,0.05022538028408129,-0.02029810048222606
0.0018828142555285933,0.049675861210354444,0.031019727992674273
0.0021624673031851943,0.05046997917094151,0.0025637547831871073
0.0024459803595532036,0.050710549973074025,-0.010795309293600381
0.0027661726575687394,0.05116021337221986,-0.04221850708678239
0.0030235983989926898,0.05071269151504523,-0.03936421692470391
0.0027496958578728282,0.05147661564011228,-0.04438574883749678
0.0028508720852122734,0.05134470483320217,-0.06721236432802134
0.0023859410312422344,0.05041626811608278,0.0069697231838278355
0.00257299440537717,0.050631801690512235,-0.038851811484224535
0.002564428392501043,0.05065842008015823,0.0026762173947894497
0.002514106130584022,0.04916024044462623,0.026303606374537162
0.002343401422708957,0.04957820639552476,0.06113661497237095
0.0025505139642408047,0.049697492841349895,0.005229977956313673
0.002635538787916573,0.04946082034490937,0.09205085204767288
0.002472882691391151,0.0490326881967031,0.07454934242972154
0.002719916671198091,0.04934548158388478,0.04661527194864782
0.0017811251533079578,0.05029563246178932,-0.053391985867785936
0.0025771540300370682,0.04909738746116296,0.05005404861487162
0.00265339305909056,0.04991649494765591,0.07968222082327699
0.0019032447151680688,0.051992672393433775,-0.037401505508039584
0.0019600099823643383,0.05217336196557178,-0.07012061510672041
0.002525542603264628,0.04890285283816287,0.08329063591065097
0.0021763754091343687,0.04860237433882594,0.06518077007379933
0.0021763754091343687,0.04860237433882594,0.06518077007379933
0.0019046445426446697,0.04832362759015857,0.07457947863545394
0.0022369307665067494,0.05003233492885002,0.024336729316053605
0.002597455720843423,0.05006819740844112,0.018445843383420986
0.002370441717328253,0.050143692186554775,0.01575985879473033
0.0019670445966218355,0.0503865851590936,0.017545426325431865
0.0021312160964027404,0.0504229505181653,0.004674902540849148
0.0024331020770257264,0.0498516275275497,0.0020666168421600924
0.002233989042725682,0.05000219754601999,0.01239732721512512
0.002511061775132173,0.050136693965445456,0.016217612727190047
0.0020815120234631375,0.05067055871167433,-0.013668262990307475
0.002322191900609519,0.050353316052193835,-0.0020365797732052756
0.0019631961932634156,0.05050024718897597,-0.007591852324685533
0.0019374315013543982,0.05061134935271479,-0.0032865671880699335
0.002109810765974127,0.04995273422122052,0.00507786095869899
0.0017521191563891118,0.05082048185869184,-0.011959328928811234
0.0019021487134558831,0.04978986808317773,0.02306460608161163
0.0019766306807843747,0.04914751623033508,0.04553525457278436
0.0017848102783936948,0.04902451696060512,0.07689025204168895
0.0022307319764871807,0.05181627339381029,-0.04863368034554942
0.0022596602198527325,0.05193846449709452,-0.04290177178839932
0.0019004017090791614,0.05040837403199388,0.036804301643578834
0.0019334526674084234,0.05017228482720701,0.0034377667323759963
0.002126901807527406,0.05043803084088598,-0.01700358436749762
0.0021290734006459235,0.04976005751559096,0.011069151899796216
0.0022980272019761474,0.049911706292253194,0.012786042404686922
0.002024221967465378,0.050415082755588474,-0.011853810102535578
0.0021407615753728133,0.050510424667217266,-0.018785734347582333
0.002045065870806264,0.05063403466879872,-0.011481957327111861
0.0025095803306186917,0.05059260215525416,-0.010077213936834573
0.0025095803306186917,0.05059260215525416,-0.010077213936834573
0.0021615880853694328,0.05024011662151208,0.003956262779047917
0.0020844426992972405,0.05052992209687396,0.00024330306389366098
0.00214933797474289,0.050297823437081654,0.0067619281229118365
0.0022702162925633297,0.04956812050556071,-0.004899105368367318
0.0026608453852631246,0.05019903482408545,0.03704784364643998
0.002550103729717403,0.04971601942120911,0.005721258296414126
0.002550103729717403,0.04971601942120911,0.005721258296414126
0.00247910737210664,0.05002072367190378,0.0023513592078702942
0.0020071810679302203,0.04971902098810574,0.04056044364731796
0.0019118147161093007,0.04893458171129865,0.04778196514364658
0.0018783539677196077,0.049602568330210345,0.042205520297370035
0.002420023698162742,0.050334390477680596,0.0264468994709581
0.0021217889014446185,0.05043640128565454,-0.013075698954669429
0.0020368901941761474,0.050629912806116534,-0.003239650595566263
0.002260860737246238,0.05064413680019346,-0.01156787514918728
0.002550685077156828,0.05079760817504262,-0.00763428304440469
0.0024535786979149733,0.05061388674447861,-0.02636611787656206
0.0022872730044964347,0.0494652453989419,0.02979600903638152
0.0023709981157928202,0.04969733189849058,0.024220814441626343
0.0021275591443745516,0.050705926224022244,-0.03019102951553651
0.0019251359190520147,0.05140543314461794,-0.03235413867014094
0.0018003592721385461,0.051648979663815195,-0.027698587562587695
0.0018159073115068286,0.05065723856916474,0.015326479453767987
0.0020517464167629316,0.049998665974979824,-0.028780522377004607
0.002233475954974869,0.05080036444211175,0.011879409368077722
0.002502647023358622,0.05123923242707018,-0.022226134878512233
0.002004313821450437,0.050731431585121944,-0.057732247608461115
0.0020188730343339636,0.05097846651595411,-0.05026307016166917
0.0020239935026508346,0.050634934610717205,-0.010002846999978918
0.00243312292380687,0.049528353744156366,0.03345843581256076
0.0023319317248371918,0.05006015864222659,-0.0049560692379435785
0.0025247680861259117,0.049661396114767574,0.04454916078252084
0.002350478329904746,0.049906762153314715,0.029295506741042105
0.0019715391048322735,0.04947619312859948,0.00481616444223032
0.002385781169332141,0.049938676154113106,0.01584153016380841
0.0022909058862782346,0.04975052486459598,-0.010639923035279646
0.0031683726575820986,0.05032921802975004,0.007600411473332764
0.002075843346704027,0.05056219773777502,-0.008524919066742137
0.0020787866728235256,0.05049658759377873,-0.008086524457214667
0.001988648421933578,0.05022778968778454,-0.008454648601315602
0.002374676947101578,0.050685287934059076,-0.017782861201591765
0.002600463401483769,0.050803510224488375,-0.04871795527447446
0.002322061964441822,0.051312241740393484,-0.03188300753703585
0.0023904019972943035,0.05004790450835152,-0.017134089232121272
0.002535201642419714,0.049978994936480454,0.03116513394083668
0.0026755458614548815,0.050085906536100046,-0.013699138340590744
0.0019577875684963194,0.04941496161784814,0.01770455247242137
0.001807368195417492,0.04976407050096403,0.005973217578742447
0.002578667952982007,0.04943385690451527,0.03765965789867443
0.0025396282082327444,0.049486870101222914,0.08038319728166675
0.0026755183463879877,0.0494219899011709,0.004183325803170398
0.0027100902088333626,0.049551912695207,0.02377958734504424
0.0027100902088333626,0.049551912695207,0.02377958734504424
0.0018537668674964865,0.04874132206141944,0.07822891333293118
0.0019245091693253925,0.0488122527774524,0.0979578789148937
0.002069845599878853,0.04863823322512862,0.07562262835476527
0.002045489044939779,0.04979587529306775,0.02670282174095741
0.0023498256296192164,0.05004861287829754,0.02013280468172172
0.0022496975301296578,0.050757521452895464,-0.011364011617376454
0.00200994716809006,0.05058840587301359,-0.008407483059239593
0.0023351029761494255,0.04915759013116153,0.03736422548795164
0.0017265215123140904,0.05003567163440278,0.013699641023444092
0.0016573027428046746,0.04996660118465816,-0.008082424301593564
0.0026809552093011633,0.050037910297181416,0.03331593441515496
0.0019845137837171643,0.04988826546566992,0.013497262298295577
0.0024357355948718255,0.05059743964239632,-0.018016431807326524
0.0024091163205922066,0.05062041969019682,-0.002542668862018474
0.00228637000234439,0.05032972478504628,-0.03501672519425785
0.0023384842536232735,0.049675095416309704,0.005899831293350195
0.0023933994481587406,0.049698746112373286,-0.008932220185055528
0.0017923634039852781,0.048946873347082386,0.03479117146620863
0.0023220909760991305,0.04856561323223793,0.07423138203290125
0.0022987520220030867,0.05065841736970525,-0.043437540461403315
0.0022701258845399786,0.049562580942858724,0.07901656216847609
0.0024685020140177705,0.04897314955314315,0.05233722432978844
0.001901188080579765,0.050175353337633455,-0.009563094969145067
0.0019560033413134736,0.049818554680703446,0.051122681628267365
0.0015984990161607912,0.04845878371837065,0.025650492880216987
0.001810204326793858,0.049212329836686323,0.10025302867696036
0.001805455225529947,0.04878622438517608,0.08634567388209503
0.0024201650731679953,0.047473841001883295,0.146846752745711
0.0022960286136675286,0.04734139426790777,0.1409124310257126
0.002246923673580276,0.047798128417332275,0.12775462272017635
0.002232707041908822,0.04766969604137651,0.10822719833116301
0.002072261239661989,0.04810913600395804,0.10523541427392995
0.0017848381786352095,0.04907891525218189,0.07078505728259564
0.0027171400860016336,0.050256887746862,0.030202526069182042
0.0025719459081918242,0.05005972734624905,0.040889684987246364
0.002010490113015748,0.050013571298335086,0.030780206383458904
0.0020888855756556425,0.04971564406876237,0.05016149528387636
0.0021646195197415874,0.04918459766355039,0.03980694866801879
0.0021219856029956064,0.050232886790464226,-0.008517664749078686
0.0025692144766399122,0.05039220064765137,-0.012849461269887761
0.002139633260475213,0.050012717570764184,0.016821383755409487
0.0021632810882193268,0.05029559333361461,0.04148975179761866
0.002466503935694512,0.049894500059704555,-0.002170138039016187
0.0022923175517889443,0.05071838605233032,0.01467593636698321
0.0024777601606233166,0.04980577045689644,-0.002746840035974968
0.0022653972495559117,0.050308055991041316,0.005177709331208449
0.0019095484230867202,0.04977361458194279,0.005465582075671703
0.002015337839622012,0.04989376713656764,-0.004910816815979359
0.0026952416791831903,0.050420324529721845,-0.014129992068161755
0.002581386537745914,0.05026849969609963,-0.0038060910750753116
0.0022419472317703236,0.050624996094199626,0.010361022475223147
0.0030453657495004356,0.049427615364727076,0.03165585188749045
0.0028895814321503377,0.04969191013673826,0.06143964819899078
0.0021021182512700504,0.05048746262405452,-0.04590521283898358
0.0025721829224056186,0.050543648020153466,-0.015044436605132976
0.0019538379113535217,0.0501320129102488,0.017458415843196448
0.002345228795956972,0.04993736913036452,0.003230275845923796
0.002160003954972411,0.05016608781176141,0.004785354041520999
0.0016380157357991252,0.049619630623504475,0.03435173991430346
0.002608386362554733,0.04919425027449624,0.06675727404957059
0.0022683029592481157,0.04984046258015861,0.05680364417463111
0.0026330534068607536,0.04935696251419572,0.00863882175489174
0.0020468734081298965,0.050097354014690426,-0.0021815331169340708
0.002248386980636509,0.05015642647487516,0.005181123521623815
0.002353877300731282,0.049832584566356454,0.02267333010580415
0.0031912732572742216,0.05050700358588075,0.01639770431169124
0.002426372802863386,0.050256292136713086,-0.02233680260786152
0.002556632788072857,0.05019311186031287,-0.004241843663005807
0.00261471174098134,0.050803099926741535,-0.015137825306873255
0.0019009566874420864,0.04994339409156143,0.0165967867418133
0.0020266230791284867,0.048789518118563885,0.0665788213512429
0.002251807896259287,0.04973050881523926,0.022695522201100778
0.0028385109652405162,0.05066880235968468,0.026053665627533005
0.0029934680655730544,0.050868565164242555,0.025736047613046605
0.0012656070775401368,0.04880954781553819,0.08613849351279451
0.0023065192963785553,0.050199426429550886,0.023601204122811692
0.0025202166283862498,0.04996228163542495,-0.020817648335894837
0.0031351871547214355,0.05106466012266538,-0.001539288932220001
0.0030682625010462292,0.050899534231311695,-0.0032082025368858477
0.0026360490277808173,0.050066652399209516,0.02074696778328078
0.0024160797142188167,0.05089708962829969,-0.025775165522121717
0.002379986481792196,0.05054391294878086,0.00030189647438840254
0.0021970243429189043,0.04949470054756783,0.03083121888554798
0.002021871019732438,0.04947842738499544,0.04545091864136179
0.002021407063308749,0.04893837184383102,0.05578808551530403
0.001919700659468547,0.049363355790486924,0.04688033572103055
0.002152816111643188,0.04975818174931365,0.05429936936112696
0.0026629618191569954,0.049214162753966215,0.05067063018731077
0.0022265952888896167,0.04928050192876604,0.026260859145850045
0.0022265952888896167,0.04928050192876604,0.026260859145850045
0.0020529636704799603,0.05117379058630761,-0.03479864929527741
0.0020529636704799603,0.05117379058630761,-0.03479864929527741
0.002157511344096393,0.04757902065264959,0.13022189155298455
0.002133638531404177,0.048250228711441925,0.09738404528568369
0.002231535029702785,0.04972533667575038,0.0008979075304474144
0.002162710312135047,0.04951765638331836,0.0177492435498956
0.002495964046486193,0.0498719711985767,0.06250420983050602
0.0017254028995141203,0.04980173241732362,0.05155771617557072
0.0028571452523276216,0.05154266473934956,-0.02587393507855211
0.0029505146459186293,0.05052922406381249,-0.030334168087863492
0.001463364730385443,0.04899702269118579,0.04214016001099072
0.0013969615150909475,0.049350647490620334,0.024199388063267272
0.0021057335014087954,0.049326804475971965,0.06308705992171587
0.0020787790092459215,0.05092738025875477,-0.0150174738960976
0.0019446668262381788,0.05103086914654102,0.00647687898972349
0.002190595734402392,0.05093608880831922,0.012864718735154953
0.0022921910928941774,0.05021403347272833,0.029268159138642606
0.0023670667069450695,0.05011116054281105,0.03708594348793368
0.002353296295083986,0.05064875894684626,-0.0002067270433765026
0.0031585409007743002,0.04985041750114151,0.027072478445482957
0.0026021400882369284,0.05001611532652499,0.02347411618850976
0.002867909336144539,0.0500552224589011,0.021693265437887382
0.0024563649182294113,0.049908763734716144,0.003995203719093225
0.002750316375549304,0.04977114372411077,0.038866324649737244
0.0028639895550482334,0.050199092886994916,0.016795472228523154
0.0018934995216144121,0.05110999654597879,-0.027126676431747074
0.0022509309353316376,0.05041347017710562,-0.024531971257880137
0.002686054735913094,0.04982784544845998,0.02779592251519499
0.002118604944061956,0.05008015700501388,5.99728750356281e-05
0.0024350095714955494,0.04997061274628781,0.009280718541992364
0.002417756894403493,0.050875306765713765,-0.03626234965961107
0.002305791889345017,0.05025199035611551,-0.007417303789016805
0.0026588651781471683,0.05073972066593238,0.003015536118934777
0.0022121219492701972,0.04928550773780829,0.009617119807303759
0.0021806081804782713,0.04969609527095189,0.03977291214491085
0.0021253297550659347,0.049582677279849274,0.03010414788460061
0.0021102119076103036,0.05035284219570843,-0.020485694020944422
0.0018198400877839811,0.05145848245797865,-0.04216058067442136
0.0023004935980493004,0.04858449375319788,0.054283794630925336
0.002368961418211544,0.048710926358673065,0.0824328815443717
0.001484621186023072,0.05060475603064047,-0.03976584487747088
0.0022630525072106582,0.05069153295102273,-0.040393801639431744
0.002266418496515052,0.049294254545601025,0.046157524304548
0.0025802458783117563,0.05017947076493044,0.014972219433310603
0.0022475635224748197,0.05001943351648014,0.024071299681540606
0.0023301810432165403,0.0495987839865305,0.040911109290394154
0.0020228324944467236,0.04975297774658079,0.025486863029922785
0.001945976206191912,0.05007804783914764,0.017779960353777356
0.00178081969397553,0.04952760630862573,-0.026903099227350107
0.0015399258489088169,0.05015675172651103,-0.019879654078589118
0.0016754578020664703,0.04962771023741908,-0.0402862554772094
0.0021490728430292,0.0505928584201397,0.017291273089957485
0.0020756619864292524,0.04953483263916827,0.02131630101041358
0.0019530880261490798,0.049514202085713166,0.044485575944587866
0.0022650230808783857,0.04967760964940379,0.047821586143722346
0.0026294776937298204,0.04968918517912714,0.026404945675149224
0.002509347822753382,0.04956544264251405,-0.008878927676303347
0.0024796394059455303,0.04953783097975592,-0.0003063950801633394
0.0022439087611292965,0.049722309599309344,0.012330994641202868
0.0023499827745661972,0.05067323598824355,-0.03514907392961814
0.002441919309020241,0.050605545102759636,-0.015759079054610787
0.002136259902935882,0.05037133156746301,0.02263847247001699
0.0020083275357086986,0.05001251713909917,-0.028135692771896263
0.0024532512564978733,0.049888743771233,0.048766184936035614
0.0022086737990975017,0.04952045412227298,0.040151528917452585
0.002367233097884619,0.05026374960508249,0.004448836974156619
0.002080642852570007,0.04989628995820543,0.01696570883888894
0.002080642852570007,0.04989628995820543,0.01696570883888894
0.0018431161115424507,0.05020363123995877,0.009456469581796407
0.0021074891584649817,0.05050646306282985,0.032682522426360376
0.0021123025971613303,0.05013896169262233,-0.03181469114611169
0.002159730993180981,0.05079500377442161,-0.02626904760153348
0.0026855740909322925,0.05039730967301656,-0.02448145321916939
0.002750688885031785,0.0504349636645783,0.0187162691152506
0.0026129729376089166,0.05019517447772285,0.002665216657319086
0.002378922070671123,0.05014221194701582,0.020152823678587978
0.002482905803331506,0.05035408504691557,-0.003912639305221361
0.002771571075705568,0.05082076578537407,-0.008324733801301498
0.0018870094986864522,0.048598326225542415,0.08629705586418994
0.0031214647119512983,0.05050518402263381,0.014880602446625195
0.0031214647119512983,0.05050518402263381,0.014880602446625195
0.0022533442462732596,0.05029408528590664,-0.012198870187146398
0.0028485202313576568,0.04953706901455671,0.04932878688812124
0.0022755050340591723,0.049261490958634656,0.0420480256367301
0.0020013688280377784,0.050254553442123095,-0.024593464469492975
0.0019465511588347521,0.05025048942690307,-0.0021907779926387707
0.002369044205459631,0.05065695843997956,-0.012018082845902845
0.001713800451231174,0.04962774778406102,0.016346451781138673
0.0018631395928975605,0.050018552928018156,0.05324420178869406
0.001845817907470129,0.048544871976811184,0.07847465816345282
0.002308177424426303,0.049282884350125816,0.057595128336257226
0.0021257270374143507,0.05091359267825151,-0.03724437049665221
0.0027170083780336976,0.05018977375101721,0.005407190636223042
0.0026355987325063844,0.05006161090697416,0.00571416156402319
0.002137318566793846,0.05064847137591223,0.0011116353026104952
0.002638082469317761,0.05051476833032808,-0.020858488444700504
0.0015927684783211271,0.049646443258838394,0.014302928142777798
0.0017573604035160512,0.0487002775992167,0.08408635144566715
0.0016966021902512425,0.048245937727950085,0.09148452120044408
0.0017819331100500208,0.04821929099919439,0.10187721434082506
0.0021657978039225905,0.04988473631974627,0.018630175497002986
0.0021547867934176472,0.050442113226734954,-0.01741096040970155
0.0023450877733520083,0.05083228581392668,-0.020785700947012663
0.0023450877733520083,0.05083228581392668,-0.020785700947012663
0.0025856529798330497,0.05035625580590601,-0.027285413771466677
0.0025726547500701004,0.05136545025136358,-0.03187442064183225
0.0018759531206216785,0.050567854208643515,0.01766005495347684
0.002056413566109122,0.04999501803557348,0.01087685644061336
0.0022685904590535925,0.0489877447994649,0.0612792073891559
0.002307006552970314,0.04947629108317109,0.042165345201961295
0.002539187130134034,0.04937743472832757,0.05313656222111837
0.002168103468712035,0.05058415010870251,-0.017858821027107372
0.001970506672244898,0.04864548102445222,0.05549034188706464
0.002310285449538129,0.04867818732854409,0.0934330287096976
0.0024970507269885703,0.048476147962613986,0.08705579522331255
0.0021073571154136377,0.05154293673174741,-0.04789536755656246
0.0022144003429846564,0.050902454366623474,-0.05064279181576621
0.0021323507436079316,0.05168575818761768,-0.054694187829627344
0.0016023305330766843,0.05075140385365115,-0.033949477083333936
0.0019978740278563723,0.05089692910577517,-0.02545975309254226
0.0021089774621220014,0.05000343621598376,0.0007572041571736518
0.002044579229765812,0.04922529098655774,0.023260573089056987
0.002017474328849184,0.04962500608608441,0.0344430032336841
0.0021356210622808496,0.05002207130908731,0.055839170667555435
0.0025768364390530685,0.05002854379796159,-0.012669999082320487
0.0025333498731753643,0.050092725241896126,0.012645400335243794
0.002176659612895791,0.050330093934629457,-0.0033935012825148207
0.0020841569843647505,0.049272543631569146,0.03632387287259421
0.0022520023566000315,0.049268365346576845,0.06240286482714301
0.002293084158934765,0.04935277606966588,0.021813096768901946
0.002461342937013137,0.04999942440112248,0.03746584398861411
0.002259810597921613,0.050041697219527996,0.058195149782058905
0.0028589915125236324,0.04958043565896267,0.008951290118895647
0.002764778148915314,0.049875143537477594,0.018769703952057803
0.002527625232198304,0.050708827516012606,-0.012491941929924838
0.0018500738114950743,0.04911513912870695,0.06396044007955992
0.001915424575784798,0.048437496257646685,0.0722692837602854
0.002919468021304228,0.04984738622323901,0.06188919238429924
0.0025291362698584914,0.05008137365927888,0.06802897034078988
0.0022283030332620013,0.050585136664272556,-0.007754117507760679
0.002178197088936174,0.049652597587125896,0.02321642762445659
0.001952617885703786,0.05026217019100291,0.0007185230993574174
0.00223970430994165,0.05013008017989685,0.01015689977196696
0.0022795230601508946,0.04930820355441263,0.06511911161378955
0.001466126058759799,0.04920936905992539,0.030487749709256117
0.00239801238893149,0.050634505557150475,0.02126707790252126
0.002415287198972013,0.05024728914220722,0.03875101652227572
0.0023623066117479494,0.05140733107689594,-0.04366704166748739
0.002420211398883239,0.049228872994943246,0.04333220141593658
0.0020949295705365144,0.04962960568975626,0.07250744490182603
0.0016521262257066056,0.04925957299436275,0.03561663006709896
0.0016561132445912189,0.048305832941100114,0.08899472246714896
0.0018117516124396141,0.04948055659528075,0.020638074926656744
0.0018102564277448778,0.0494473137084966,0.019283215435309885
0.0021975155936030106,0.049993785024509484,0.02266047756286199
0.002563062901647481,0.049535002167387064,0.02400534458078078
0.0021664044891299833,0.050035632598077834,-0.00910760016708543
0.0022313165065818595,0.05041771900933557,-0.022602106453027432
0.002222113451511756,0.050388059407134755,-0.010508065913535815
0.0017754139954079082,0.04969463755364826,0.008219678836708818
0.002426678076170287,0.04957824488424689,0.017567427274630013
0.002817736469233714,0.04962065644359214,0.03954749305996537
0.0017327861304924925,0.04969032490184093,0.024421862007473306
0.0018429564425777503,0.04861863965201697,0.07222471655956336
0.002350500142403312,0.050789883547080764,-0.01251459073783959
0.002128804844828974,0.050276818410632945,-0.007871610721697075
0.0023271072144122828,0.05011588225461285,0.013154462480442036
0.0025160757388564027,0.04999207568224535,0.01341853614930358
0.002208605208512798,0.04933902201449805,0.026572194966085587
0.0021790281658420393,0.05025561875350814,0.015859030395226206
0.0023791532642674215,0.05015057969372335,-0.005870553408938964
0.002445119057390887,0.04995885708731784,0.008559468216648977
0.0024613545854359,0.0500680113263604,0.030706430012762798
0.0026778253919040856,0.04960848096980974,0.04236181159668508
0.002240277776858393,0.04950966782260507,0.009918248438878261
0.002005496259962277,0.04914219916795022,0.08337339184535236
0.0020692431879674755,0.04847242681603318,0.060805412074983
0.0021909189893864847,0.050452436060623544,0.008150813774427963
0.0016852262550481072,0.05090333790052084,-0.046114241695338315
0.0017111385062674766,0.050444389551251856,0.006316390183630639
0.0018415357479018935,0.05039717143560216,0.021467649359600317
0.0019455020936440918,0.04940839454647732,0.03300958437747696
0.002039496584395196,0.04950281060008682,0.03157949855160291
0.0024934376678487856,0.0506297161657193,-0.002545458195297291
0.0021848418646283362,0.050225268718601904,0.019162089821080946
0.0022323551482004472,0.05042863248101487,0.02125410565693838
0.0016866910396813445,0.049895677617521006,-0.016845424990961227
0.0016650745350669752,0.049958575126247,0.02467927457492382
0.002357224546268274,0.05018903175940102,0.01558181996188889
0.002382555245886838,0.04933081283252345,0.06341110962708825
0.0024849145891695035,0.050032717060620166,0.04240938532380027
0.002574993512388976,0.049654277684045706,0.004576176230043473
0.002568814156084853,0.049804607904168754,0.007279557211840609
0.0021963338575657736,0.05022962938927519,0.01664684263708618
0.0020241123741824574,0.05014820493955683,0.02661685761381458
0.0025854361735720218,0.050551509344987776,0.0085401111679021
0.002580733278669488,0.05034651044245563,0.004869204112039044
0.002519403424658606,0.049743354074821305,0.01677189645862834
0.0017607397063160658,0.05038191584363902,-0.02287207022725645
0.0019385774269141498,0.05124936059109372,0.02729758970960612
0.0017896411252953028,0.04876024741797417,0.0025288496680846086
0.0020350015955318893,0.05056849711659655,-0.0037815574574506794
0.002701676769324399,0.049743971868968895,0.02041049586060834
0.00277320281360477,0.04974422934123093,0.04064734717421252
0.002589987882208468,0.049971529620172886,0.0014522320810313393
0.0023043559080599455,0.050294979440609976,-0.00474564730711461
0.0021585708702385664,0.04959069043355793,0.006198094763767483
0.002036779254585796,0.04958774835894274,0.02230826488839999
0.002281094717571103,0.05016784085192299,0.012220317026253685
0.0022093158155208734,0.04980481717532825,0.018664127266203437
0.002524820593818865,0.04970036246785779,0.02486984275320698
0.0026590885939077728,0.05009529857654378,0.007897016132209028
0.0019070770728381401,0.05053144211314949,-0.0016927222741957872
0.0023017539966695487,0.049715292966585625,-0.001679559250349395
0.0023289221763489708,0.04978871129400453,4.579919970498919e-05
0.002530307445858085,0.05039567231144498,0.023564656527064874
0.0023862093913300506,0.050102414697238404,-0.004856078361803293
0.0021006365556582598,0.05025781439565391,0.004782399765005058
0.0016919006402191792,0.04936942214746628,0.032461017025337394
0.002186225592467374,0.04909925218539234,0.03485432359110801
0.0025627444472467757,0.049891880708769334,0.051377446444712524
0.0024042738176314007,0.049161711990866365,0.02188931076010338
0.0026264629217729566,0.04928535987816941,0.05141815414608268
0.0026264629217729566,0.04928535987816941,0.05141815414608268
0.0022802594567020006,0.04962139537828554,0.026574341408822633
0.002150017122731851,0.04992104604204196,0.015304938657042107
0.0020998727051339235,0.04998343438093123,-0.008359170956696246
0.002196891463718936,0.050286426285103596,-0.01777828848559961
0.002365654728515141,0.04940079089575681,0.0404997147400263
0.002393328866168535,0.05082874105977661,-0.02564033015365414
0.002014877704876063,0.04954643038269413,0.027986656991631425
0.001979018704965095,0.04956803696749302,0.045878918707888655
0.002036050538931926,0.050638830938471886,-0.04745425830476282
0.002013210912395409,0.05095568339362722,-0.009746247584329718
0.0023301557903030396,0.05024125535659153,-0.03052040873806856
0.0019318675258722508,0.0496656665206652,0.06253777540516497
0.0016026479801841246,0.04930323879597585,0.0014562403669716683
0.001726507085300675,0.049783095968627074,0.013048202647012001
0.0026939609675692474,0.05047434008201685,-0.020901505051613912
0.0019804387049463146,0.05057821095364232,-0.0177911247459649
0.001876813293815691,0.05148228955512351,-0.06556866732267122
0.002114526602823257,0.049311402548180686,0.04858892586354367
0.0026148873835051345,0.05028729766856497,0.005713459043912444
0.002258094126247575,0.04907028802634046,0.05152523551383242
0.00159764248363823,0.04955246794672404,0.03689475997587908
0.001593090950394716,0.04959283781186686,0.05400043995921018
0.001590506671202226,0.04961718087585586,0.0508704139511848
0.0022516819909598074,0.047342431834502846,0.11553610573028983
0.0020374229439720916,0.04754465986153215,0.0940150265989583
0.002649199114677849,0.05010761646616393,0.02230106497514992
0.0019786868409688327,0.0497964112031263,0.022747142413356056
0.0026677546138672127,0.05050177360057364,-0.004399542256936879
0.0020662192544834506,0.04934057142299355,0.04429348397801927
0.0021317997903409786,0.049028883791829556,0.06861120567105171
0.002335805897341387,0.048546397478451075,0.06731631635372103
0.0018623716532893961,0.049428449364345414,0.06263889316272082
0.0017466358253868924,0.04914424016151664,0.05765762148100505
0.0019754488910873258,0.049099958461657246,0.04960050097457936
0.0020475323519126413,0.050144766529483714,0.01528081866468108
0.0025376119406355013,0.04997417582205588,-0.020689842057565445
0.0019930889470855732,0.04979379013017012,0.001555074934826773
0.0020093513151969757,0.049783815082663274,0.018598938018791904
0.002425328743202563,0.050425044336290914,-0.0012105620693031872
0.0023092667468464063,0.050116840235968046,0.00888852813461901
0.0025464550205027904,0.049627204704477616,0.0006484686936949984
0.0022451321226376595,0.04962193382275603,0.04198530212554223
0.00259051328000038,0.04886831102721026,0.07473931420884129
0.002199214424531838,0.04933578049879709,0.06453894226734398
0.002205644676773058,0.049261403767627165,0.06470564631106895
0.0027620674837944745,0.049305829340282506,0.03512024373492839
0.0026862275456042027,0.04931639249999546,0.06343836993320558
0.0019059868846113786,0.05132419001855431,-0.035934945143082646
0.002001002969163757,0.05066512384143274,-0.06048167553767596
0.001886416896514857,0.049335599375138726,0.0708356640875673
0.0019365828857649395,0.048654690588433934,0.035567484325244966
0.0022119199806942915,0.04937173753392784,0.08272096823159192
0.0023041621164410155,0.04997431210654837,0.049088992626458536
0.002389619589257419,0.0482479761320999,0.0632542136206876
0.002086241739287358,0.04872686778728686,0.04931805587567439
0.00253850338242964,0.04867587303054997,0.051168803369473825
0.0022980726770136005,0.04921127156540508,0.07528604765557696
0.002489909345186837,0.04967551953422478,0.04219566406215841
0.0024278668566462677,0.04918590791620322,0.05600944399866204
0.0024896303707726223,0.04981308942742972,0.07667811758979826
0.0026924343973744208,0.049667812358364295,0.056098518362621516
0.002084860151883968,0.04932205049984353,0.036133516074101
0.002084860151883968,0.04932205049984353,0.036133516074101
0.0021351723490133103,0.04951331394679963,0.060496230914166095
0.0029827789270415717,0.049795147860212205,0.01193999450788633
0.002354328880543326,0.05047680182889163,0.006511344530755113
0.0017422360265302555,0.049373752110085864,0.018723445625795417
0.0016819148548826584,0.049460806571578524,0.058293739169554264
0.002481670535176401,0.04912381041355693,0.08319929923556442
0.002403086186750214,0.049069491981948245,0.04302349803606136
0.0012165608902740676,0.04928374368861388,0.0698647326223341
0.0010568971010693454,0.04924336678473105,0.05091616860262525
0.0018431043553239098,0.048248181173165414,0.08983347336528237
0.0017870026600909478,0.04805063799309946,0.09574020625404701
0.002403832828198497,0.04908269104852177,0.0932070419831721
0.002112169800974834,0.05126450239493709,-0.031531130755183094
0.0022860949375974153,0.05133701967155803,-0.05120988916041492
0.0018398825067716944,0.05002159448708689,-8.173051034204927e-05
0.0020799951834616277,0.05032926799149977,0.0025080037001206793
0.0024500326950294225,0.0507255410310082,-0.035001032831115386
0.002441005082531602,0.051178732505908896,-0.019815884427375363
0.0022155401447387538,0.04975012506352357,-0.032677423592089354
0.0022781970996588997,0.05004415805592278,-0.005216760240816813
0.0021870457879005034,0.04993618385736576,0.008708444177425783
0.00270085547785568,0.04991682507962059,0.01903823237087145
0.002579519429724828,0.0498836556874739,0.03428281620514028
0.0016229481951580032,0.05053092337963628,-0.01398113865439614
0.0019391066293556942,0.049845293928165606,-0.01842571294278692
0.002452294349436794,0.04966834569910368,0.02646342826221203
0.0021702234556802815,0.05046263278155627,-0.016157082229207326
0.002398914757614362,0.05116343045020544,-0.0479794573909046
0.0020076084091173894,0.04986397095161089,0.013684561289080707
0.0016955656214391861,0.04994165097368076,0.0011642074317287682
0.002740337621761448,0.049948863689166234,0.03796823183278205
0.0019277239112247,0.04952323392057428,0.035021794983800786
0.0018056133679442909,0.04990381928853801,0.007686012469818832
0.0018159305792787676,0.050120641256733496,0.018113547615403156
0.001948292338138899,0.050586078596443776,0.03589933201327155
0.0021129382098261963,0.05059142356674791,0.01544057076421123
0.002746416382310467,0.04993862429352781,0.0008351163009622827
0.0021442183872036886,0.05005898724047106,0.04252603902012089
0.002069577604650276,0.04955211984007139,0.03318892440344035
0.0024722425830507673,0.050444201762065946,0.01693003768030247
0.002657057873919479,0.04975865759541031,0.002670439566628631
0.0017351360169618293,0.04959476609246185,0.057104925265230144
0.0019514182512253518,0.05016064511305095,-0.024441164303014535
0.0019464532562017,0.049830759566552224,-0.034783347810991835
0.0025644106171888582,0.05088172672181808,0.006139149933391882
0.0017487014606563007,0.050685979157242815,0.013730777561693719
0.0017540599132625275,0.051134979723116154,-0.00038116552851833466
0.0018102170952022164,0.05070390103968958,0.011079270417765375
0.001713231105702396,0.04925468471243509,0.004500328190234217
0.0018614049208030105,0.049937781333676184,0.0066511205819838794
0.0017233805965556899,0.048759345241812496,0.07717059971713841
0.0018144144612206024,0.0475324104716799,0.12279695357438339
0.0022506552061136846,0.04887908890836179,0.06740710232728248
0.0027042888023780013,0.049793015145691615,0.017359012916375195
0.002438426644009704,0.05020863195602649,0.0020070599342164497
0.0022102543536101932,0.050053198916796146,0.0009053577716699245
0.0027697498528158862,0.04994175610680212,0.02272072904172553
0.0026008448593648013,0.0497015243701086,0.010914676929751187
0.0023187253294387512,0.05016468044647124,0.019542846820161823
0.002173979475844876,0.05099177372426566,-0.028064014165591074
0.0024658625222777945,0.05043748707482567,0.015124115201132214
0.0018663629680119186,0.0496775870958041,0.0511209302880663
0.0017855108736291084,0.050691939916378596,0.044507293405178026
0.0015434131362957804,0.04879547725028932,0.013022740225652562
0.002833533498680502,0.05007747685208306,-0.01674812587744294
0.0025781446100754113,0.05126346540931514,-0.034417252690884886
0.0024748815857096053,0.050912322744653085,-0.044862950222304784
0.0018246739567256336,0.04970513476044953,0.03749743977917061
0.002068461125088713,0.04981060081519432,0.04870256876336783
0.0025787730053211254,0.04931105665455789,0.013858092754982317
0.0021327784684300743,0.05057241524980329,0.01895543893902799
0.0018308731022274383,0.05004099590844589,-0.02896439858207589
0.002594824696332315,0.050166531824358,0.032665065309722116
0.0025833560350194537,0.05046101568849191,-0.03239673234065161
0.0026930593444508422,0.05089023060538286,-0.028542830825428345
0.0020315433878341583,0.05004014261560254,-0.00545483839243026
0.001853408796142102,0.050820147968117485,-0.024482037860397605
0.002511513151128253,0.05066240369289107,-0.019198982493079386
0.0018852805796204836,0.05123233510573013,-0.01993267028347769
0.0021568766380747426,0.049935125289749076,-0.059367964202897604
0.0019152691793223294,0.050999029067305614,-0.0012015807353527156
0.0022950373170027333,0.05012709215170694,-0.003674482161481894
0.002760227837913982,0.050925891979566186,0.013688841905332587
0.0023879285731250965,0.048898101722612455,0.04564610903714868
0.001962426319781726,0.04834754395419913,0.06127735323662911
0.0019086102565206502,0.048715924099094816,0.07571428581164945
0.002493209953794401,0.05067718754230502,-0.018821984601955173
0.002570759856833882,0.0505379354755936,-0.015880358888504125
0.002322029460314892,0.04988229479128913,0.0119699598783191
0.002421812392297633,0.04988508140919899,0.013274506493948438
0.0023034137388418495,0.049975912823926,0.019872518386059405
0.0022113883724407903,0.05076877839574488,0.002614129199546357
0.0024567418231378917,0.049801935065088364,0.010544308576335624
0.002534051688879159,0.050171361254736806,0.02000059873342223
0.0021093642975348534,0.050054037288674316,0.012003566533285541
0.002192296494506326,0.04974665215917253,-0.014548175018284504
0.002070287855174977,0.050252305285151976,-0.007694627794097844
0.0018230329985101455,0.05015362810203178,0.005162889147396849
0.002289903144989845,0.04839772929676683,0.08758461896908973
0.0013586590521600479,0.04948053404386143,0.03347626090033575
0.0016095810766419037,0.04988534806891042,0.0415738953857766
0.0019403518191004714,0.05057375796467983,-0.05547332129396526
0.0018953647198817329,0.05036590349850719,-0.03462263050557699
0.0018250474588396223,0.050757090910933375,-0.01619442599994761
0.002704545751149916,0.0503952795338607,0.008418323914541982
0.002666625641307245,0.04952441044734182,0.022109412796085217
0.001986591833274311,0.05007292711360123,0.012433506763275676
0.0024262214652704876,0.05063535042471369,0.00020683734004263101
0.002129603968632454,0.04957324224528095,0.04554207304091319
0.0027569033740562016,0.05007923051144233,0.00010274316606906741
0.0025817111339859083,0.05042173110771575,-0.0005914282174071121
0.0027195027015897546,0.05041884279533441,0.008630390926358887
0.0027195027015897546,0.05041884279533441,0.008630390926358887
0.002315367287032205,0.05021629827374215,-0.0018880338711454124
0.0021186487693033093,0.05038118360247511,-0.028385632271598554
0.002754068596831506,0.04875160760073523,0.08216858659849208
0.0022212476227946075,0.04804124193936735,0.09294146740018071
0.002492911199374142,0.04857690186876068,0.0873861136970797
0.002492911199374142,0.04857690186876068,0.0873861136970797
0.0025910887456950245,0.048921974150527174,0.08107315068026301
0.0014681625082164015,0.04889578910205183,0.0745027928813627
0.0016790655158569613,0.049183187931657164,0.11496947062896608
0.0018383701610495647,0.049245053045120855,0.10991138097499707
0.002567723595584544,0.05005389061630438,0.029891502069583478
0.002149955655829835,0.04984166173566706,0.01473571842958716
0.0021158578298051066,0.0499917727965342,0.005738376522352924
0.0023659208529773325,0.05008794804610716,0.004033542081050064
0.002248969756743131,0.0499967510114163,0.017354790233286486
0.002182576879613411,0.04943163876423625,0.02295584980580136
0.0025113848094933037,0.050657019938501004,0.007468818604098891
0.0022026529426529893,0.04955792507602939,0.0019548430066185494
0.002384226758534185,0.05010226289473065,0.048155678767778314
0.002889845981838816,0.049539198577820166,0.05606079516357318
0.003065935793899703,0.04903704703438952,0.06680502771494465
0.0025775693563676785,0.049871768505750286,0.04728533468698041
0.00195613112236909,0.04879776728317447,0.07936287385433914
0.0021739626806628566,0.049835243718093246,0.005718882234461983
0.0021273581857498146,0.05097561036207414,-0.02463392456904362
0.0018482330837350282,0.050843797512560546,-0.04455745369692362
0.002526141391490235,0.04908444837195677,0.031811191456471564
0.0022256352121935523,0.050614527582328074,-0.05327267903916006
0.002461598834707396,0.04973999953053911,0.009699365412451703
0.0024221282393363983,0.04986164900669265,0.041057780252534835
0.0022989887758974696,0.050108855164778573,0.015619171682227272
0.0024329358402053283,0.050352726037995406,0.005432072363686547
0.001986083049771147,0.05051958293006737,0.001641724249269483
0.002552690589349478,0.050182198254373575,0.017685417725137088
0.0022048279590465916,0.05080842121413105,-0.024168256270794036
0.0018715817649455936,0.05020625492602882,0.03261554791308902
0.0019416770612932766,0.04963178746295308,0.006000021238583768
0.0019416770612932766,0.04963178746295308,0.006000021238583768
0.0021574465900301965,0.05049335728667846,0.00660906213088041
0.0021642777962597778,0.050773188365451645,-0.025508945010671847
0.0019110881156382527,0.05000433445788773,0.02036221014255821
0.0025021990878751716,0.05114068465175372,-0.04216198497707349
0.002383100336969504,0.05022506645325884,-0.008942908239593607
0.0024384332666858963,0.05075197629017922,-0.01964472914462143
0.0022227558504806615,0.05008505953290667,0.011879375941997866
0.0023813030451353546,0.04972140172884379,0.01074478177273793
0.0023305404685211757,0.05038933777124673,-0.020776690706243234
0.0022544577327291257,0.05027141256287714,-0.000802452209780983
0.0021289134572167255,0.04984169614725679,0.003162085604843663
0.0026225359995426896,0.05001624515014085,0.014332540536790275
0.002278595451515755,0.05077143578652322,-0.00979314426876768
0.0020855950929391993,0.04938648999410911,0.01899928716371892
0.002030329823888669,0.05021817312706327,0.02612528808057534
0.002537764598811204,0.050127014696191144,-0.006106439643996094
0.002397761590782328,0.049778289014836594,-0.004886336187421837
0.002499493562062631,0.04998584608384054,-0.001411941947915906
0.0021547386246874795,0.04992392910659133,0.01979551924465483
0.0022720682862405095,0.04996652293530398,-0.008409042457569233
0.002233884711321445,0.05108599593091205,-0.041906699524031116
0.002518441606966462,0.050966958977497104,-0.0238179683932418
0.001992952188999188,0.04912215682496504,0.05509474010083353
0.0021315988820963445,0.050178316656066806,0.005414359570125845
0.0019970888319713184,0.05003374922519639,-0.014924838835815793
0.0020156545462759333,0.04964986406718908,0.03469847205621948
0.002195528823574295,0.05037383087051854,0.0032696569872120032
0.0021178148079434743,0.04997675583342721,0.02121003361335692
0.0026025039260463905,0.04985912819097203,0.006147185949370662
0.0021737071557763996,0.04898843163580046,0.04246271680974133
0.00186851457282053,0.04924620238695549,0.03821091514232387
0.0018271684804512002,0.04944818099305425,0.04183014735654464
0.0022076555963537942,0.04943499582600942,0.032166930622385154
0.002526048124382196,0.050002633976309864,0.006373522375019757
0.002122878141941104,0.05011261016600764,0.0031228237564949325
0.0017328723596141504,0.049932710489859665,0.037551444337852215
0.002123771306834391,0.04904025293778484,0.06253639569985633
0.0020822571495628913,0.04950543773302978,0.04359330510003956
0.002581935661476643,0.04894591018781389,0.07633169222714341
0.002168926334668795,0.05139183097979066,-0.0481318573118552
0.00230875740974492,0.05077561551396247,-0.031446808282973145
0.00230875740974492,0.05077561551396247,-0.031446808282973145
0.0024094504781345945,0.0491840779689027,0.019708995925305905
0.0024893603210246118,0.05065823512999821,0.015352863432933444
0.0026935058894603267,0.04980604790237395,-0.003879814008493327
0.002547326718078779,0.050981887397279615,-0.016098305575810178
0.0018497071776718563,0.048452550043737684,0.09758875816726525
0.0018657085893892104,0.04790696333425339,0.07420377069863461
0.002154347323649226,0.04875197177201963,0.10302737582858434
0.0018237538631874731,0.04873874898867847,0.03617557510694403
0.0026709186389269864,0.05101454047119035,0.00851747389277008
0.0018628325587027742,0.05120355995270767,-0.03165572155615996
0.0023983904931618705,0.04935356775207096,0.05650040161785715
0.00241462321665433,0.04946612985665135,0.049560545635115694
0.0021364199239056574,0.04918518352604934,0.03991571914628429
0.0019053696336164025,0.049322418444991065,0.05392947774507338
0.002217462509222214,0.04986567324344469,0.043498702441645144
0.0028038912424322637,0.04953948269088246,0.010002032165176552
0.002623911438435196,0.05015353538014583,0.04606959673885619
0.002816655905088903,0.04936569823346822,0.03943089721021512
0.001707364422062827,0.04958738630825796,0.05070883410594263
0.0022002849099746462,0.04938112833452157,0.0589448656825097
0.0019925192855964665,0.04909080871198318,0.0346853037400053
0.0015311041286993315,0.048199885844935474,0.09193239476864223
0.002646839791112257,0.05011027632041235,0.010041063850371727
0.002065251047388913,0.05018057439704804,0.002774522001038172
0.002240743213895141,0.05077348832590939,-0.024993734711082613
0.0023922150153695954,0.05049008110827013,-0.04232848049090596
0.0018232166868798589,0.049306403587830255,0.06737981960596176
0.0019239559940867003,0.0493320243000508,0.02264385433527648
0.0021604505845344395,0.04916230727106658,0.007620940960584215
0.002308717906942237,0.04955779995699675,0.012438726697292797
0.002611919435687431,0.050674689141971915,0.010954190601556162
0.001986883479500622,0.049091807829332215,0.03775614766628824
0.0016641780711397036,0.04991693661769707,0.044753573015786585
0.0020428331164167603,0.05034592919300667,-0.047185586166895666
0.0023135051007802023,0.049982043789003325,-0.058278900910461624
0.002290363299850562,0.0500410948935025,-0.03823458397953331
0.0018908124920868053,0.05021002802624663,0.0497126436082622
0.0019437662370815293,0.04916282641251582,0.04999873358156678
0.002363847509866992,0.04908053286881888,0.050888876340626624
0.0022046643944802673,0.049771698957396956,0.03454860012881091
0.002375364213684778,0.04961799729390985,0.01670758093619958
0.0016976514117446144,0.0493151146338733,0.029297189256170267
0.002670680831551531,0.04913975854229938,0.0526441463120326
0.0023924062602657917,0.04957770270119387,0.05000359962053374
0.0024412293966979697,0.04968154064124065,0.054227948823202844
0.0028160136455240305,0.04958636720050818,0.04450429973603834
0.0028160136455240305,0.04958636720050818,0.04450429973603834
0.0018089760180863533,0.05044055383389284,-0.01590885712654316
0.002240535641532946,0.048716413578496036,0.06705434485020186
0.0024844745156682446,0.05048919474716056,-0.003741461575288864
0.0024070587816780067,0.05025671912520413,0.02149451381691496
0.0026943291343767585,0.049406639105278316,0.017809281974760838
0.002281121229599622,0.05009121688154554,0.02107823869090091
0.002668728164579694,0.04987687727649463,0.01331302114091473
0.0025018369825923954,0.04993674950395354,0.016179164641658
0.002475328893841186,0.04963247279367705,0.03295794583500173
0.002015082262859231,0.050032263574560004,0.021046737723227026
0.001400133724541215,0.04977755508121,0.019046773045758532
0.0016505434789909931,0.05033920288585276,0.025101344818778553
0.0019659692828071676,0.050414681768474565,-0.0127562566901781
0.002274940167458795,0.0509531295387303,-0.004661970702976409
0.0023833276300291115,0.05111745370379627,-0.041711438704067176
0.0022765414889344346,0.05007653006149806,-0.006187266488105347
0.0025983941172549254,0.05043714870260663,0.0067494688298553205
0.0027567850205088254,0.05055360305694509,-0.028588529092404502
0.002495692513685373,0.049967693203735786,0.02527384049944042
0.0023110577654162946,0.05061765149975889,-0.0012141014499422985
0.0023110577654162946,0.05061765149975889,-0.0012141014499422985
0.0022505469408196305,0.05008449893335091,0.01398571300244207
0.0022270475191970176,0.05007532986521708,0.007671035523605846
0.0021038047504736953,0.05024333339125662,0.0061663784004985685
0.002435751014498958,0.050799726183384256,0.0021444233430521742
0.002406678552965086,0.04995112395492218,0.008558879841553608
0.0024120223173715676,0.05003296368680651,0.0241987517826228
0.0023819855608688705,0.04974486656557173,0.023171490808497175
0.0023187072422442335,0.04953096240664088,0.022151163771468016
0.002441638087212896,0.04994208075108529,0.02977155053698229
0.00176351885239839,0.04940556382113031,0.01817421316263147
0.002317356582069797,0.0509618974713613,-0.03265103532726542
0.0018694710926183355,0.048976477623307306,0.05000452638421342
0.001640719550117921,0.048966251322181895,0.05517384628072656
0.0017235087661719177,0.04934609045797703,0.11743671226463805
0.001754544756729729,0.04838410518475022,0.08120993041189353
0.0025089204880424233,0.04971461680872315,0.05238865146187566
0.0025235736324131022,0.04976669559623907,0.06110072964493971
0.0017678952715905678,0.05089315206077423,-0.054615797454471385
0.0019479119758594723,0.05195625722519394,-0.027163159475734677
0.0020242938961388102,0.05113799487766067,-0.06673926746982255
0.002116627155782936,0.051713895377090945,-0.04556254491989266
0.0024002893688741278,0.05130625723574889,-0.029833892617268203
0.0016575197854990314,0.05013877863903132,-0.017220254152395576
0.001727220123839402,0.04996759002831413,0.003457437397108475
0.0016691643000037888,0.0498517312268157,0.005784494237505126
0.0016844722951933492,0.0498178466532547,0.07876086333554495
0.002221172462184769,0.050429961431059496,-0.017106803277308874
0.0025754037461996775,0.04969656572498932,0.038299253603140494
0.001902641571558112,0.049880663597821125,0.035941162370811366
0.0024393886959043595,0.04975910496524476,0.04034468987059672
0.002406382591835182,0.04949424210870181,0.06016913614272341
0.0023184908826335364,0.049361898790532224,0.04020768000844188
0.0024108948421871375,0.05029887737373238,-0.00389164748326847
0.0019006933421621393,0.04984449314508917,-0.0013801979870165693
0.0014032850359679257,0.05017492678904107,0.022771398518291425
0.0014886279134579098,0.049809027494676604,-0.0007587737156785759
0.001486088644428043,0.049961411449751976,0.014573100864268954
0.002470430438132767,0.04959042211461447,0.027388805107868213
0.0024024713026457637,0.04904011783937245,0.05631687372688646
0.0020411091618373245,0.049305846935018285,0.03877878217582726
0.002274401765691169,0.049559742973276144,0.03628317896177259
0.002254210827262364,0.05103456106882602,-0.05363689513319482
0.0022497378414223107,0.05153795333080797,-0.03515975478797059
0.0023012093971967323,0.049592531505713223,0.0006551240057276624
0.0022427217129285214,0.04968583940813789,0.022995604472066906
0.0024929791733123577,0.05003344244486204,-0.011248989820929808
0.0021459006550606954,0.05051875107386361,0.001683104333791955
0.0020033120284916623,0.04956591232548316,0.016386650619053394
0.0014813225033438932,0.05086881515994228,-0.0015815841612298268
0.0014571103149609702,0.05106167738964211,0.0003319408344908117
0.0014306008348774731,0.05111962319167275,-0.006130038451699882
0.001445196298716789,0.05112218697380969,-0.007860261141104738
0.0013032104753321278,0.0507169093309305,0.008186004005703924
0.0013507027846438755,0.05090167485649692,-0.00439568045324995
0.0015646874205738483,0.050242368461731614,0.01477895796603012
0.0017916023405693822,0.05083374001834979,-0.06136359497238129
0.0027274512302107264,0.04851345314650992,0.10573859044839132
0.0018493975888327473,0.0489691037647812,0.061535112032015955
0.0019143647336663995,0.049882944306521855,0.047717138507604916
0.002460930278436116,0.05012464493884388,0.01559210597861714
0.0022893308957716075,0.049660028265751395,0.004347841041593123
0.0026648306085577064,0.05000838325259026,-0.007428872842506636
0.002811418894168442,0.05027324804999112,0.008266222324875665
0.0022827929588741438,0.05029112804986211,0.009124533275046653
0.0019340653259925012,0.05024533472007799,-0.028992790714951325
0.0019106620969354907,0.05102752878020505,-0.014008343099828418
0.0018456346056436898,0.05050105815658912,-0.04280893975912428
0.0019435830564406122,0.0502659803317718,-0.029901476523744617
0.001802350080963439,0.0506746833975709,-0.01852055769207947
0.0018299162125747818,0.04945983689103081,0.04976938407221535
0.0019504736323566626,0.04983811391962609,0.03982640965706733
0.0021339329108302015,0.049734065774016116,0.017578658414633783
0.0022387811739851458,0.04941078150993462,0.04400821863522607
0.0024491975338206853,0.04865295315668663,0.07213389070843151
0.002290072893433177,0.0495645906514959,0.028356431404038183
0.001957256116151581,0.04987217841295428,0.05706048438762678
0.0025811459913669538,0.050647440988610834,0.031643026866514025
0.0030187540629464686,0.050088917301037594,-0.0006817090140782263
0.0016840299147653573,0.05075645116075302,-0.006443698105107454
0.0019538977812465852,0.050112506419749285,-0.01645204215136455
0.002437746672027234,0.050046274626702865,0.022499060625716986
0.002348590489965376,0.0500420466420669,0.0036910064657990527
0.0029193090616756773,0.051021358817059756,-0.008212255959655046
0.0026298169122289834,0.05032220457520649,0.03407005901632408
0.0023952624679146333,0.050455405672797105,0.024560103937914163
0.0022492838331202754,0.04984597227262853,0.003713785992733639
0.0021186974989851597,0.0494605542018567,0.014426185897319902
0.0026329736832864385,0.04962266283268372,0.01498707224493796
0.0019657303609660693,0.04951779804818536,-0.0020235237838874837
0.0031019715056638496,0.050268297184996195,-0.009231561468978987
0.002248068251999863,0.05090602330743913,-0.021387247970699817
0.0018236933956318558,0.05048457062058615,-0.011445603600251006
0.002419158536300683,0.04951492637898302,0.029784807284327704
0.002226049208556025,0.04960553239774664,0.0516513881431258
0.002796956076737602,0.050037666351358645,-0.011553924910024242
0.0027509366527267926,0.05042466020702714,0.00882284497819954
0.0026284357211637105,0.050735683281141246,-0.02519278135659764
0.002603118826461147,0.05116464234427523,0.009075647590621806
0.002558793007019082,0.05086385603416203,-0.007957342399259945
0.0018720262980467574,0.04945192536768439,0.012406241203361933
0.0022401047974736515,0.05016990575098022,-0.01396777629750986
0.002078061461443056,0.05119511556753788,-0.022167115749073544
0.002316576166921167,0.05046427397799985,0.00379790649201985
0.002097963614687237,0.050168270037872706,0.029990220553869195
0.002241969516109235,0.049709376893454366,0.005539003696905746
0.002241969516109235,0.049709376893454366,0.005539003696905746
0.002241969516109235,0.049709376893454366,0.005539003696905746
0.0019824792692044292,0.050263372416283814,-0.005331271274977876
0.0017388531538331908,0.04960499865178176,0.05190971113281794
0.0017426599426283605,0.04837845667184408,0.07096272747861013
0.0017373217551353182,0.04840589017906607,0.06213738097488523
0.0023596658901704824,0.049328392108822255,0.05245031495370642
0.00233365442802827,0.05072016931228242,-0.01535876322961565
0.002463625712163628,0.05083586738903618,-0.028400595795233824
0.002060137788823164,0.050407669519065085,-0.0034789433929035603
0.0021665344222970852,0.049202635297444855,0.04380098897294767
0.0025380212937274288,0.05092269095813921,-0.015303184673322959
0.0025393712388060673,0.05054396551340051,-0.03157873041946826
0.0024982627888002506,0.05079261210282797,-0.020106101141374597
0.002168183508412388,0.04996890350633442,0.02328462087082022
0.0023475584963583993,0.04963116138795713,-0.00022424912290605446
0.0020713299801502685,0.05073605802530248,0.002202308948682347
0.0021062995173152604,0.05005308948384611,-0.0053938316323949125
0.0024869487744147516,0.05010194508676127,0.01908910737510534
0.0021219390339032294,0.05132809101236501,-0.06146550640816309
0.0020086511185839575,0.05006061947279138,0.013013303760946967
0.002461884927278125,0.05057504642856108,0.007390881513584383
0.0024295072777814055,0.04955528322636512,0.01022413591870639
0.0024517045104657715,0.050055622347350025,0.03382230845366842
0.0023886541368180517,0.04933922246939141,0.05525320957604725
0.0019316613338982056,0.04952073826680614,0.023519161175763213
0.0019549668424890206,0.05037116798208899,0.0015175690827059678
0.0020352407251999507,0.04934089592414604,0.023134694150119907
0.0020668985293928344,0.04987109960605972,0.03081188604979408
0.001855218141341894,0.050451210631402746,-0.03565692311714281
0.0022687699125521115,0.050161011245839764,-0.02784545073344057
0.001992019624480645,0.050304905321706506,-0.04244045800465829
0.0019712188604237724,0.05062364493996278,-0.009183549131568132
0.002583883660287144,0.04965661387270528,0.0240980943937105
0.0028636578061773427,0.050127538234295645,0.023000619465025657
0.0026447915514925457,0.050103875137702286,0.01871075080447361
0.002210935084749651,0.05021752259584775,-0.0006359067567493582
0.0020677784288260542,0.04969522715441548,0.022378956127273267
0.002111222121107265,0.049752694719058264,0.041586287824766484
0.0017684163106239936,0.05040946362818797,-0.027337062959256874
0.0030724020816159728,0.05056891617988501,0.0004487061573315867
0.001527176264934437,0.0503909348187853,0.004842873739805853
0.0016820699814142411,0.05049098159438612,-0.005517170202439129
0.002140968666253523,0.0504857138083023,0.026691327547473498
0.0020485862732302364,0.05019781085730573,0.013399620642730503
0.0017968478132560717,0.05129071633239324,-0.02088305381239926
0.002396794109638482,0.05092517269540576,-0.06329565332418857
0.002173313339823773,0.05117943020192755,-0.031945883978523486
0.002311605465274631,0.050722824552301204,-0.028827144158049416
0.002331798877264127,0.04947850359011805,0.06478669207731007
0.0023030014002022882,0.04953387049837253,0.03549992673167356
0.002651029855470205,0.049291119999775056,0.038601401588463875
0.0024922181675338683,0.04956702801528973,0.05587417588107403
0.00290952648918339,0.04944451946499731,0.04799276513652616
0.0025015108429972954,0.04982882750927543,0.029223032943460313
0.002266256420013972,0.050561567616255375,-0.02482243223964638
0.0024584232820523875,0.04981999840821104,0.03752171780326102
0.002620603785662531,0.05009496464722898,0.03266058718911019
0.002385355341074797,0.04976882982967331,0.032069300673717535
0.0023736428350535823,0.04973534678121334,0.023779925994649044
0.0023221747070992145,0.049917766472762616,0.006758095761739608
0.0027330480730537086,0.049909528581108364,0.03001606071498388
0.0023629265641560266,0.05007031703862734,0.033229898377331306
0.002507144640859992,0.05078228045861354,-0.0338651659986604
0.001999345210278054,0.0493011959015921,0.04905086388031615
0.0021775274592608414,0.049770134024798185,0.007364330566496811
0.0021775274592608414,0.049770134024798185,0.007364330566496811
0.002432573985007509,0.04956320991605425,-0.008761404346135567
0.0018959587287837403,0.04879831412950176,0.028301255894119946
0.0021185481484851695,0.049671629558752546,0.051705200324288214
0.0015782660120152957,0.0492752182748597,0.05445967067803151
0.0015324471825484906,0.04862253455741384,0.06087194176886982
0.0018806858045682699,0.04967637331277587,0.04587619507520874
0.0017821409072932592,0.04857246795820809,0.08623544398585546
0.002330288845932394,0.049297309851827335,0.038144000239286976
0.0020052388151851207,0.05062184169453168,-0.012790517314479498
0.0021184098406731183,0.05053328011464289,0.0008893095280458753
0.0025347316854734277,0.04995759635076182,0.03323960184549709
0.0024163968161444644,0.049877105950629434,-0.007175959649433787
0.0017818276830484177,0.04994575276718201,0.020962421650458626
0.001764639850940995,0.04969849985690875,-0.0249758612287474
0.0019497917581377078,0.04999878507132069,-0.02142662801814862
0.0022050142231361354,0.049551516103790195,0.012665853789560973
0.002501356852103435,0.05039638933235942,0.024391602570742944
0.002829623477366367,0.05004810075570463,0.009476012417686443
0.0024300657408523607,0.049852257242397495,0.015867860658439523
0.002470898148769196,0.05038678554008949,0.02876175923146451
0.0021804926573481954,0.05005733138414594,-0.006125724566255016
0.0021558298975696564,0.05004261948110218,0.02019506271258797
0.0025865735446632945,0.05038741124078136,0.028199781002100074
0.0024621565027426575,0.04998512186951613,0.017453606450627015
0.0024804945001700857,0.04968538613846311,0.01009098752976061
0.0022064079070519688,0.049820484603814996,0.015708535529237604
0.0022155943979536067,0.05040262217163777,-0.008019370749970124
0.00241905989311295,0.04969222679997656,0.03298211877990113
0.0024096824089763448,0.04944136970294884,0.02327674087899523
0.0024096824089763448,0.04944136970294884,0.02327674087899523
0.0023173972256208507,0.049542522045946204,0.0024503282011633523
0.0022640499158197366,0.049560950780752816,0.003985913525211043
0.0023793782665355702,0.05020066318031768,0.008893696983118274
0.0026502545124978956,0.05011439655827815,-0.00528102416654346
0.002143516908249003,0.0505843538279385,-0.018508722727961814
0.0026806887531801694,0.049260366447851645,0.06120564102452491
0.0019227172801178857,0.04969813217617717,0.03187689039882444
0.002053698596885068,0.04930131786623164,0.008274227645335351
0.001818684840700664,0.0497504256259562,0.045017553371791946
0.002028076220956448,0.048497829748745655,0.06003982767519364
0.002292563492967212,0.05047009372639418,0.02968899365159156
0.0020569024053457004,0.05002386837266897,-0.006250817176073121
0.002092097953284174,0.050424088863582094,-0.018710363780986214
0.001905122760058103,0.05030522977418985,0.011330767792873224
0.0020225496664771554,0.04921029482546048,0.02863299161241427
0.0023435874469817015,0.049713703948250546,0.061869990022546416
0.0022640792624480893,0.04993230382963424,0.008270557321324746
0.0027056569736988853,0.050398305571215024,0.005162810054169197
0.002360790909771738,0.04983733688111822,0.01135042947845569
0.0021588565769308198,0.05006957610910549,0.002163234873791842
0.002121558117671574,0.04997903785275474,0.011660965635950976
0.0021090583272170434,0.04987125089778775,0.03908541201778387
0.002129153336312401,0.04980411725901913,-0.0077161240483285395
0.0024144679825088815,0.05005917231099016,0.006900735623862232
0.002277383992216779,0.05021639289302689,-0.003039791831025928
0.002865335792814282,0.05002422177629983,0.01982327163587814
0.0022874393347872514,0.05036402612614067,-0.006020066510086961
0.002591605623722719,0.05027227710370004,-0.0196132087177907
0.0025402505553900464,0.05011370129085241,0.015751604246362873
0.002485337045129121,0.050017918427122145,0.0009482858855276929
0.0024787979509756685,0.04976769940458103,0.039531793863116185
0.0023042732028500574,0.05038231142250131,0.015274842684882002
0.0025838519332491284,0.05003155213864439,0.00778570060350444
0.002318770959639506,0.05044383672383386,0.01771082582399049
0.002853501569013815,0.04993957860980187,-0.02066289484016788
0.0027869073596256335,0.050548819120491306,-0.007830430757002438
0.0017198320623169373,0.04968769073522008,-0.003050774840708028
0.0017843036248589982,0.0504567906455772,0.0076391619911008995
0.0015419506265096394,0.050165965974277846,-0.016058790266866983
0.0024929606759651717,0.049693453381628575,0.05416597075772133
0.0026621619110127883,0.049059631847974496,0.03584337661293722
0.0016815805371671586,0.0496302304548067,0.049300597511913756
0.0027950337461506085,0.04996977276591701,0.043463699657046904
0.0018602168389895597,0.049669925565701996,0.031285648561689014
0.0017678590366336491,0.04933174794932295,0.02733664893405243
0.0023567888139429333,0.04965364534305072,0.024920878754436295
0.0025273078754805773,0.0504460254689717,-0.014486153259238847
0.0026497959416734293,0.049990123389675546,-0.01981904944882698
0.0019351714283022514,0.0502782539920662,0.026958864430967743
0.0017474317561452953,0.05017605406793675,-0.021741366357308275
0.0019242257262401161,0.05084186776463303,0.007206323484247492
0.001599672671405824,0.049836101795324175,-0.008616082902169081
0.0015135619396044056,0.050159448252468854,0.002245004844816654
0.0016468779483805962,0.0502470944944867,-0.00831297481075313
0.002767988939898744,0.04972350612983278,0.028138372348392268
0.0023295203183910985,0.05069060633812353,-0.013737023198957308
0.0021976044002397508,0.0497510349812829,0.022163369034540806
0.0022782207729619432,0.05031597674096411,-0.0027628412525376347
0.002250310458103341,0.05001181175605532,-0.0067844347953131
0.002702072469393832,0.05039609912250337,0.00679839476066232
0.002422434887631825,0.05059912053667936,-0.010275150944652766
0.001986970046191628,0.050437031983335885,-0.024766523390115765
0.001898342705494689,0.05001238514794931,0.012989486285112956
0.001686124548776966,0.049373418517039656,0.012600727391426574
0.0027380127045611774,0.05037373955126443,-0.03224395984799469
0.002015824672570964,0.04898300832096875,0.029612684812262372
0.0018452998501320367,0.05029941099493516,-0.020187531331855378
0.0018316655236844052,0.05033535516189142,-0.01211959507707278
0.0020293802354206633,0.05038565078186707,0.0019070766823162445
0.002304551155822787,0.05048318916351861,-0.03248259290760681
0.002576086890934088,0.05145085744011708,-0.051943173636095526
0.002005011581701875,0.048775130692624145,0.08274203704000328
0.0021246229360622868,0.04878305990525936,0.059781019513055186
0.001793772275923264,0.0516088095600675,-0.05318741712430653
0.0023120195727782396,0.048804131723815744,0.07805652416816777
0.0024061258667893493,0.05019503110978172,0.014288781200845814
0.0020076193816735244,0.04958251836847842,0.02134245474276572
0.002167533798520562,0.04984854619229706,0.024468868685492386
0.002114532596491791,0.04970237426930113,0.03250666806113534
0.0023713578120540778,0.04974396598326287,0.009475999199292423
0.002501595392876431,0.050077180058817033,0.01912649499290433
0.0021202297741716417,0.04865195327083901,0.061639513065200366
0.0021788980422794584,0.051511519168263444,-0.04310846003513005
0.0019659203274308484,0.05062420782070597,-0.04085403017411711
0.0021478599078074076,0.05029917090483777,-0.015809191704853048
0.0024289658608629707,0.05016304458208813,-0.0075304373526982795
0.0026493345518344403,0.05049440277632609,-0.00997025533599365
0.0023609789370151904,0.050149363303447866,0.006326870939736235
0.002572256428738738,0.04954195347488584,0.024113403385785718
0.0020040269754473725,0.04973924294994625,0.030632432321194846
0.0026941567135870706,0.05058987828883077,-0.0016368419959014015
0.002576063412718678,0.050343551086101716,0.0016969147819116816
0.0019476966698408005,0.049947870288963504,0.02455200202252355
0.002006621342749452,0.049348251750239755,0.035481833109994775
0.0026866912235135538,0.049213164929256786,0.05984705908924429
0.0020138029283855766,0.049745196264030934,0.028203806374041927
0.0025426975802869006,0.0497714976601645,0.018726907684464566
0.002468820565360339,0.05026282585604383,-0.005102440017967205
0.0026772487993538914,0.05004182970563934,0.024189687357905013
0.002455171984044627,0.04952044732937193,0.04820498025508568
0.002408513564896382,0.04923384187135477,0.07184550021117858
0.0023181350004385886,0.050050559185249546,0.03822176189445445
0.002180122540199434,0.049136420788836094,0.03420436024946295
0.0027947687760815137,0.05071419684517832,-0.028131243189991564
0.0028752153968778053,0.05066639736632949,0.010469829170322173
0.001621834660900027,0.05038829072986452,-0.03905318422308258
0.0023216908378600014,0.049713920907390574,-0.008924894944850794
0.002156283243288021,0.04948437586065748,0.021370448108367725
0.001966985534267765,0.05007066049445653,0.005142360954667909
0.0020882711808502042,0.04909716072155488,0.06043586650466748
0.002726569348879586,0.050297947684664814,-0.006868494115076772
0.0031941337209032074,0.0506797143074068,-0.012193604895054494
0.0019878137697054285,0.050019230673379156,0.03449522362012222
0.0027381665301693192,0.04952709488050181,0.0126791001301432
0.0024430110860000683,0.05093325810897889,0.01681177045158414
0.002231628280307589,0.04995640269628928,-0.015919191757621118
0.002089219497838203,0.04983792305414054,0.0010341079156840748
0.002089219497838203,0.04983792305414054,0.0010341079156840748
0.001982259336899123,0.05008742857714381,0.010685023917890632
0.001803883060749649,0.05019429327283511,0.0001329658848778458
0.001949646174600258,0.05076084566594089,-0.029474899164437643
0.001896471800407822,0.048790877187760394,0.03393756330439225
0.002391297653063358,0.050597155026790415,-0.05310885354558095
0.002195400019906669,0.05121197790404846,-0.018923969113342303
0.0020592870573349427,0.051069850612562,-0.006846833457695266
0.0020942489457534386,0.05093787679984011,-0.0713442921555131
0.0021451078657236263,0.051152820590279736,-0.0832006194220994
0.0020014523252670875,0.0496206079410651,-0.006132958047143941
0.0019641468678744827,0.04970772697548141,-0.0001911120749394684
0.0019010830587378395,0.0499383986477569,0.013136410186508267
0.002564615951354287,0.049573137676348154,0.033898922794395735
0.0026088653508314305,0.049679383737970415,0.03553010930757777
0.002208950860834,0.05073346356189586,-0.00775327504121221
0.0025624875719498248,0.050231770801310874,-0.017103468995920437
0.002102212611609355,0.05022961821390142,-0.0014447346564337223
0.0020727320727927712,0.05038300229250262,-0.013686206714747273
0.0020797206006791624,0.05106016375681523,-0.055128725876249056
0.0019503978693138108,0.05109478423141607,-0.066389697239097
0.002144125747372705,0.04922743709790484,0.11137051646902005
0.0022221565346249098,0.048947232744015946,0.07478429483212837
0.002466527782498636,0.05046140633167638,0.005151691478038016
0.0020286558411449244,0.049552739088242044,0.022033480530728858
0.0020413773392014218,0.04971294316857306,0.01316401755520053
0.001991495697979109,0.04887482547414169,0.08723226930196647
0.0019623263056296643,0.04859297954969703,0.05647406975459193
0.002299208253399322,0.05031768991690986,0.017750946161574226
0.002384856996304591,0.050426535100793986,-0.0021853931344032558
0.001970086787854173,0.05082594337515243,-0.013606946936272589
0.0026209898181039056,0.05104771255264679,-0.06643176373763936
0.0020336030812685606,0.050616499053421894,-0.003219663466003441
0.0021159503905422454,0.04938378262778461,0.04884743516030228
0.0026552817979023377,0.04992973642194368,0.0668141635486779
0.002387039656020878,0.04908347527326184,0.025216625227818406
0.0020467421291288377,0.04996431760210092,-0.029904572683203873
0.0016347954550035874,0.0501176316420324,0.053617716892234
0.002134757377293259,0.04963182910786563,0.047943420289961194
0.0024336667074596674,0.05065400432544577,-0.007281602021968229
0.0028311134237477007,0.04976775720395213,-0.02189819220986913
0.0024191698893435572,0.0499729985503166,0.010493321485009557
0.0022961642927858696,0.04962401949325192,0.03588214756301411
0.002370445136676892,0.04958269272762894,0.018335368791128844
0.002442035171753689,0.049467004868353155,0.01590190787513406
0.0017792207131484073,0.05019349389257661,0.014723823720600899
0.0023844992295645228,0.0497255441916714,0.02594549407012407
0.0020528108067103218,0.04971540377398757,0.032747235036262944
0.0022621871345207363,0.0499810817337782,0.013046320504828388
0.0017772538580433405,0.04996375326745404,0.0197414706554272
0.0023699180257684142,0.049726614267211866,0.014919973314183488
0.00262262817601376,0.05009223499637637,0.01250225578285486
0.002766945513022594,0.05006699956281832,0.02058510915455422
0.0017187502684784838,0.04989016834032276,-0.001100972795092732
0.0020735375776817495,0.04871089539298356,0.07052939426485816
0.0021119884580696846,0.050480498179830025,-0.007309993817770459
0.0022513952437097397,0.050847192754311224,-0.039234446866841244
0.0020800284385698625,0.0507489252425114,0.004621043614465772
0.001521884873162823,0.04993232071747021,-0.02668146841474341
0.002400587358840056,0.05061752918612575,0.012646003759060411
0.0026499557525338294,0.05061312486970618,-0.01542062476361322
0.0014655493029247977,0.050588532747398066,-0.03931647861325047
0.002275776568897279,0.050958147318645196,-0.02586779264109084
0.0024240137414213263,0.04937226468176445,0.05726912348214277
0.00238369974387348,0.049624217728488434,0.03818522894626057
0.002375231277660912,0.049728738406870164,0.027466271947280685
0.002178605471668318,0.04951047882153635,0.017342733139574087
0.001961665182002276,0.050082682654146796,0.020300495265571386
0.0017510899741154811,0.04936508365136304,0.04225358820825607
0.002651668877165729,0.05034115786153866,-0.002451501756953751
0.00197326022243169,0.04964738631219386,0.048157767851611806
0.002765257059539094,0.04998773380139759,0.03620077783075577
0.0027379517147532867,0.049690405452438885,0.012751115452784133
0.0025932944964722547,0.049678853985771494,0.0469941156854348
0.001999000309606649,0.051220120617410804,-0.047582726739083016
0.0024202005626590382,0.049214521760788534,0.055095492562063364
0.0024053491819021476,0.050042285140647055,0.017378276945016858
0.002350783318126183,0.0505626792286618,0.0048036233564334
0.0021553950104632844,0.050510971125222896,-0.032175735133707334
0.002123831279251234,0.05016056227202116,0.02785672462549015
0.001853565177200577,0.05022821401287945,0.014857193447418813
0.002105846950833329,0.05048857351721297,-0.02809261600795239
0.002275133964688185,0.049995778294495606,0.011028404237598073
0.002128057031368801,0.05056094645979312,-0.020836954167918195
0.002412147480125407,0.049764174526525304,0.03018724548735667
0.0022570434731825992,0.049327275997409256,0.02842343390827054
0.0016049028191276824,0.048417622567451385,0.0938878873106392
0.0018710943200111296,0.04880070932171756,0.053997738700923455
0.001884436990393782,0.04895070418681218,0.06670674947464342
0.0019490009232936436,0.05029622873077201,0.026739963950767883
0.002118939827804629,0.05041367796210238,-0.012517359149043101
0.0023669016580627677,0.04921280193063064,0.0707077431891216
0.00215493410475765,0.04895478568020366,0.062410936341123525
0.002479071543820769,0.05010295574709914,0.0073765092305732765
0.0024372595568428546,0.050401200588286545,0.009420906069806884
0.0022066556840355358,0.04962088968793226,0.04323160737936734
0.0024325078560996395,0.050250233940845615,0.01523441310587895
0.002874848846866806,0.050123996520439563,-0.013438816221020063
0.0024555047009246697,0.050288984398952546,0.011695414176705507
0.0023434789447048113,0.05046310237482013,-0.017740872600702173
0.0020165814711082587,0.05059469253917423,0.01716797605923755
0.0020010351527745525,0.04986058927733509,0.022893643015280105
0.002593974650848585,0.050336156822345525,0.01276089150849348
0.0023041990489098834,0.05049574541493025,-0.01330469011450379
0.002569335718678439,0.04959396946250916,0.013098823892676432
0.002615726105773862,0.049803466796179516,0.03509650412347304
0.0027410589371802065,0.05000723253068513,0.004668570235857964
0.002249589008772222,0.05015756474689626,0.0010416781789145753
0.0026397187076280656,0.04921364251475121,0.0427284300166356
0.0020251332654491814,0.050450181955233264,-0.00028639950020316064
0.0021701951708365612,0.049879865852895076,-0.0028681926199654964
0.002068055731575604,0.04965802052564682,-0.011485879728440125
0.0028377847115578676,0.049825323020105894,0.06586850714945458
0.00244596760805483,0.04980760267094887,0.01491822145836447
0.002549932867563788,0.04964860971604037,0.04382272505184971
0.0026712309315280857,0.04941221333972403,0.03435043433470086
0.0023905093644866044,0.049402084800542624,0.0010486412552949069
0.0019322344236123593,0.0505212415375003,0.0420549052712359
0.0020361941948625006,0.05040980929913214,0.02788382165835197
0.0021481426161301057,0.05017241001829328,0.015226271823162028
0.002239176730482856,0.05006656183237797,-0.010680455619631333
0.0019115196652100914,0.050589152395282916,-0.0022532604089043617
0.0017692337207732061,0.050463002938523856,-0.04881481547247239
0.002032843265128298,0.05056610515620796,-0.009289146415600438
0.002018091744788354,0.050459925396997125,-0.022825625131009893
0.0018483343241571307,0.050180532586796986,-0.01838008737322369
0.0022926644782510037,0.04955872689524773,-0.008006745103017788
0.002321704086199562,0.049964162799118465,0.011168208583062493
0.002321704086199562,0.049964162799118465,0.011168208583062493
0.002217346821350642,0.049838364164696114,0.015391216232196971
0.002401212192340042,0.04967779144245872,0.03728042390537576
0.0025701274673075205,0.04986338736037004,0.030841699956487917
0.0022387864657223595,0.05013278598904953,-0.005265068849537945
0.002256336309255061,0.05009547369663805,0.029774436895215185
0.002550170709167507,0.050810648456789544,-0.04342445127054195
0.0024927855129830154,0.050512528512431654,-0.032590117459022384
0.002243908071877454,0.050624662114161875,-0.005116082810751958
0.0024654581913188213,0.05030038040837847,-0.017798539936801815
0.002305122676376243,0.050392776960702663,-0.011081203746925063
0.0021674388185221184,0.05017608196813791,-0.031665393023400004
0.001992149781106075,0.050436536623554025,-0.027807444151951573
0.0019407097198738687,0.0511530402654958,-0.013348704378320652
0.002202367434953689,0.04978752249386894,-0.006394868083287655
0.0026483228545495564,0.05125263928801985,-0.03499017206954104
0.0023468952336758112,0.050402922425641546,-0.011971910902290495
0.0022520458696600972,0.05095777369838303,0.00795621768132277
0.002447892566577097,0.05082483619397275,-0.00652861929917345
0.002076474269172683,0.050560523854821515,-0.014219142901039
0.0023231101314996326,0.05032322878048335,-0.01403661701589374
0.0023841873840381,0.051375108802897806,-0.05360587798835782
0.0019121118054010585,0.049648524217250634,-0.004984812513598639
0.001986886237279471,0.04945191070312301,0.061558957743733184
0.0019591993075401604,0.048230588413286486,0.10224933310540561
0.002110599171403215,0.05122999989904487,-0.061975750452210085
0.0021752989899783666,0.04913579087956493,0.05024113692126005
0.002398233130652914,0.05003632716081762,0.04459480021027564
0.002661453688271294,0.04950594198565649,0.007533618295633792
0.002811549911688102,0.05072725954053703,0.020134559426640556
0.0025962116431840106,0.049871099162239405,0.0032910623471200124
0.00201537810643729,0.051166079224932715,-0.03505133820279022
0.002410745362316237,0.049456822021081204,0.05163105337993896
0.002542334807862116,0.05028981342157459,-0.012697713823040895
0.001803502605084919,0.048833524259749725,0.05654659368990269
0.0018332060262872061,0.04954468362580799,0.0032736049840624048
0.0017734651710744644,0.0497564400002263,0.014007655505315892
0.0018298102213578343,0.049766337122450065,0.02829564982560753
0.0023084502606483606,0.0497678790789648,0.022222242223420213
0.0025697317783081115,0.05123926497439991,-0.0305210234707235
0.002637339448526298,0.05097076367013104,-0.05795870312331736
0.0016715794404314889,0.04947216978572442,0.07714947285042671
0.001619697827077125,0.050254430712392134,0.03513793646182693
0.0015609254197251504,0.04935560511649977,0.04363139474100473
0.0029887265185743403,0.05018842919343373,0.02050560929402596
0.0027407255552541524,0.05044923523610771,0.028090772499202377
0.002379126856280798,0.04997351023847714,-0.025432770547813642
0.0021100115386710255,0.049805981322376326,-0.0009469396239090869
0.0023683794884951296,0.05016912388916387,0.006980534628047118
0.0024789466025537266,0.05036759594625452,-0.010521785847507526
0.0021966056748111027,0.049636740544606504,0.022920097393884124
0.0025467799586990788,0.05019108698432682,0.0003622961813037493
0.002249552340964331,0.04912996372999684,0.04018585815895192
0.0018912507501412004,0.050275569948782885,0.027693904726208602
0.002240768835307978,0.05010086799645457,-0.008885971278656646
0.0019335672812478104,0.0509997897790196,-0.011293835492330949
0.00194965881009847,0.0504152611169044,-0.03326151723487952
0.002946158599394368,0.049996558453116055,0.04160645981096501
0.0024538242725040856,0.05010061167749712,-0.011842249361690736
0.001688826123022446,0.04964196143845414,0.05201700010575633
0.0021967492250454645,0.04924035105735455,0.025307120740312092
0.0027047320011981076,0.05078842282497699,-0.020146191860257588
0.002782181399970412,0.050979803967902734,-0.01968068887464069
0.0025100524343546296,0.050948566848375315,-0.026051556411321244
0.001368187283524814,0.05042001635554683,-0.02054039427181272
0.0010877492580783632,0.049671435178590156,0.029859480595931426
0.0011325230412766651,0.04965342375680533,0.04590918552800741
0.0030280211956009834,0.05111533590891857,-0.01564190533956646
0.0019645428173287564,0.04896123759457059,0.04160426192898832
0.002580519412345674,0.04972249331299551,0.03803179028986106
0.002364316107738587,0.050106675827438184,-0.018323032759372995
0.002386884404830544,0.050677490759148715,0.0024852013300553327
0.0021417455362039923,0.04942358542423053,0.03297413235411189
0.0021417455362039923,0.04942358542423053,0.03297413235411189
0.002071934427523763,0.05003667730655913,-0.00908372581607997
0.002046168329927105,0.05045355724654824,0.012336255199144299
0.0018706222458678577,0.05028136475500033,-0.010011745220873735
0.0018667973403523512,0.050531727044853966,0.013165448166571642
0.0022400144578203353,0.0499275440361337,0.021970307368451004
0.002228054610655621,0.04956844968472221,0.04109370188942062
0.0021635737170861437,0.04950957164343303,0.03883178739801596
0.0022724451012462953,0.050222280363576816,-0.008982487656946338
0.002565637625446721,0.04971226721938309,0.03743490600818389
0.002250827146778123,0.04914956282907165,0.06038791097974414
0.0025086164875738237,0.05006999008080457,-0.010564744844687095
0.00226714377169381,0.049782059419026845,-0.011668638826141537
0.0018706592435127393,0.050333381491046596,0.0289526279252
0.0023751917095268063,0.049333920222300195,0.0324270099309527
0.002272577120968271,0.04961993717641747,0.054531587766461866
0.002097386429145153,0.04859157401934092,0.07122586131914868
0.0020532916906430792,0.048848701365444704,0.05859345416176258
0.0021107360811133654,0.04921298689403958,0.030336452976738454
0.0017179516768368714,0.048986316629951565,0.05449843681180562
0.0021179672227974867,0.049290140240154934,0.09489129128791557
0.002363770178712873,0.0510262545384155,-0.04535732259908817
0.002086969772965032,0.048342565546897864,0.08663773890643685
0.0022340011687186968,0.04858962347382142,0.12437845725631888
0.0019795229607958765,0.04803015555058222,0.0533079843116013
0.0023697308867734013,0.050967042832334754,0.017868159328623248
0.0019663969020577753,0.049405276704335074,0.0076590677691417385
0.002102849561812499,0.049241914591683734,0.04344232628325315
0.001983250378967426,0.04880633146209086,0.026339446197082755
0.001566763058614729,0.05007893597948525,0.03173339186366608
0.002288382249840427,0.05011383345717849,0.006948977476396399
0.0025660903928079086,0.05009674901391279,0.0018610221630062905
0.002063732773337391,0.04948799366321414,0.03873348335056398
0.002489928937381169,0.0502263794640615,0.01331821548624451
0.0024150978206599243,0.05005557142388504,0.01795729355412029
0.0025621640296965135,0.050141634492301315,0.00374582590952623
0.0023359462691291953,0.05025981203329241,-0.014219531202727502
0.0020290648864589936,0.050074350145554475,-0.03389899332229443
0.0021174495289211677,0.050832946469190114,-0.012467557747643637
0.0025206964115792796,0.0501752071305244,0.019254874489602974
0.00221196541420343,0.049983354630279475,0.043978121001390966
0.002016283984790251,0.04987954622898772,0.025065565802323466
0.0019433788859455,0.04998379097981242,0.052114680768838635
0.0024595789368575195,0.049952622210537825,0.01895927316267918
0.0027841376123000677,0.050033382251624445,0.024441884199726795
0.0025092883757327376,0.05025653679550995,0.003221371663365055
0.002555373537157665,0.049725346379185395,0.018775802706691776
0.002438341078844886,0.049206972867744836,0.026712385460569834
0.0029242686032764703,0.050095743608984895,0.041127782873481386
0.0019795608280246094,0.050890563667813846,-0.042118966380456105
0.0026399558048707363,0.05088808834149492,-0.019601256700016383
0.002069932068187021,0.04931960686711915,0.05207295316642516
0.0022167708531105937,0.04947476092566645,0.057044420963427565
0.002533297814440923,0.050379533012320864,0.02666079310646478
0.0025432504190347036,0.050572871770684064,0.04126908533249238
0.0024733018643089077,0.05019298833608838,-0.007703782162110909
0.0023387753078640827,0.049918458379586896,0.021319386144830317
0.0019950749733342365,0.0492355208424023,0.0712359001314847
0.0021369484452447556,0.04914655020719228,0.046755760231334674
0.0018040637942477646,0.05113503069290254,-0.0277038019685927
0.002079701382562821,0.05020302274852761,5.135424537669167e-05
0.0022018365012344446,0.050211641296106606,0.021729745729488978
0.002306334439247437,0.05000364486393375,0.01576806102729784
0.002306334439247437,0.05000364486393375,0.01576806102729784
0.002509055907462446,0.05003030563829848,0.003301286460205874
0.002210247329364212,0.05017616864818476,-0.009482344569578527
0.0018244100608544118,0.0511467637811594,-0.020887750804409244
0.0021131922944137528,0.05006447866460973,-0.009930934769051828
0.002352803668574353,0.050041334873653844,-0.014941857771413693
0.0027414328301178224,0.05100228353864709,-0.025733948001973577
0.002664681425693072,0.05008533366484513,-0.009741514608044125
0.0024511593907415876,0.05039093475906994,0.014032436158752761
0.002634036790816207,0.04983761271262647,0.023671195723159306
0.0025491918958494984,0.049615536687624404,0.03199535783222016
0.0027261485444637556,0.04972908442231476,0.027616648895512453
0.0019424179524393538,0.04988933021423555,0.009326477360234398
0.0017860781878159958,0.04909113901725065,0.02095929238263982
0.0015752163670468547,0.04986282531733198,0.049918445340691314
0.0015880099498046685,0.049915037571198986,0.03461752720037719
0.0017815933146572546,0.04997178627231853,0.02481435708397633
0.001518318730044802,0.05035861513717983,-0.01978389811257811
0.0019961159346203626,0.05053128311272722,-0.01462438802403815
0.0019936531965334113,0.05077093629487076,0.003702002123511107
0.0019008958270265418,0.04917697810275237,0.04137952410997791
0.0020215370832084184,0.049724063924781035,0.03957128115115212
0.002677707419705455,0.05012300082148418,0.002995112038948411
0.002014237587871802,0.05023219403409966,-0.016486286811191474
0.0025109496082014876,0.0503272379487026,0.007719703972293662
0.0022962791892030578,0.04898743469215865,0.04790319399854888
0.0021583177005257063,0.0492989593913097,0.05116605140522163
0.002469101237805908,0.049933237883803015,0.001656798055474176
0.0022800725764281515,0.04982208479133851,0.018082423256248436
0.0020201111637085543,0.049882636703254574,0.0442538531651297
0.0021363140971874268,0.04866067875875115,0.05969701990349858
0.0016173897214559058,0.050532089989471195,-0.002174733149785072
0.0024158879953791955,0.049647421003316775,0.02235183119313701
0.0022983913928659896,0.04989376437033008,0.01709756707597258
0.002390535866084355,0.04998380991394631,-0.0020495736958335673
0.002406042143430041,0.05037022693705858,0.01544396018580102
0.002022942523439029,0.05020494965909407,0.013345716670297623
0.0026864799455002617,0.0502881898113828,-0.003077300003124882
0.0026864799455002617,0.0502881898113828,-0.003077300003124882
0.0025192137684315334,0.050478950319689485,0.00919395243572558
0.002154706432783418,0.04997135067686933,0.031483577506806755
0.0016778988681346082,0.04816361963471357,0.07615974740641694
0.002016414714619477,0.05062896691666651,-0.03865021741072522
0.001779907956125044,0.049783815467364254,0.016335851734614437
0.002469368344420296,0.05052918430112372,-0.028129266635419592
0.0027178280127678474,0.05037730459669135,-0.006154067460596036
0.0019565409044137567,0.04957137210201167,0.026726604287695646
0.001771631472971837,0.05045091307160702,-0.011546263223371505
0.0027590411809174957,0.04956437125049198,0.029132097021110154
0.0019034583713475012,0.05094658649374571,-0.05484983509158307
0.00272655981641609,0.05111720811290006,-0.02614225064268787
0.0025352427459264526,0.050922287216273475,-0.0112023142126678
0.0026588284170598786,0.0507845962091609,-0.039088080628072536
0.0026087420974524244,0.05105431682043202,-0.036534235731037285
0.002063560786645813,0.04929338886752281,0.03805515218189142
0.0027413226064421574,0.05014949368140688,0.03073031691197502
0.002166186449733154,0.049845454901278924,0.011357367679849462
0.0017188507684580382,0.04982409275389401,0.007245947126291133
0.0016196721063521978,0.04994491023368262,0.0015293859510457444
0.0022913493729885114,0.05008571900256286,-0.0010446480470588184
0.0019951826224698876,0.050374648019614054,0.044412178553229896
0.002332489711556021,0.050713694725600084,-0.06012767276854937
0.0021645459694960407,0.05087414464383448,-0.017030251661434258
0.002250990770682548,0.049255012436002665,0.04487280077076274
0.0024364120398985274,0.04985963808428148,0.02225237546664092
0.0023555756313535926,0.050391748784971546,-0.00046421554601365256
0.0020377952878279314,0.049641041878940514,0.01735819444328538
0.0024830113220536154,0.04997799277471391,0.016540826158178902
0.002635855588657347,0.0501316954301957,0.02274792334463864
0.0021987696296749087,0.04958402276788667,0.032333597020095056
0.001224525962552669,0.04979914250107868,0.027402221670484277
0.0021329155382117447,0.049562979034297946,0.0326496866407136
0.0020786891446304763,0.04976117870482129,0.03474145681993792
0.002337517328207552,0.04951730334408517,0.008059397371542217
0.0029278957092458494,0.05047641812236065,0.006133673513901613
0.001616227155197373,0.04845081145986898,0.054621449530848666
0.002108589547058605,0.05067415817521104,0.006739287750166086
0.0017097255592744343,0.050510883819229,0.006640556691554754
0.0017040658287333086,0.050809587342627166,-0.011909534074764947
0.0028178738598530965,0.049659156067073655,0.029629136006076102
0.0018283173323407397,0.05108290421550542,-0.049324974805842865
0.0024448930483370163,0.04932680279625981,0.07911856441534362
0.0017977735820315446,0.050113959586236406,0.03847496108051084
0.002069831339875244,0.05038136470013661,0.014098070518012719
0.0017649413251286667,0.05068750084193571,0.011326621873245546
0.002571588449865292,0.05101896520136914,-0.00992327202913777
0.0023003977286435253,0.05029106343215633,-0.010546918532776976
0.0025059079469077756,0.05018629845041261,-0.0014963370537083018
0.002158153752936439,0.049387635941155916,0.024499200713025877
0.0018949142641753397,0.0485709632366701,0.06446162658138316
0.0018241829895749159,0.04839307030156499,0.0828285097931009
0.0027332685135380845,0.04982321011697757,0.026316483353891848
0.002021874955735128,0.049825594568026904,0.02093674433663214
0.002267709191912712,0.04987383979790499,0.005234032569623039
0.0020423497344728113,0.05004909327259814,0.01817456690267834
0.0021786352228674332,0.050089522223961645,-0.016701523673959114
0.0019610803660485877,0.049749148191950074,0.05404495776850768
0.0021078544215380867,0.04887689344842928,0.03794825316798139
0.002994637192894728,0.05017069497677594,0.040877202522234264
0.002697311286733977,0.0494933526199766,0.04660784697064381
0.0026434813356203757,0.049508380480495245,0.014850072109380582
0.0027190756919133288,0.04945075803382382,0.0022685746723321615
0.002022938755815075,0.050483863792332065,0.04212658198206606
0.0017643173249919178,0.049466856320126734,-0.011468593481336409
0.002089042449758039,0.04946346340163218,0.03490877714049099
0.002267850780969016,0.05041139775352061,-0.012272139955521993
0.0023554574040319095,0.05081924934234092,-0.01365323405909372
0.0025003550214259436,0.049986951419648006,-0.019247589463158445
0.0023415812679288745,0.05031078111531868,0.011519312188463483
0.0024569854118599143,0.05053371505252918,-0.0008873289963548909
0.002374533178186933,0.04986170306425084,0.010566548890544444
0.0024160999150307223,0.05053942548406056,0.007773226556627561
0.0025060813412776414,0.04993032017040102,-0.011344014901043102
0.0022538362999473802,0.05056670538108125,0.010377086883981024
0.002412343988191787,0.05001295453550209,-0.0098513977920546
0.0021307203640267545,0.05004194908364362,0.03364211081691659
0.0021309516838469546,0.049859630196215664,0.025176351116631752
0.002237567691907721,0.04989133863743114,0.0297432418083676
0.0021874410495443366,0.05067602927345099,-0.03512584345458854
0.002404600213483076,0.049527562908553216,0.03745995356525365
0.0024472018854709366,0.049033898883021794,0.06615638604869598
0.002566026054273212,0.05063223881605398,-0.03695145107631271
0.0024280373545556948,0.05026063903353056,0.005863216016097783
0.002321656692068837,0.0505143609601265,-0.03662498046497797
0.00251459452630036,0.0502270586165061,0.01603527961608982
0.0026770226892930114,0.04985131953985562,0.016250737781430383
0.002445282036931385,0.04961718897264988,0.014244447829685074
0.0019970401032657946,0.04982850629672496,-0.0060434919177510555
0.001950694295396791,0.050049852862877844,0.009220995247548542
0.002464729242832819,0.04996064307393055,0.04034740654680774
0.002492851769728562,0.049057585096638524,0.03491773962270665
0.0026824314101878337,0.04982053975834983,0.054270790574460236
0.002271740605446528,0.04943843643112609,0.027872186463700724
0.0016918241138404596,0.04896260278506729,0.07960613992261703
0.0016989435666560542,0.049269461848218746,0.09512234022392403
0.0017320928051072896,0.048945290789794704,0.08466104649791462
0.0022363176917823825,0.048230553814928724,0.08455138502116392
0.0022588084475301386,0.048602679898848866,0.05527780440028709
0.002220198555752344,0.0508860974489369,-0.02142636678708108
0.0024379454237879396,0.05020418338079829,0.01708616671642008
0.0022930917280791978,0.05009882059950525,-0.002146776639196876
0.0019381768722416652,0.05017005311466059,0.007156409362431223
0.0020059351132105177,0.050247744834198194,0.004164821942082542
0.0020066027510591707,0.04919706634283994,0.041070151700958374
0.002482692064790697,0.05014641008331228,0.009971337659850558
0.0023405103707980217,0.049627933124137005,0.04419271002158182
0.002349693663319026,0.048760790222056295,0.05277224830437575
0.002892977243654603,0.05022817733961524,0.03215001732756414
0.002232766395203536,0.04948769186661889,0.01987363138394271
0.0021171188157225727,0.0500166140607945,0.004190450024490857
0.002267855644819786,0.0498134241921363,0.012411449559454493
0.0026536083987782296,0.0499822974310242,0.0341333175900655
0.002008818404735195,0.05017569079177798,-0.0007840145317571422
0.002132999864898578,0.04942765374512713,0.03718189365921501
0.0026285017343975754,0.050356224312956374,-0.0029354508791513104
0.0026568676576940683,0.050787940143471426,-0.013591723250201661
0.0026477654510713403,0.05057184261016199,-0.0250366019181456
0.0024753841062515164,0.05010311668972649,0.016398635471951462
0.0021695955082824837,0.04999429461506403,-0.004815360590925659
0.0018898638886692856,0.05026859557466386,-0.008963354111788602
0.0021748256721622005,0.05040987142696742,0.019188733967224033
0.0025100501380079946,0.04938303849369878,0.025746759673687378
0.0022414653510049844,0.05009321222612827,0.01779271741025784
0.002352404814182069,0.04952734399847438,0.02894592048019317
0.0024332575980997705,0.05032531300794345,-0.0032091556706932414
0.0025310296673873144,0.05055464231680653,0.02449884442458897
0.002485321846850553,0.050467122235555446,-0.009043935535359721
0.0020062550943210442,0.050195080478503296,-0.02011887960517829
0.001831807706656562,0.04960321380757162,0.02482178942911866
0.002467735798513105,0.0502979884744906,0.01461270431098626
0.0017043047528209163,0.05018399141892074,-0.014524523438489633
0.0017039330343941734,0.050567426145228085,0.027808852884178246
0.0018929665654824994,0.050590349824233875,0.007786417635056788
0.0016898353587154933,0.04954355814554655,-0.013878412404646955
0.0015309058628835573,0.0499200530157646,-0.03147503340662223
0.001611402034563704,0.05002809891607079,-0.01045708314953759
0.0017570561319527362,0.050550646795007786,-0.02237760732929461
0.0021863837936709073,0.05075733887461231,-0.02075563438060217
0.002196419717895506,0.050555493983882906,-0.025103268756528123
0.002546892914238437,0.049663925152019235,0.03897965259209062
0.002389856217556364,0.0495595299401379,0.028657807311195625
0.0029436282505956703,0.05079982513057133,-0.018859976896187854
0.0027232190032363303,0.05049202725773283,0.021098001600859635
0.002356816738979263,0.05014444267744427,-0.00635220182387724
0.0024123845866844077,0.05101293709046014,-0.0049742711470159824
0.0023871598436635342,0.04962771283102735,0.006852853844151071
0.0022558160293710476,0.04967433757605478,0.020956512183878562
0.00238959629080464,0.05007432996814563,0.007422674619387267
0.002415423567066395,0.049785509863252,0.01679589918469792
0.002369092365193546,0.05033412684358477,0.00402615330991412
0.002363028585705843,0.050487378501279455,0.007971167833413952
0.0021216086261328475,0.05047918550025854,-0.009740979015539913
0.0016562678478178538,0.05052704505517031,-0.008597387284095166
0.0021272714425385236,0.05062571927168274,-0.028466724254333862
0.002117836414923102,0.04964570866118548,0.000590167286077939
0.0019866429642319784,0.050441263286423135,-0.036368068576983985
0.002141060795363607,0.05061765338269008,-0.02544418645649325
0.001881669525795123,0.050027953171824346,0.013550424676905367
0.001881669525795123,0.050027953171824346,0.013550424676905367
0.0025127020797823356,0.0505529411335193,-0.040154059527444934
0.0024501438799504087,0.050998777758655744,-0.040379778694745495
0.002320828682578199,0.0510100433737884,-0.03008403166281563
0.0025517047333045596,0.051137144443386004,-0.04972595925792515
0.0023508963569419893,0.05103860783026767,-0.02595729583274459
0.0025833194193249625,0.050865341765072174,-0.04863029596152838
0.002405885847984723,0.05096104404514999,-0.04824376360973671
0.0024492503707766095,0.04983210615120302,0.04124272864555271
0.0025250863214547016,0.050615799267099255,-0.007483775116102915
0.002613230111769035,0.051726861267471634,-0.026559616308085725
0.0022635277060848143,0.050657821186803426,-0.09196468465649638
0.002361299538980751,0.05138905955596552,-0.03733917804272312
0.001848334823076298,0.05049107222463445,-0.031079620348683383
0.0015286064721871378,0.05077891808167437,-0.018990438486500446
0.001868395022035275,0.05091561586875633,-0.02859124563391846
0.0019894526856554223,0.05045175728220426,-0.03010847378843891
0.0022164063473170035,0.05062696906868212,-0.04569731922814652
0.002330065796513373,0.050338411578537044,0.006486086292151418
0.0022819906590173383,0.050392267658574665,0.0005476004432902965
0.0023924462368724525,0.05031925300055226,0.003987655626795976
0.0026230989427360727,0.049367295158226486,0.070241976222233
0.002338058300140322,0.04959422931879407,0.008686472922570737
0.002338058300140322,0.04959422931879407,0.008686472922570737
0.0022108887014769705,0.050795833394989685,-0.006203459072581625
0.0020695014500882137,0.04985185218515729,-0.0015573147636586508
0.002158293210807221,0.0506001846735216,-0.013081292103733393
0.0022924084202417335,0.05009367889053347,-0.026987809194442488
0.001998261900453785,0.0507650020449815,0.006988084600517112
0.002539375250107524,0.04923691455992686,0.06113837946366211
0.002513257588004126,0.049311767663054715,0.04356986213450021
0.0019371130638962156,0.048843133016480224,0.07514081553329235
0.002093068403441543,0.04929543795477817,0.03956243959480422
0.0018307154259317418,0.051814736871787545,-0.05305461101202135
0.001994737935776832,0.051674386824205214,-0.03817807316504444
0.0019626390978252205,0.051111499062077854,-0.07228644915417813
0.0025863526316435392,0.04997287768697231,0.03817578542045855
0.0020761907146229206,0.04986252601732283,-0.017214747818117115
0.002090993481957199,0.050522517972248326,-0.0026881788582109032
0.0019232167241054904,0.05050418035423749,0.0006683331924753379
0.0021473748301172888,0.05020464940386769,-0.005875377744378951
0.0018183377100648756,0.050168165174931556,0.03783738333612662
0.0018594145230254825,0.05017465083664247,0.04356443162169379
0.0020182130943580175,0.0494339751690929,0.05498101085389844
0.002608723609106646,0.05122724926167031,-0.027255183086580002
0.002065018302716532,0.050020169035617075,-0.017300370877952685
0.0023903870785850563,0.04908272082189233,0.04277673639150546
0.0026071381498154133,0.05064283227979777,-0.019092996409700577
0.002217401954970847,0.04948958528171068,0.05055246960707606
0.002514940754266964,0.050258352408076856,0.00053971575462246
0.0026306150011639294,0.05001832209568778,0.0064184448187896
0.0023675380703018366,0.0494482503914274,0.03989744964518547
0.0022637299370740784,0.049981923459583556,0.004425486406885023
0.0016377061478246961,0.049984288017388134,0.034003457350191224
0.002704361701697873,0.04940415197907702,0.07150312909237959
0.002441585973478734,0.049842387236562855,-0.010893158837635922
0.0020947213017239873,0.04982625047450399,0.029265701826690232
0.0015452231474553408,0.050079984494955265,-0.010282328786948701
0.0020339663789552334,0.04994190752985669,0.03001823349595319
0.0020776755395876378,0.05110964092641816,-0.016790278800475743
0.0023840984467550855,0.04994594940941243,-0.011187297601338112
0.002448633097133259,0.049626234372319195,-0.0005080646858588683
0.003176458323249069,0.050349835104054955,0.033359860592423435
0.0015003710059774478,0.0507144065465909,0.015797699483604863
0.0026431089998895604,0.050034594911799936,-0.03667496153115399
0.001774474012237293,0.049022121355503094,0.05024831963748221
0.002698642096734011,0.049642351377776985,0.0303425929363322
0.0026373448555909876,0.0501907603903933,0.019478088708171644
0.0023773078514268712,0.050531217744346976,-0.0022993994071328866
0.002417901735464923,0.0499684993910908,-0.000687538259669976
0.0019006625681171935,0.049655016187352345,0.03634298621948183
0.0025787799611513766,0.05040415672092629,-0.005347070885891143
0.0022384355409873825,0.05041783645498743,-0.005981304436320445
0.0023680163089572956,0.04948355150745341,0.05369153451220659
0.002567848547333009,0.048875126447492645,0.09261649484495779
0.0020773024875350436,0.05190644492808236,-0.040261277039162095
0.0020833528669753497,0.05013067965488148,-0.0037547981100369294
0.0020895744965729744,0.05009351109987801,-0.0010200318294203785
0.002076290912416769,0.05013630521696287,0.0075698090111482085
0.002076290912416769,0.05013630521696287,0.0075698090111482085
0.0021312608398180934,0.048915312107140854,0.04812819720208734
0.0019996810162162533,0.048790455893509124,0.07940332771356558
0.0018930372933147234,0.046647802520928684,0.1615229871710243
0.002277038294436758,0.04770861368312192,0.14967279646602355
0.0020666547218771442,0.04791315009000986,0.07416996231149264
0.0018178311545269342,0.04929111356092917,0.09316549300689338
0.0019386427864806527,0.04853739621829105,0.09188797942980126
0.0018278459686152165,0.04801327594995573,0.07763821676621531
0.0019288903037857393,0.04890147854142348,0.09811970374148504
0.0026827530910038455,0.050386434074106826,-0.015724182322039534
0.002449855422842237,0.04917811966391204,0.059770433591918644
0.002292374330018326,0.04895268501624767,0.06829021739817893
0.002585534366101362,0.05061004608063194,-0.027149950440727027
0.00215034671358501,0.04999308445455163,-0.04996441464362468
0.0023744649250491364,0.050310107258665984,0.047903730473254996
0.002407621244610225,0.04964377551979192,0.03874703999318678
0.002274974750322329,0.05003785203820206,0.010394212786020896
0.0021297118847719595,0.05015996597664319,-0.005877836366700206
0.0025026908503136703,0.050464299882334376,-0.004180102049841933
0.0022747241310266553,0.049432354950359,0.02696702186217713
0.002234797726676426,0.04934483661136671,0.057565785469927
0.002422669331305686,0.05099908218488482,-0.02791031588801279
0.002466632475202027,0.05106236809500704,-0.06443585802699676
0.0026140377187599375,0.05064690768647209,-0.07599195100319679
0.0025337411346248676,0.05078598733287295,0.0177088864069388
0.0026968396772804764,0.04967242953342365,0.004684511795196659
0.0023033538507352715,0.04928249971818726,0.06313725456903391
0.0023033538507352715,0.04928249971818726,0.06313725456903391
0.0022830031475111826,0.05040466394603604,-0.03377149166535898
0.0022079817481353617,0.05052908422294518,0.005243506458043708
0.0019201515706844282,0.04993365838550031,-0.03510636600480499
0.0021962971752762083,0.050960611692376846,-0.013596858894663227
0.002775078557100622,0.050643472661238594,-0.013606425263805908
0.0019754514324593314,0.050965857617655645,-0.015426576702795066
0.002744475899622652,0.050963197723808897,-0.056526014319100405
0.0013618380713866678,0.04930813890539491,0.042721658380131554
0.001719494735117927,0.05035116901876482,-0.012047832297209545
0.0028214407796747993,0.04818142772779794,0.14236303087644386
0.0014505024657452748,0.04988885053355939,0.0030524017922336734
0.0015452729992086207,0.05005917690753998,-0.01747131250023775
0.0016172302539796937,0.050175177693721276,-0.014023282229404277
0.0016010863662618848,0.05044189370368382,-0.006539627319978472
0.001342073203670534,0.051365403513317906,-0.05891797542482053
0.002030332746514097,0.05052909345186992,-0.011744579829673822
0.0022713985181639232,0.048957111232230587,0.059861505095567556
0.0025043543069827885,0.04968392502075584,0.02192946734866624
0.0022007376840814047,0.05004773966408589,-0.0034488239734820256
0.0024261900140030725,0.049657386515544875,0.028205653333225937
0.0026903325820836644,0.04980512890889525,0.021879517887025697
0.002533233595988448,0.050160889965848096,0.014090037616430115
0.0025281380747870824,0.050153625567951526,0.014465693456994702
0.0023292577003213477,0.05057161982903534,-0.04302249685551531
0.001838529670419165,0.04998933223811384,0.015481919247126176
0.00247142285900255,0.04936673028877526,0.020834452849331546
0.00247142285900255,0.04936673028877526,0.020834452849331546
0.0020747941643713868,0.04966868068915332,0.032213740432948286
0.0017846225572669449,0.04988134290451244,0.008450331375135187
0.0024140460514916386,0.051385376708667066,-0.054349413090466
0.002150568711381331,0.04811168833581207,0.08362255680775776
0.0017444954877788986,0.04858804167201556,0.10245792617792045
0.002338828613308681,0.04834405289704341,0.09688675645630114
0.0018395878290671508,0.048638601544374,0.04119396300950449
0.001657079479167069,0.04999830646864331,0.05657386280701226
0.0021501619650203907,0.049170663303031735,0.041891669394236435
0.0019212737471264007,0.04903814988818057,0.07125427604291286
0.0018941691549750805,0.04955423041669321,0.09256429214998883
0.0023639715714544275,0.04826095446213944,0.0974272099746596
0.002137164126683412,0.04844888559574364,0.06566935332585583
0.001690547559652795,0.048804223895603016,0.07154619951932412
0.002589994577734806,0.04909656641432203,0.034280007698407056
0.0021729226700276283,0.050060710989625425,-0.02772724091546149
0.0021600572706576868,0.049885095747087514,-0.03846309452016483
0.0017819540476082276,0.04990095572556981,0.04550192202595903
0.0026483233403847652,0.04914175858252706,0.03838212129316532
0.0026131440372475284,0.04913601898540857,0.0394421008216246
0.002281420368256509,0.048556489429778846,0.048348011631367725
0.0023935290655382213,0.05051692206460781,-0.03278494811054675
0.0021353027357033758,0.05001706947100678,0.04178257666506336
0.0024459493630461814,0.049463154957928114,-0.004462917133048082
0.0022447550163803417,0.05020148505040177,0.03251695368238338
0.002440187870013025,0.05015558607476542,0.03676111412530177
0.0030070289780797497,0.049449343377809644,0.02909604982351125
0.0023829887125223644,0.050221077176556474,0.011904246068314663
0.0022169915417500873,0.04952530079672694,0.023206885123967166
0.0022038296638012384,0.049110159209309896,0.05998489256080275
0.002358655327028768,0.04903056717652132,0.07016796758383222
0.002358655327028768,0.04903056717652132,0.07016796758383222
0.0021821036439731785,0.05071263220631852,-0.048035209461387667
0.001972519771202358,0.05159466242586911,-0.015403410643871757
0.0018635119908016957,0.05001806375105633,0.006576076764727981
0.001852510618342148,0.04962110437455651,0.013825131814324203
0.0018007418495506254,0.05090714160738194,-0.002467783358580156
0.0017409504858359494,0.050623070663534074,-0.025350134946672813
0.0026758367215173784,0.05037503556805014,0.06194678411421647
0.00277312687388162,0.05014271246910123,0.04982004435079154
0.00278988183546063,0.04951530301267114,0.04492066552625135
0.002326143361412595,0.05035492530653115,-0.006608160662082219
0.0024248516335355595,0.05054301116302051,0.005673262040857314
0.002475192700797629,0.050555607222587506,-0.03238094787824858
0.002067270552640672,0.04921252881570211,0.029032510890922354
0.0021118842521933717,0.05031440438459653,0.01732081216131441
0.002204809248806478,0.05026063577567721,-0.017963810328699058
0.00239018045040003,0.049741490806742186,0.0478887542265284
0.002111850379773447,0.049537382549563164,0.011528907502522378
0.0021691724618937117,0.05041071382455636,0.007435138473175007
0.0019577508842575555,0.05090724039362556,-0.0530623800837329
0.002583445162039163,0.0494970967256716,0.03223657716215896
0.0020717305899139323,0.05119242058896512,-0.013929310185320039
0.002078180259807052,0.0502245295826521,-0.005486974030345005
0.0020706042439188072,0.05065984821009765,0.018619227959756755
0.0023368673193660747,0.05015687574193626,-0.0329358760095039
0.001954112153004789,0.050993354264049884,-0.012349560312816874
0.0019370194505352184,0.05030386581373532,-0.03161328236114804
0.0019326560922445033,0.05034308908765864,-0.018110501163093397
0.002114751378697194,0.050318171698214176,0.005665704914837812
0.002217602745241393,0.05049846550050077,0.003743792701902995
0.0025782368073178183,0.05040691620927095,-0.015158324600794554
0.002037550276974677,0.05075637087415623,-0.0222257051577206
0.002433232053071891,0.05051084059550961,-0.013352806553196763
0.002254608624179596,0.04942858804508571,0.04156215913551993
0.0018902559129301744,0.051739378639816466,-0.06532106675198333
0.0019264833192540365,0.052080431806612426,-0.08705570625731217
0.002273599687807203,0.04919081660166294,0.060123201311165504
0.0019467260880573262,0.04834125224880376,0.09895535552544298
0.0021254505075552943,0.049085544002415826,0.0423311270299962
0.00250253973648824,0.051250052958319754,-0.05959178855942351
0.0019565782568215042,0.047828145664720316,0.10077151738862011
0.002115157051192294,0.04769686120518477,0.10862706886955407
0.0022349113304824717,0.04879458614479121,0.07881023246066318
0.002249427674982575,0.04807973230446146,0.0691761125536881
0.0021643743949595383,0.04935935062844458,0.0826586741338256
0.0016489230593678573,0.05120662497812521,-0.010416134100512214
0.0015657078220694082,0.05016602725834674,-0.00756276127029328
0.001798139285692388,0.05008571595635145,0.016909021761203288
0.0027637106936022017,0.04948104286092496,0.06119786397694813
0.0028143288053998567,0.049487568842892904,0.05921835219710306
0.0019303526304042065,0.0485605810419349,0.05685964208993561
0.0017770511246209544,0.048405595259074514,0.07244215119963196
0.002334592485402278,0.04791705316347998,0.12706971949548818
0.0023309338836951265,0.04740514065941094,0.12449680020369408
0.0016526590968402675,0.047749605101845526,0.16684719169115372
0.0016679388518621135,0.04719255890043518,0.10634524266341115
0.0020284951270706027,0.047547732349744715,0.17325902017420733
0.0018247965543432435,0.046762934278023645,0.13639702367979525
0.001840107054202005,0.047405522185633896,0.1300365936476799
0.00196299318365727,0.05018276201146127,-0.016449584500770317
0.0020497609504321907,0.05080966321356048,-0.011292442980306995
0.002420825463917935,0.050719612377903844,-0.03125206057581318
0.0021659457119479874,0.048973594677904186,0.0563396891477067
0.0022857029738082082,0.04946370671786803,0.04566323446385353
0.001878959625176224,0.04961698206424752,0.0036704205567958895
0.002316820850865468,0.05045278506636631,-0.05797916948845973
0.001345274759449238,0.05046690138444843,0.04108626391246164
0.001918596779495208,0.05038330542300663,-0.06051080052519945
0.0018594079744037263,0.05152414220999192,-0.0021535371021663722
0.0021364625627694795,0.0510998105705306,-0.03458388928369081
0.0024744453998670605,0.04989743962837215,0.014325511118567688
0.002766908498671722,0.050290567156925176,-0.004091183303126553
0.0032334411700039515,0.050593745614050806,0.009793364025781362
0.002875851996095197,0.04974330765187532,0.039634797319608166
0.0019408894079603076,0.0500222005912663,0.00824754651350544
0.0022072159938596766,0.05074421971725114,-0.0065852161032649145
0.0023023873164650134,0.04982554524987459,0.0420173615369263
0.00194610204945498,0.050612833118886306,0.028425607229942206
0.0019408993998299747,0.050091872963900566,0.008509269064314552
0.0018664632307364914,0.04991450678536908,0.026425537650148823
0.0022534083142654957,0.04913975670403615,0.04490234495044515
0.0024159667554120774,0.050577260418984915,-0.016655661089848905
0.001995622235694669,0.05025298709163722,0.009529504990846639
0.002461216050605289,0.05040269529036129,-0.008900461909878308
0.00198309651531361,0.05018127372771547,-0.01977932197713487
0.0022411907465508907,0.049826979594197324,-0.007422531292081626
0.0023986769700154093,0.050373626313902,0.019301978634330013
0.001999168251324373,0.050090730963275765,0.03282507991342474
0.001869850245272878,0.050103860922460365,0.019994554337252373
0.0026928519479878415,0.04990566139908005,0.03735006382774672
0.0021659921042862227,0.049822480922314824,0.031624023336916586
0.0023047635645292,0.05058429200075528,0.006635725073527471
0.0027557426115479423,0.04975493683543746,0.006358977142231462
0.002694042295187953,0.04987419078338743,0.017575114611390698
0.002578549211978553,0.05010501940465918,0.006640782979204127
0.0022402185146599123,0.04910855463505927,0.0588880864462771
0.0026243799053684135,0.05003435130265888,-0.0023673530506494837
0.0020221074152111714,0.04949972169086149,0.02895907156904021
0.0020221074152111714,0.04949972169086149,0.02895907156904021
0.0018128959076147506,0.049517992618614726,0.01908183616905261
0.0019234632041548326,0.04991061770549302,0.026976790971384855
0.001985873459536526,0.04947310692229699,0.011257115072526556
0.002084409973784597,0.04943591961824855,0.033038383097487974
0.002261949360472659,0.050671970156457954,-0.03007436261371767
0.00220976464494924,0.05034970785305027,-0.034415615319350175
0.0021015727091621412,0.050632630215445014,-0.010133898197631015
0.0018293062900988461,0.04992009229579473,0.01695028377258173
0.0022758439867473124,0.05040607106042017,-0.04166061197023216
0.0021827900897219196,0.050610150291785,-0.008958834819738963
0.0027259934794471364,0.05033509578697267,-0.017556852981473414
0.0027259934794471364,0.05033509578697267,-0.017556852981473414
0.0028634957542358697,0.050143832645608497,-0.025968965220092836
0.0026294638743717515,0.050541686960022446,-0.024208940299704926
0.00250921210736141,0.05036368164622068,-0.013156868382545012
0.002744155696585494,0.051251036375259997,-0.01720823871292019
0.0017660829798193138,0.05047526167060259,0.03302530328589959
0.0018892078048697066,0.04969793415456196,-0.02105637708836725
0.0024017823825312075,0.05024470145745813,0.01031216534747042
0.00217049377473777,0.050084236400084775,-0.0014063434097890749
0.0017421185060225016,0.05048108160617226,-0.0305064659009088
0.0026359902222357692,0.0507574289850051,-0.008957393937504114
0.0023491707037401393,0.05026988583567725,-0.01932907440547929
0.0025244801752400165,0.050473039878330336,-0.03011985692820954
0.0024884046447776528,0.050695470605350595,-0.02312546336979834
0.0025974962810523606,0.05022830839356654,-0.01310550428686293
0.002051948047992308,0.04992002996015788,-0.008153387978603719
0.0025156340215083425,0.0497075795276462,0.0020779180560723727
0.002404150391805338,0.05118601016674425,0.0004925860043008228
0.0019652739414604274,0.04954744401856601,0.07053254613105585
0.0019049429208583034,0.049837653345636855,0.0017746153571624056
0.0016845413801962242,0.04987999858759689,0.03791819923668199
0.001722668162482381,0.049766815452174554,0.02461547834681379
0.0028777221845330625,0.050415423359439174,-0.028529300970829303
0.0030553236373196697,0.051202972869863896,-0.02457413784252461
0.0025764967125852275,0.049159225884295145,0.07452113335228577
0.002542866236042557,0.049159274824144006,0.04598962430119847
0.0027622677960329484,0.048979016620189025,0.08699286587763325
0.0024077808915051535,0.04873678066653028,0.07809406629801191
0.0023243235258149733,0.05073915279425484,0.0182693635741522
0.0031198591921075113,0.0497195351849829,0.03347669984673886
0.0026039017514458847,0.049167452103949696,0.09048077865397497
0.0027208032080212746,0.049156346722043456,0.09257691818420678
0.0014008712438381024,0.05146529625072282,-0.0675850210147427
0.0030968572556263484,0.050676297557884775,-0.019524351339434035
0.002287629747903667,0.05030131893874003,-0.006512522348970109
0.002466446566899439,0.049420294973591516,0.025018734594861577
0.002505468798339112,0.05025365064175344,-0.003772821179656612
0.0020491180822798443,0.04997766796872706,0.017781507481001185
0.002315049921962214,0.05019548973432583,0.0042523659768888954
0.0017776606835558711,0.04981461696274564,0.014417934567033146
0.001773196968365394,0.049633630692455334,0.004221694785859051
0.0017258395539035967,0.04955086661261138,-0.0052653066466205375
0.0021135554845713015,0.04996681352810909,0.0640237426881759
0.0017591417406285907,0.05000316680398833,0.04955343909867202
0.0017166936741478975,0.05004542500672553,0.05479561773739512
0.0019192682971752824,0.049648710470061065,-0.0006930642481664454
0.0022208012919923657,0.04979796763787512,0.04887267102157365
0.0022936558459272205,0.04954144794178046,-0.003450813909614716
0.0022532379887262024,0.049731476615218144,0.06976344622636238
0.0020463442849593338,0.04938181856787087,0.08966904210762743
0.002169754278755699,0.049285344061391415,0.06576697478951443
0.0020389616333610174,0.049042011998966344,0.035068391637540684
0.0022613522524697364,0.05038020594741212,-0.028299116787556963
0.002742334767782462,0.05044111343337688,-0.004400547832570234
0.002055013228405369,0.05092373326125497,-0.003463462298616957
0.0022085968994310897,0.04988730217272645,-0.004987345004047503
0.001971168504217724,0.04962800322905977,0.03251520037844496
0.0019504142999002259,0.05145682702013912,-0.057458726142417205
0.0020534832318561814,0.05099270227087922,-0.036789186747498925
0.0022871542524300105,0.049537713998214904,0.05917101712483029
0.0019366914066669407,0.050844195067555095,0.0037116326112115617
0.002025093363256912,0.05106136028630775,0.043858127470068876
0.001673156407982645,0.04997113887405831,-0.02376411185085251
0.002831087995537402,0.0497754098956915,-0.0032887828149509367
0.002444116371467335,0.04973154908948248,0.0010801562811082637
0.0019183092485412505,0.051494263486813074,-0.04115150388570131
0.0024615750034917014,0.050875792076936634,-0.033927854722344566
0.0019015587192939797,0.050337141024207756,-0.0003580148377430578
0.0022478586991238132,0.05015359645193344,-0.003317408931562996
0.002111684738868309,0.051067736965248335,-0.0007585512373392598
0.0023562809642502644,0.05094434134960341,-0.027884690784222496
0.0019019757424469184,0.048037264335867476,0.08289058544969796
0.0020551904418351415,0.04843581118590809,0.09012458061280376
0.00161012504107002,0.04736409860899465,0.10082763951706528
0.0029495583158132993,0.05030315270521701,-0.024511256350810612
0.0027752411981092546,0.050978803627465985,-0.02009423932644168
0.0022895240691599,0.049143884652956514,0.027848226244823516
0.00243781308240333,0.050435900645202994,0.0060914528346524095
0.0032070547481321465,0.050244170504971694,0.02348723894112341
0.002384383018951895,0.0505748971408071,-0.00852203226538419
0.0025481876160747853,0.050474437328472274,0.0010320625266302718
0.002452759486004902,0.05048340918513221,-0.016676027497827164
0.0025926298126801163,0.04928821551536601,0.04877166910416536
0.0025926298126801163,0.04928821551536601,0.04877166910416536
0.002775890751785572,0.0507147238298636,-0.023100234548009052
0.002169245063463336,0.05118815639112189,-0.0590470541806581
0.0024583844408447584,0.04922162641052653,0.06100727177942573
0.002244268781167912,0.049526571152764834,0.05125685631790043
0.0018334047749924412,0.04956926589268594,0.011030839254296525
0.0026560702120252836,0.050229481368020884,-0.017569359453701694
0.0020461700416627843,0.05076033869027093,-0.007930713148099285
0.003146909406041651,0.04939687805357912,0.03825756265156773
0.0029593169152777755,0.04947141826853989,0.0411208796956969
0.00226690720083283,0.05002588821607836,0.015246399101314811
0.00257864036201947,0.04990344468366684,0.005778335128811399
0.002572750777960344,0.04960073987393272,0.01223843698296976
0.002445759932561812,0.05018528006000426,0.02020097634434286
0.0021020334842405215,0.05040454414621966,-0.008643560784811669
0.0027221427404661084,0.049249324100241194,0.037121558543409275
0.0015532485116272893,0.04945147059929764,0.0031827258873925682
0.0017098661270318653,0.04953361880943224,0.05495196012907963
0.0017458773019905487,0.0500178829855746,0.05104675811555704
0.002795042087106036,0.05002287016721203,0.0157165568365288
0.0029397542803435224,0.04989037113848536,-0.00114517414611028
0.002429811334223662,0.05099407539619785,-0.013834244592679313
0.002217144641107927,0.05048702896364555,-0.024311312365747427
0.002209882125217571,0.050601642290258875,0.01680372264851763
0.002056683857567696,0.04978165055917786,0.024120754652918644
0.00212085746961428,0.0496566051560073,0.011188794856962635
0.0020893340347169164,0.04970616803421654,0.044569879301317866
0.002151218926555138,0.05007537055157621,-0.005038867497839359
0.0021519485085528763,0.0497381824329464,-0.01139914871860658
0.0022572050921303836,0.05077710659078019,-0.035042706393120904
0.002375809635319669,0.04898659127331629,0.030569869127767945
0.002379848934341009,0.048883171179762534,0.020916742866419265
0.002050697238825212,0.05073729890648687,-0.042872110460785796
0.002034591286104646,0.05069479323387807,-0.050819346804460916
0.0025492286386872994,0.04989179610765427,0.020912292159762993
0.0025184333974567815,0.05031895089054071,0.012469470558204543
0.0026914375698673795,0.05022404792826021,-0.0033053253716547235
0.0020312729893350763,0.05065345398218536,-0.05221978251074592
0.001989335390599519,0.05086938545070224,-0.05085945309701952
0.0018879990671600967,0.049050475691166245,0.06359259794217123
0.001980614883696666,0.04901055258617624,0.05528205340982418
0.0026305067256973164,0.05085395947946752,-0.020201854730698868
0.0024324370969458844,0.04967226063319432,0.02948389890037671
0.0031793084205046086,0.04969450885369976,0.03388827818324828
0.0030329961248452488,0.0496009914918743,0.038667790791378116
0.002740488364418797,0.05044612952896738,0.024040477985874883
0.0016550824072911177,0.050496725821008774,0.00017741061570115556
0.0013923983967031068,0.05034406722417723,-0.013769102524627827
0.0022955148323885325,0.05128863836051969,-0.0215082902868109
0.0021967900483016545,0.050581676275044396,-0.011232751204509958
0.0022959506517817646,0.0501700185099306,-0.002236684018327953
0.0020577454411141874,0.050878527152344484,-0.01810612074403947
0.002552203453909568,0.050408098269218084,0.008533043821614697
0.0024407256800824547,0.05049647187507947,0.009170511371865456
0.002406908129532395,0.05076569570052182,-0.01703492064059
0.0023679890788074888,0.05062321750010282,0.0041005434225948965
0.0023944613866450446,0.04962808540545589,0.049271880755550904
0.0022819902210013533,0.04888646680067617,0.038905332064702744
0.0018456062466558024,0.04990073968740813,0.043538801871788366
0.002008087960088844,0.04941819419818336,0.011040788467716701
0.0017356806941128903,0.050723073886085976,-0.014791372998527352
0.0029292315169661535,0.05016010342330276,0.026793661049874157
0.002422858020850312,0.049523187045872726,0.01650791674344934
0.0024648332508471534,0.0498454036153331,0.034434233999326075
0.0021014569814794717,0.04981590904654942,6.313424498090416e-05
0.0027682224918828,0.050535443280934934,0.01732658733530687
0.0018686310175420797,0.049471628518414724,0.057569773924935154
0.0014825818754057153,0.04849844633635252,0.04466135827399636
0.0019746879726019397,0.05042933041375585,-0.005983979928186062
0.0020767949016218604,0.05052905061869471,-0.020460717729378398
0.0020568077079208607,0.05056361320588304,-0.021028150261715325
0.002251128118020259,0.04988781617202219,0.01484891478188298
0.002153711786954769,0.04978073582542772,0.033528922600282174
0.002182201613166229,0.05067224252546768,-0.00321849563408563
0.0023336783804941614,0.05030626318037044,-0.011165327837333018
0.0026845910676897827,0.04974169554159851,0.02901093287881239
0.0024122230851954985,0.05004222722471303,0.00901636682427143
0.0019123499355527622,0.04922410050589706,0.04654581734098862
0.0028124792324968474,0.050562630517814414,-0.028737331869090253
0.0021962571994168867,0.049515861992844495,0.055864116790135275
0.0025550544714509262,0.050340974541335966,0.015303322042945312
0.0028151849176326965,0.05010497519812502,-0.010535114911073699
0.002019723338250824,0.05035393258887182,-0.0035200707796239987
0.0020952923328755174,0.04986812787455748,-0.015698476051395203
0.002199816969375872,0.050080940350525134,0.03518928051077848
0.001919668597242291,0.04959232957289682,-0.006874362890554682
0.0020235191019930088,0.05012047611128253,0.013425020760653243
0.002606404480909601,0.05032618266397034,0.03658117503623298
0.0026074616643046067,0.04998389509327308,0.0425494134787371
0.0021305917383749986,0.04965753283833896,0.049337627471547345
0.0020631285362910402,0.04933684704601679,0.06392795818883366
0.0022738892654160024,0.050835780794226154,-0.04960010063302374
0.0027808641035638646,0.05006231124370389,0.0512160790139968
0.0021855358654207387,0.04943166788966726,-0.00057409183093002
0.002134346618238453,0.04930160207706153,0.052218805677146214
0.001767880571317022,0.04965920510071763,0.006216924336512307
0.0018681612035697367,0.05015030155323166,-0.013640224776230328
0.0020862891690592925,0.04985805468024416,0.03251035081628031
0.0021000245366478566,0.04990890221261778,0.037864013196087
0.0021000245366478566,0.04990890221261778,0.037864013196087
0.002448089917265291,0.05103335594971377,-0.02914841000198424
0.0023601236105934647,0.04922111559923729,0.05568357898582981
0.002372912279141026,0.04907990617937428,0.05396727573493941
0.0025862318037497057,0.05060891552487916,0.000752043931345147
0.002050362891211318,0.05038984072706186,-0.014934644754447538
0.0020935432430311935,0.050246760459806056,-0.002131845039165945
0.0020935432430311935,0.050246760459806056,-0.002131845039165945
0.002156662418408151,0.04960124148962839,0.050853666810305204
0.002047266808923205,0.049454653605578554,0.03578601783133101
0.00204281040965893,0.049496885680348664,0.058970980108183337
0.002274278603065784,0.04906471754673987,0.03897624799423468
0.0022868332772364407,0.0492399353854783,0.044317427574293425
0.0019475082042818479,0.05089579671417611,-0.055402228454539876
0.0025461141765613115,0.05072727789823931,-0.027891813723757364
0.002162871959356158,0.049477884010746126,0.030785568296487775
0.0026197688250932665,0.0500974013272193,0.021746558266017867
0.002439263703654433,0.05016657737730691,0.007554712014508905
0.0024256177725931255,0.05005080092703993,0.03444169946710412
0.0024611911822285206,0.04993475626932788,0.00392144862455567
0.0024972501553238145,0.05054560918610823,-0.0050844519629850956
0.002508133803624954,0.04976981061938899,0.04181625778713445
0.00255607707541483,0.049564868614620866,0.019324615435882108
0.002114440358371721,0.049480133146173666,0.04040910683553791
0.0024079847220487703,0.04995661884568063,0.03679979991669683
0.0024003888125899483,0.04967285290073467,0.03019445183702401
0.0025633153341182713,0.04995404391107069,0.013887907301019525
0.002554050625859759,0.0500950783654699,0.0051621256530068795
0.0021872021499209308,0.05034354288434664,-0.010595253647492331
0.002415290044546769,0.05072298399944342,-0.03988228022354542
0.002458924149464248,0.05077652821573017,-0.042475768219522266
0.0018327532161012197,0.04915703857086471,0.07062452367787612
0.002848947515218642,0.04995471899318321,0.021731257080975144
0.0021713642138926413,0.05033960492012072,-0.015691146860739413
0.0020052163197491614,0.05050466741910871,-0.024488868239145496
0.0019156731610192662,0.05035285937086023,-0.020137835215691458
0.00201084077206418,0.050698466316004054,-0.011775991092831789
0.0014641519816500795,0.04998489867350069,0.003754528412434667
0.002001248222953085,0.050358117187158595,0.09033087138515766
0.0016564847724763567,0.04986511946820618,-0.0496086504043512
0.0020582546916590974,0.04956719766241603,0.10994717324769082
0.001637348510797194,0.049558592219306384,0.0651383128833149
0.002562412239750545,0.05070207279806954,0.003415505732520875
0.0025122896533446362,0.05047322776998902,-0.01221921805946391
0.0021469801824036973,0.04928773562039464,0.041659718589979466
0.0017188696240048966,0.04987450233580804,0.054608770283386524
0.0016914123605522608,0.04949353721943057,0.0022972397800659033
0.0014024433753323986,0.050202534716046326,0.02130904997964079
0.0017681653432326516,0.05030363485283061,0.0007751034476761082
0.001664400954850804,0.05049438291904397,-0.005764888921867171
0.001664400954850804,0.05049438291904397,-0.005764888921867171
0.002519222029441518,0.05013342866297331,-0.01446802226074389
0.0025411535504744794,0.05035523842303146,-0.012979644322294209
0.002098871964423904,0.0503158096040085,-0.015576571663330391
0.0025844198623713155,0.049854726259652815,0.014912952525696313
0.002316326198268587,0.04977101584585728,0.017074919478754058
0.002289668839015186,0.04921080245191976,0.05695959238715941
0.0023875839652619324,0.04922644873000595,0.0463832744648732
0.002316410920738809,0.050385593518628424,-0.020698357981965183
0.002592196813831267,0.04923241088042081,0.05337351356978124
0.0016156896190179194,0.04984044680188207,0.0006200188646087069
0.0015198320592925828,0.049694420220673205,0.011759019722230885
0.0023457027015663513,0.049919893052305694,-6.437416558154222e-05
0.002121622612019328,0.04945580056005487,0.050854012184808374
0.0022130594111876966,0.049565071404534755,0.08406588123965102
0.0020717022105116102,0.049429882338503546,0.053031407632034795
0.002066623145323068,0.05062599006304317,-0.010738026839810812
0.0017766818404080587,0.05055327389785956,-0.026117711096970284
0.00213314677344794,0.050644922842210324,-0.01180810965631926
0.002478204470105734,0.05007535888447499,-0.017049803184537696
0.0024425360950756235,0.05034723607532289,-0.002042149239657785
0.0024664416686262032,0.04961032647214095,0.04299991356126504
0.0022915787050517412,0.049043107635111424,0.06275475206140768
0.002474988967983672,0.048653902121487465,0.06596209425800845
0.001115756358281343,0.05108753841338674,-0.0508395181485128
0.0011604386980298392,0.051053256327065366,-0.04814998571016021
0.0013005050678769423,0.0498418811495945,-0.03608792514358966
0.0013261856639243427,0.049615616018259374,-0.026386230145734976
0.00207382561705479,0.05095543508365694,0.02892227497915682
0.001932989663764567,0.05042881673464724,-0.015029758395283692
0.002184334783585282,0.05070692449088842,-0.0677053245623659
0.0019387667163007485,0.05107503403770058,-0.046521252610538105
0.0020987305296162094,0.049265693738981715,0.005797536317597577
0.0023053377815223006,0.05041465066770947,-0.058619249844907136
0.0024329467907892735,0.05099569867689152,0.0100099013028915
0.0020383379100346617,0.049377330252096646,0.029054562462095552
0.002376990600683785,0.05058261576923868,-0.00012293359138515134
0.002431484980550262,0.05039158419516448,-0.017018679988255542
0.0023775345447120126,0.05034184686454841,0.0011561987200493008
0.0021314701661758494,0.04915280338791824,0.03464989172200955
0.0026539157598315616,0.04964775167884019,0.0702888517195575
0.0027500783313859534,0.04941077748581526,0.04444430193904315
0.002067929908579691,0.050447272521153524,-0.032072635660815446
0.0023080835924227327,0.050699701423281375,0.010008829030111606
0.002082949071962015,0.05088787424236174,-0.01975049631629833
0.0023845949562251896,0.0498421101398359,0.025624918293814074
0.0023143471456158944,0.049857832314948385,0.0013833853798534846
0.002226815585782526,0.04964936642708594,0.057528194563157754
0.0025641910423905845,0.049566533367418446,-0.004865469934411233
0.0021684639128093344,0.04956903600446647,0.07843256590476
0.001995593100576857,0.04865124020966858,0.03035407571181959
0.0019312220159310746,0.04968880383254283,0.03851586418929709
0.0018867540532418348,0.049418155819281565,0.018767371263050385
0.0022790788576644455,0.04779660737715336,0.12319698630058172
0.0022031771290869613,0.04831322198010281,0.119166977485912
0.0026981042478437943,0.04811007540413325,0.09147158417076896
0.001850487149133441,0.05037248561682533,0.006015275265348709
0.001759538664008227,0.05016006321234873,0.0042869795710679705
0.002838655078229834,0.050444971606812536,-0.0036710613256561463
0.00235322346595719,0.05054029562112627,-0.015947301776378115
0.002291490434065834,0.04907131113644374,0.06069938124225705
0.002601910877335198,0.049666610963938956,0.04453815153162965
0.0019479243240330332,0.050185275257684,0.012993275236485463
0.002448166970318573,0.050168073125507404,0.015133214768604138
0.002558725599246851,0.04979123916993488,0.003989920119882797
0.001629388155414182,0.05030579006643068,0.017391791418080702
0.0029022830126253377,0.04983729008035354,0.04613480359431178
0.002454146979135612,0.05024124964549707,-0.006306106033983621
0.0025462703748483735,0.04981568223219065,0.0008311673289836424
0.0025554173998424104,0.04985092131624651,0.0028397949062478668
0.0027237870297013864,0.05032525857343407,-0.011212687799048037
0.0024788766313486167,0.0511211789868691,-0.0056404993626825535
0.0022410789961913925,0.05051970969988071,-0.0053446986163309075
0.002730841827537487,0.0506237589793023,-0.003992814434712361
0.0019496935354910228,0.050232361092390515,6.0138370628730325e-06
0.0015749127102981794,0.050049731097194246,-0.005836210681354449
0.0018036229807017036,0.050373010798421256,-0.01136201059952362
0.0018250670140477739,0.05094942715092285,-0.005619078810650278
0.0017892592713136964,0.0506903873412296,0.023890371614420584
0.0021588516080052788,0.04984392492435314,-0.008879620723284498
0.002040467941138432,0.05018294065467023,-0.030630509763172734
0.002238099725376927,0.050218492281246814,0.025023313459289858
0.002039794327992291,0.05034788233092395,-0.012376107072244086
0.002440448890263762,0.05101782645154268,-0.03068688400455424
0.0022170178590970088,0.04905871288207633,0.06600187683003783
0.0018343083876825514,0.04815408130869507,0.08132320528859968
0.001817438520220936,0.048116727010838946,0.09537190601243542
0.002294913884890835,0.04819490945866524,0.09757551278322851
0.002593658904768536,0.04813227916164872,0.15014144539995347
0.002541546609620816,0.04810338323608327,0.140902218431365
0.002704485896732285,0.04725274967887068,0.12171369705110163
0.002598224629738776,0.047317409814300444,0.11693236352538158
0.0015868907670453084,0.04752358503377137,0.11975945670445015
0.001880555657261246,0.04825993047224041,0.11054352564895883
0.0020860301684399564,0.04939811637563001,0.024431547772466478
0.0017751873892063149,0.05022564862475248,0.014032108336051107
0.0018737651777689483,0.049836551430081116,0.008393144986797869
0.0019977680280003547,0.04989870736025831,0.02309039774167051
0.0016727935543080449,0.049577756215590255,0.0021529717412659124
0.0013535646924376205,0.05024041482776827,-0.005450706545529778
0.0016186715452391107,0.05044637017534623,-0.021359918157027726
0.0017207061991179591,0.050419235205551,-0.009568214217803428
0.0021043694237733957,0.05021398458836321,-0.019267580193080325
0.002369135566372296,0.049192182533359684,0.05499057452395259
0.0021935286833572832,0.04933324562518031,0.03721671392643778
0.0023028481136609293,0.0495583699464562,0.029060575979089495
0.002396643309161603,0.050248520025816375,-0.019433045406697352
0.0024807881833703535,0.05059187132438594,-0.02189697069664595
0.0019097104560193783,0.050836215470209195,-0.03851532323155725
0.0026707404472321146,0.05115180895756781,-0.03864365268757909
0.0023156935423962128,0.05059987699786375,-0.005644841130327865
0.0022921976825580736,0.04962588395282302,0.03923756285665882
0.0017117610127963443,0.049761323333750704,0.013535163706050374
0.001841001238255567,0.050132649155187,0.009155212823156803
0.0020581647381322176,0.0501318938773323,-0.003852289395824609
0.0022977963213807844,0.05005348797219747,-0.011129558270131314
0.002551228081589656,0.05007813993272248,0.01609708762703851
0.0024592210549351148,0.04949660210522576,0.03620336216337815
0.002687261105005772,0.04975760905645223,0.029538946159836474
0.0025825802417529086,0.0502605078070572,0.02358878507288284
0.0021182824160459997,0.049886269425367356,0.009206994453243234
0.002230128000913778,0.04894781286995735,0.06265003787372199
0.0023776764789054643,0.0498592652105,0.030366725732070513
0.0021041682897584347,0.050707891682430166,-0.044797366258165196
0.0022328268581993105,0.05063899531225836,0.0011562632994748182
0.002561045673327733,0.04984930516855015,-0.012779225735896054
0.0022290579279064912,0.05038400949054228,0.013171111649051787
0.002565138761479323,0.04946903815338916,0.009078234952449268
0.0028332354787196008,0.051037052801347356,0.0014137525075314317
0.0025732083138793314,0.05038043086671721,-0.013196333669103546
0.0022975631764159165,0.050484449348431173,-0.0015247946194234597
0.0023532355758341906,0.049947739733349865,0.007681236862342773
0.00219681018858081,0.05050485241504987,-0.005350561979702899
0.0019434600759015242,0.04931997799202054,0.045263866830315774
0.0021203957232536668,0.04969317779517756,0.04457712361949098
0.00195809166418609,0.049906903402949114,0.009489186366002399
0.002037084475635366,0.04983393963576984,0.024480881228638337
0.0020155786665518186,0.05206784836244282,-0.09236516919622569
0.0016744981614028771,0.04722735079465063,0.13721189591743485
0.0015705215089181694,0.047405370800474134,0.16934597857396316
0.0015070620702720661,0.04666328565423285,0.14126764187406055
0.0014023787415443423,0.04683599708587797,0.13004316397700164
0.0018345179729302664,0.048464548746447955,0.08734637553540675
0.0018618139448144991,0.048038008975571006,0.09802700940547339
0.0016665427572266872,0.047537861184771275,0.12648357878657446
0.0016335668047800997,0.04729021863902925,0.10334682356475623
0.0017685925092150122,0.04740411252617326,0.1315604558941999
0.0025321201710434018,0.05067747831547002,-0.020944446764829146
0.0016358860665590287,0.04900038251155698,0.03941657731692147
0.002529862019937111,0.05116181730485997,0.0017033867491457306
0.0023005066473975686,0.050241503125828854,-0.025351139943845257
0.002179687764277741,0.05070406474401945,-0.0276757991758908
0.002110126914361549,0.05001987144275839,0.025714347013028466
0.0019139490605043193,0.04940444131915134,0.02972586148162558
0.002154273746052626,0.0487242658696314,0.0646105601119267
0.0019589905074136812,0.04870703345000234,0.04826902999200598
0.002220914196322055,0.050423286726503966,-0.004367050593629113
0.002135493462074014,0.04943147985306447,-0.009997713335813957
0.001967051018993556,0.05050810021525555,0.03866754722178342
0.002231823003946203,0.049356370410211355,0.013480369077297919
0.0024502011969280025,0.050538934405576295,0.04414387409593528
0.002164928299476963,0.05002377413891319,-0.015231260085127981
0.0017911613666995324,0.051142323069609405,-0.01261121402253878
0.0019510466502271288,0.05060778561563027,-0.029228578612485404
0.0019000376971577686,0.05028877025898063,-0.03687805153039695
0.0019452033004613311,0.052189303657951464,-0.04598164420633971
0.0019327552942900858,0.05137680580007812,-0.04200673741266317
0.0019235987224135204,0.05137313832380198,-0.04937958317205506
0.001946331339341033,0.05025884075801818,0.008942004340096487
0.00216230405746964,0.04857431194200418,0.0741883108319156
0.0023000726472849993,0.04841264050189363,0.06181909100020825
0.001976658092502762,0.05135708166211665,-0.048208002443551494
0.0019924872211459755,0.05147436365520701,-0.052648227934904715
0.0029012973455735318,0.05125573911624229,-0.05395977661000256
0.0015988228108034382,0.049303057148856605,0.04321706041433829
0.0015809640308814218,0.049621600297139655,0.07292491929055804
0.0025151465804875007,0.04892560427219617,0.029502862644577778
0.0018463690226617683,0.049050285556580114,0.03345654680081527
0.002646025065645195,0.0503462993960974,-0.018698737812197365
0.00245847973573956,0.04975697689582531,0.03481017924041037
0.0019202293355035942,0.049662647098104605,-0.018089341490518062
0.0019329991580509635,0.049759774788163555,-0.014115043861890527
0.0021149283697024217,0.05027154856231882,0.03454050178676881
0.0021021242777461697,0.050400022825578615,-0.013851654714587594
0.0029030519596636487,0.05036649009976288,0.004485690707709219
0.0019077985575163276,0.04964867075955989,0.005610948854426933
0.0021116667097064805,0.04943488366258424,0.006574312499322366
0.0019387387122745613,0.04877359483607158,0.003643798234631215
0.0016985223796527943,0.05036302081337494,0.06750183229086573
0.001714022582557895,0.049292302931739494,0.043377643286207586
0.002604314971706814,0.0495077696985042,0.031892256636830756
0.0023337180731024653,0.04996031788539019,0.021830900116250412
0.002361608846117757,0.04918125479377565,0.04543144427582403
0.00213489748502444,0.049779511275058724,-0.006821512465034872
0.002088170998981141,0.05062663882586614,0.01690425816405173
0.0018805494180621947,0.050369274543342724,0.010620275367329735
0.002340789979073444,0.04976173066680545,0.036743368362213445
0.002232290089558676,0.049764723331229915,0.0038079371686772262
0.0022603455495676093,0.05023194832292555,-0.0058038213149038675
0.0023841557413422612,0.051548935435961785,-0.0287594656805161
0.0017095226446193742,0.05111396581377591,-0.013707980160607617
0.0021855849940585212,0.05103140681003329,-0.01575321908059986
0.0023228385781973466,0.05127207429394346,-0.028893907619739912
0.002250337714590595,0.04931548544567367,0.04501264639433348
0.0024981583889946996,0.049730497693778845,0.041628532269598756
0.0026378583429536337,0.05010828293494965,0.007187045803936295
0.0020154692786206628,0.049724235837476406,0.016225350139673717
0.002397170609468956,0.05037719858808841,-0.01274120229826606
0.0027061481716903857,0.0504380754526213,-0.01841962545817578
0.002850371167439731,0.05095134763710692,0.00035419121268100845
0.0023200167774874597,0.05025955799447876,-0.013346560805004978
0.002466383329457644,0.049797755523099715,0.02170674271367002
0.0022423291010557666,0.05075413298089963,-0.010141278646941759
0.0018248343344326116,0.049697671340300786,0.010117636700891726
0.001854381442044963,0.04921478211138735,0.060010280628408554
0.0022268997383226006,0.04953737422457681,0.044023082258778004
0.0030631277193888264,0.04887201186143717,0.07541462762872038
0.0028577152448755966,0.04907927767389217,0.06371856891114643
0.0022927276603061006,0.04969037831700584,0.029756116880437222
0.002752111449284606,0.0504542849314344,0.04029053476789776
0.002117498715209028,0.04904330395979705,0.0011154556088979466
0.0018258327168526013,0.05115388233447291,0.018334498902257038
0.0023971876636290895,0.050080776413036265,-0.04947139602135164
0.0022162517462106534,0.050052852631701,-0.03995957434438441
0.001932472192286473,0.05052626245849844,-0.02618038359863505
0.0023913068912091344,0.050965204484693875,-0.027298530174791603
0.0024476864514681334,0.050249944131151573,-0.009625117566671873
0.002097740011086113,0.050289972505178936,-0.024618277213001725
0.0020172309076383218,0.05088745825815658,-0.02271351442559607
0.0020150351633431494,0.049983994013268765,0.005334042880277517
0.002176379258635066,0.048979781872011546,0.05937263777987345
0.002057338366934427,0.05032377227448305,-0.0019480703529410972
0.001961799622898932,0.0504654290045988,-0.030835952244980234
0.0019976515239718525,0.04954971370923192,0.03213413413579853
0.0028660609889352732,0.050115789384817144,0.013019425393739502
0.0024285857169709765,0.04993188950652088,0.009917725904112173
0.002349428445470505,0.04993221803939773,-0.009350966474935395
0.0027496889958055918,0.05034053433848734,0.021689857681456374
0.001934965773640695,0.05080370382487556,-0.015934863250764843
0.0017853125559943775,0.05052199126680683,0.0004457297167508384
0.002036741466823642,0.050019657256459106,0.017580447987147425
0.0020262141125916905,0.04988964757535755,0.0001240630556919111
0.0019217671503660473,0.04980607549591234,0.02065092619136819
0.0026111151497356724,0.05016248858680234,0.02662561968027357
0.00253936039621199,0.049814238377451955,0.003514129484904366
0.002151985305981439,0.04991922531012654,0.008919148156348403
0.0025963279665991343,0.05026911747778532,0.01810561637963349
0.002047940868782107,0.04977002109021727,0.007956883981470608
0.0021256157979748294,0.05084387036381151,-0.043947178892908854
0.0019243013810059544,0.05150912017305063,-0.035102975265254695
0.0021136141255056204,0.050929489324291054,-0.04162904247866509
0.002188395407436465,0.051022139775157294,-0.03712223041269345
0.002474077649933656,0.050758202343921886,-0.02018226117235497
0.0024111711048412474,0.050513798790521015,-0.021513043516608325
0.0023489631926968783,0.0503525176589062,-0.003240645214368407
0.0022394448090073678,0.050578767733413625,-0.0028839619365159633
0.002427770373190483,0.05029082077553987,-0.029605996337514144
0.0024399483051688554,0.05080588250001881,-0.012172922213210214
0.002233019555262663,0.04947506924135724,0.05190978656077439
0.0015647367872318406,0.050670545697257825,-0.03963740632164988
0.003040293149849515,0.04998692031656461,-0.006805324570611029
0.0024496832383665477,0.0501563578052595,-0.006755430391505896
0.002456510127442297,0.05030398720966387,0.03350885873961587
0.002163458312638795,0.05118731369569284,-0.022492029210584213
0.0025237931125903184,0.04955199320569193,0.04084374652874984
0.002815717019225073,0.04957739402102349,0.03784508628475248
0.002097769266813118,0.0495156567578358,0.038491407632507996
0.002905221471192394,0.050309773114787674,-0.002441550399121055
0.002319871557465751,0.05016104119986445,-0.003227557640993246
0.0021208366310090645,0.04961064289678882,0.001055102952002357
0.002351482895203685,0.04989011213535431,-0.0029655451350564014
0.0016267392452822779,0.05028986202431824,0.019958723998419286
0.0016579584346742037,0.04969344893555696,0.01950436687729251
0.0018966496181240355,0.049770491005232745,0.04915417930321376
0.0017723422556149995,0.048794785681360885,0.05888714057444913
0.002770748917188032,0.05064135830276909,-0.010351472422068504
0.003052235014913832,0.050402911888743435,0.008052018968639933
0.0027573469705509724,0.05044633323988636,0.0007282014751079877
0.0025967995167196257,0.04969932756629002,0.024055557226026855
0.0022541389612976,0.05082787068503853,0.002343516856196845
0.0026062717915490917,0.05023178421147418,-0.02236230214926487
0.002452851049568287,0.04928105359567248,0.06698748812351277
0.002392754831293562,0.049271706977558116,0.0712691867423778
0.0024771322635290137,0.04905347883468924,0.03942445997890227
0.002531169871671719,0.04979446188716947,0.06665430410717063
0.002699993584419521,0.04986116723957208,0.07344603949760493
0.002799333644548534,0.0490359982247072,0.03940641170945141
0.0026189926844446274,0.04965363027185561,0.06499800466424234
0.002067901103765309,0.051420486937574214,-0.04445882854086919
0.0022129208267269765,0.05166385031996873,-0.06247993553844347
0.001916503438896513,0.05060689876210059,-0.0241440330405201
0.002056396538800093,0.050217030932924726,-0.04747107900326194
0.0019551138314309225,0.05042858560701536,-0.00546561009788406
0.0019440274696216318,0.05032253807670026,-0.019306778376731632
0.0021928993562852,0.050193135329543725,-0.019881805628348473
0.0025278583754939476,0.050531418976423645,-0.007773668810094042
0.002227688212329081,0.04948764839754392,0.03169350707868369
0.0022479461466570474,0.05027786001240275,0.04318462253583551
0.0029438586794416246,0.04946430075609622,-0.0035835531773332407
0.0020804850030884474,0.05020114605760958,0.04310468519426485
0.0021447084889730243,0.050572934239633174,0.02773997677974815
0.002327218332628694,0.05028312826448776,0.026766940586966926
0.002277288876247632,0.04936997286669458,0.0024850065780889306
0.002214131504475227,0.05071680565273039,0.019361596661956956
0.002214131504475227,0.05071680565273039,0.019361596661956956
0.0020411108300659327,0.04921217751261465,0.015872138511568688
0.002103737992752963,0.049881788719345316,0.05545352429718475
0.002240951077540175,0.049797814642440597,0.06045948421961593
0.0022034524601098676,0.05125395703157157,-0.018568832736618655
0.0024472327386426142,0.05069575294108011,-0.049791551106210995
0.002720467882491579,0.050854750986908226,-0.02418150651131573
0.0022786308721763054,0.0502243116616379,-0.017656763777097483
0.0023922650268074384,0.050869249791415896,-0.014990815916806349
0.002133161163514877,0.04993931723807783,0.03260484147324251
0.0020501976353463573,0.05046183525909821,0.0191277331076528
0.0022860535257631055,0.05005176547418941,-0.016312313881476876
0.002341412449529386,0.0500620495653172,0.06933386925680893
0.002680781141585259,0.04916170032175971,0.025141155190320737
0.002664696733363744,0.04948043943264906,0.027698792436516906
0.0022591349473926473,0.050283308161457825,0.00906378537103851
0.0023110968677476475,0.05021704380401791,0.0018158344864381204
0.0021416967652507874,0.0491976016074342,0.036507515329421945
0.0017332998343562091,0.04919499156013468,0.06513299698169536
0.0027332158975688866,0.050163114381282646,0.0016485434054502555
0.002355663947902601,0.0499456288457623,0.01861196672445416
0.0020820871996090574,0.05067588268805044,0.011269342547250202
0.0021400781789510034,0.049966764295620116,-0.009174202582091331
0.002811848823914222,0.05044117449212902,0.04971981189401701
0.002525944284628531,0.048102085504446196,0.08318208358699719
0.0018845024181136497,0.04923544987967487,0.07657134191490954
0.0015350657944670644,0.050038152037067817,0.018854862691811816
0.0024651546865668244,0.04936595285107628,0.02328475569142725
0.0022296136147759537,0.04920698532071681,0.01815925345843243
0.00177901311500212,0.04995646249374212,-0.007763770511687275
0.0013704629273776734,0.050834913962533,-0.007903195341981278
0.0025214758542899253,0.05119535994803762,-0.021134730763871023
0.0029536995319146457,0.050639244894368704,-0.020747377877959428
0.002243520788464517,0.05002034921985529,0.0322392886956005
0.0025204032322513896,0.049882232048535986,0.057059111642057514
0.002822754255904127,0.049466549243592846,0.03774290113765352
0.0025340956974079657,0.05000527385469053,0.019181729047800623
0.0017822949035968387,0.05018336233871712,-0.01140918437564449
0.0016903155360780363,0.050238188413770035,-0.005504878516791856
0.0019109474102073404,0.0502758142467762,-0.012958522195614884
0.0023140977759256,0.05054717871598414,-0.012660957155764844
0.0024292989637812027,0.050353725411426596,-0.023995962188331305
0.0020854268771611614,0.049515210177800535,0.03933527622824445
0.002180876542560027,0.05058898328760458,-0.027315809446737466
0.002484588978837231,0.04949966522145566,0.039749788788451826
0.002314198068633676,0.04983407787494426,0.017892896571753903
0.0017746575061533488,0.0500638846322433,0.019485524973784984
0.0017072735191395634,0.04989496187051411,0.02216758082377131
0.002095420910995414,0.04956796101985731,0.02840802386831666
0.0021497601451794875,0.04988381061816402,0.028375087021171513
0.0023714089913453853,0.04966047647315833,0.017166456222330755
0.002385634452134943,0.05043669758295466,0.020684755313225646
0.0021007025956810204,0.04973074545949964,0.004767568751727774
0.002316093420903981,0.04931753728544388,0.0311172725252111
0.0019322815627531304,0.0490298440337092,0.04437399755392611
0.0018733129807439184,0.04926781713857066,0.05742737059728263
0.0016555903156112346,0.05089814723585727,-0.05232764470246094
0.0029336339899063766,0.050229824003746835,-0.028592626603090893
0.0022614392904878006,0.05124066867816609,-0.003963499156837153
0.002297708153466189,0.05050610510772969,-0.00033303513941551285
0.0026841345716349285,0.05032028404441099,0.019051417613892757
0.0029774837203380452,0.050203412714111426,0.023331389711315598
0.0016788444744486129,0.05071998817499312,-0.007096970845787944
0.002372909020661443,0.04957681839136703,0.06435067366660037
0.002432010170069904,0.05126711610559632,-0.06809293205362568
0.002595912285066003,0.050729568177708115,-0.004721653930879788
0.0026369611735662206,0.05028067459125234,-0.04876255605541591
0.001999473228491987,0.050627095295622496,0.006445543549091113
0.0021896453799763443,0.04976200228963533,0.04762670671223424
0.0022220678776659845,0.05096405032224092,-0.0007347809926722941
0.002552612559006054,0.05051925120756952,-0.03502970743667664
0.0022965064860268067,0.050740051038474114,-0.02536508495917143
0.0017053272852983997,0.04900737351424239,0.06439743674038244
0.002439573036241284,0.050275567611868535,-0.0008300137030078812
0.002439573036241284,0.050275567611868535,-0.0008300137030078812
0.002277153913130432,0.04984176154769092,0.019684320289827584
0.002582897781351848,0.0505857077907158,-0.015626141544743757
0.0020213508221578022,0.05069218599061001,-0.02762290653640964
0.002405944825795385,0.049822698377584886,0.026194777569775795
0.002276963916855744,0.05033930966722262,-0.012670752802806414
0.0022852163500431152,0.050268809825293644,-0.03610369085730432
0.002020321332362989,0.05124332363821867,-0.034407532059085054
0.0020872321584878063,0.04905701283498589,0.039771653087939306
0.002222357839313355,0.04926166691219371,0.08135199774992141
0.002781985414571768,0.04851531763477855,0.06225470415719429
0.0027582235390557087,0.04872162574616481,0.04377574434730714
0.0021654111706305964,0.04978663475742523,0.04759985663774946
0.002437835586665276,0.05049447175803053,-0.01272268385617985
0.0028471926630406364,0.05023831887143981,-0.0029464641205606285
0.0021915673224762043,0.050510224125956855,-0.01751367533573901
0.0027068569988171996,0.05036307016062297,0.006201407646826761
0.002295267691309999,0.04968775221436286,0.019671765428827398
0.002648908524334774,0.049404493114633886,0.04662755961854569
0.0026274614834171,0.049423848395670635,0.05987188886569344
0.002529051279976549,0.0501173339217179,-0.009374592948795153
0.0024133150027304305,0.05023356770903108,0.0024536402690415182
0.002191060424721884,0.05088338682275748,-0.020918521180760614
0.002108808231477953,0.051077385135777906,-0.024359787130861968
0.0025733729498203396,0.050696798162111374,-0.03925791285288481
0.0025490243324612595,0.050467985211820776,-0.006136362490425209
0.0026050018089031706,0.050466599886569534,0.0002269808223229856
0.002158522094504504,0.04989915436603666,0.01343243329450284
0.0022227799208086015,0.050290085673172565,0.03404240756469299
0.0018553764639283239,0.04860355293594533,0.025094979644954548
0.0021748861637197426,0.0502300253163593,0.05292335120452827
0.0021035189688315093,0.04971770566597894,0.010408160039460138
0.0021035189688315093,0.04971770566597894,0.010408160039460138
0.0022909954889813663,0.05049967151160621,-0.0023443827426212578
0.0022896631783470536,0.04963220095235838,0.031487616488168634
0.0021569683196604322,0.05056949617615296,-0.02812775022249441
0.002170356147833587,0.05040897976209231,-0.030190495459952508
0.0019329537260252972,0.049723666755503305,0.0500630177440498
0.0020272623744558792,0.050065309136883465,0.06207860686758514
0.002281321231573599,0.0482886325855434,0.1095654556808456
0.002176691882869198,0.0482871601278884,0.0869664750234448
0.001628442653578879,0.048478575831013934,0.0504190067297181
0.001628442653578879,0.048478575831013934,0.0504190067297181
0.002779609979891488,0.050147739514365984,0.026802235484074163
0.0022355370487848244,0.050286258567545684,-0.020467028068409936
0.0023096263060505993,0.0497115038022545,0.0353206468300485
0.0023859194849588003,0.04921699846500308,0.03587360305565646
0.0025582080800994546,0.050344846224340094,-0.043083600784969485
0.002167901788403348,0.05074502425599005,0.03286929893516461
0.0018864781712405506,0.04955796770757508,0.015990641329695722
0.002790169574424731,0.05011928361462291,0.011469970385521687
0.0025174521720769953,0.04982684943947211,0.016246515269086995
0.002882233205742576,0.04992879401487299,0.05804994333037816
0.003020630230781078,0.04944393795276919,0.06453037053352763
0.002894868358596211,0.04958825533574188,0.059325101634199295
0.002550420627637991,0.0496625823757301,0.028935127685800578
0.002529766351119053,0.05019592096494716,0.03906652443758293
0.0025470624348822293,0.05014808535255031,0.031896357591661643
0.0021438633884166033,0.050531452239095796,-0.04499644411286794
0.0020357857018248916,0.04844097191802597,0.06189910842581367
0.002521953385874713,0.050581278621018556,-0.051341857280393255
0.0018557824481963958,0.049727238588516444,-0.002157031778992142
0.0023095152820236356,0.05036316311000335,-0.03643907116630054
0.0023833042905980575,0.04948575096893978,0.03769642458018955
0.0022065557035290738,0.05092809250812835,-0.04444186338965574
0.0018817426573531325,0.050290230068769856,0.003728605242886906
0.0027137366552102086,0.04962665436291005,0.017548387935828122
0.002755327939886689,0.04974440354041813,0.023640393230672744
0.002687938053896172,0.04982660986259769,0.026503375398170666
0.0016715031490765733,0.049648733982634724,0.017877156281414484
0.0017764088397814305,0.04969404904632176,0.016338633786326984
0.0022529668664430054,0.05063246027609264,-0.014967538062837021
0.0023438323433754658,0.04993583527857965,0.016533834376394805
0.0026593067421109566,0.0493595140816826,0.00860384163499995
0.0026734693411355425,0.049354041596541935,0.02052687242542763
0.0016698458545372943,0.05104861558273827,-0.019095332365173554
0.002328046407373606,0.05058844611227257,-0.02390095112467737
0.002491984808135727,0.05093790113904653,-0.04149849836036993
0.0017146386747802288,0.04971343045425005,0.030125254191508966
0.002898707050822962,0.04911894492727532,0.06626053043218547
0.0027864386127146867,0.049213149285020276,0.04070373307077482
0.001299672945594885,0.04935903211086857,0.014582330446769244
0.0014011196825807924,0.04965427605057142,0.029033884878033284
0.0019128779973526875,0.04944457709073084,0.05722820909660617
0.001670598041297593,0.048832360393426415,0.04982494975986916
0.001778726304349428,0.049377477064780684,0.035235449286032235
0.0022799186270239026,0.05074501787078992,-0.004869381593664141
0.0025027431941685345,0.049199197713927605,0.030690610575022682
0.0020124421796206306,0.050140016628967894,0.00023628182374029494
0.0023600048211554208,0.05053306120899486,-0.0018558543049547334
0.0021750706423687605,0.050172949670002284,-0.016404527926700045
0.0016844984785985917,0.05068778816959715,0.011125523985513813
0.0014048852051598546,0.050806279624512306,-0.04913278755132952
0.002062832572238613,0.05022202655320876,0.01081632104019482
0.002145049458655713,0.049324783407358325,0.028241360514228663
0.0018347709664719369,0.04948985993930812,0.0478191399660415
0.0018141080365926552,0.04925425266349313,0.01695745629512756
0.0021013165019543646,0.04985098713467822,0.041176431141934526
0.0016590736514455226,0.05051897400265683,-0.04208381278930253
0.0017542591290440643,0.05047247695282222,-0.006382170242921003
0.002309573448835092,0.05017925162455879,-0.005758973329571874
0.0022849888957342233,0.05047480193664509,-0.025478941586308684
0.0022849888957342233,0.05047480193664509,-0.025478941586308684
0.002505641948643883,0.05023350297025326,-0.007977229473995689
0.002114290084905692,0.05064362490586301,-0.03576548858242969
0.0022965712182464767,0.050242811795068044,0.01909437643208103
0.002716198132072007,0.04925640455837336,0.04450232123823721
0.0024696110334005068,0.04910273102105376,0.06774014402427779
0.0022477852430760263,0.04956473071873118,0.029126472242169334
0.0021146319403161345,0.05104379099352085,-0.041782573595883575
0.0025534804731325903,0.04943855070834422,0.02431617812145284
0.002575333674056189,0.05014050935251081,0.035815240768369234
0.0021711953653672372,0.049734698517001234,0.04202215685362176
0.0022374997719116366,0.04939554027669309,0.025604339937305026
0.0027339424605365512,0.05005165592863944,0.006280886252242841
0.0029239806549582314,0.05106698418311171,-0.0341651014418836
0.0027925540372276203,0.05102910044305096,-0.02832752784900092
0.0019238962697842572,0.04970502739957128,0.07079293012822159
0.002269851992170673,0.04953069462404494,0.02661702743360395
0.0028026604706715627,0.04996491091160042,0.024435535588513788
0.002898033089524265,0.05034301362507123,0.025019414572771934
0.0026631046776787125,0.049875382641736805,0.043166654803264676
0.0022846204973395543,0.04947378829333846,0.01184607210011307
0.001961641468590196,0.04922963353132843,0.07250429319682805
0.0018785662160656213,0.04959487898709674,0.013145273810939181
0.0019642425821078686,0.05068379749247055,0.02917379566253247
0.0019311873290633367,0.05041340831778843,0.041065297075173965
0.0021755142357092827,0.05010347363894149,-0.028398062708782368
0.0023216527133086457,0.05029897396254494,-0.004759472149215649
0.0022591950693750806,0.050384022213843464,-0.00668384668131736
0.0023360691113855827,0.05011928033018434,-0.04013499719747585
0.002362011528084244,0.050558164125622765,-0.027557760478889474
0.0017396019036863514,0.04992474292144668,0.030735720200513076
0.0013391656927118408,0.04966162706630776,0.03344905008665384
0.0033563648497970874,0.051100375761864526,-0.012104050320291531
0.0017717194358264638,0.04963638406578889,0.022304975210824852
0.0027062040687625523,0.05033900102708407,0.018069051432766412
0.0025653495028745543,0.05056015864278517,0.003958193888019916
0.0022539477217017084,0.04959426357337298,0.020154252902468115
0.0027600454191603644,0.04909714036247223,0.09150897936917633
0.0019584874406007495,0.04900161754878089,0.046984792958969034
0.002665544797011203,0.050790599634986534,0.006385162003095501
0.002441674972986856,0.050193910254784986,-0.01970419273051948
0.002352141407638371,0.05060515065022491,-0.015809636200208903
0.0023939263947678146,0.0511300548198625,-0.011815406404254008
0.0022743658493336065,0.05101154180588616,-0.07625298702818034
0.0019656407907915866,0.05084165057033388,-0.015101122256027028
0.002563473606027277,0.049832349993024036,0.03724802539767459
0.0024723325860751557,0.0501203216662748,-0.021634228666856943
0.0025792262714285003,0.050760262399104666,-0.00037568084185030825
0.0026856578044558476,0.05037505834010782,0.009124941975252435
0.0020393740121859034,0.049132805693836094,0.07909118754706922
0.0019637665960245874,0.049030681339705895,0.09109379874995414
0.0017246622201146755,0.05041122003634115,-0.03661077014286571
0.0017603043133982564,0.05038828447134373,0.011280729880809484
0.0018413974674573866,0.049723133057391455,0.0018616824471482335
0.0017249497552650878,0.04990838600250057,0.022930311292681103
0.0019813913324145858,0.05064679706750413,0.001083233599227203
0.002252685372923306,0.04981218237607581,-0.0040672072563288095
0.0024845088948883326,0.050029400423872696,-0.00920364766048303
0.002532842330761179,0.05003286959890701,0.021388965437017793
0.0022815150431454647,0.04968948143000078,0.006417768893162612
0.00222024773145495,0.050423949054092226,0.013365616557179235
0.002647209587340382,0.05037074222128884,-0.03218160371132364
0.0020247944273446964,0.04956090409325939,0.016658536233676604
0.0024615216588126636,0.050322395329725725,-0.021818186175822037
0.002703696712534357,0.05109591068257551,-0.015422501529899905
0.0026160234015406856,0.04974582657437134,0.007125004034076758
0.0024341733615917374,0.049948192762915275,0.026048292424801996
0.0023826139993572307,0.04992583754789312,0.0024109158017400992
0.0021730722040352005,0.049640796439645,0.017307050199704473
0.002198476703671264,0.05009854555646639,0.019555230515397662
0.0020901989980694137,0.05023664457536994,0.023601012143022824
0.0019319066445804564,0.048848986149141585,0.042016679430449656
0.002081337378053629,0.04925531315535337,0.0889472589277732
0.002342588583593964,0.04831667218588174,0.053307343847052074
0.0023555371097737613,0.049729594810330895,0.07349486445562674
0.0023636292928617786,0.04883058374422435,0.09023614838771105
0.0014146650619794073,0.0481750314366981,0.09113749553220865
0.001513802748408718,0.04836295917898576,0.10746201710180116
0.0017835071822164894,0.04821353661029966,0.10098940015636848
0.00209647759582372,0.0497644511964314,0.017154717225760105
0.0025059286235158446,0.04956001446090368,0.03769443431293807
0.002831386955048224,0.049396172753102464,0.06915337960421747
0.0026066659110250533,0.04911025896331549,0.05383220582870958
0.00219937388161291,0.04937087330287401,0.04699193654659987
0.0020329173219432034,0.04950468032582513,0.022842604419859493
0.0022443883770916326,0.05022895729456774,0.006284210737139925
0.0019248434947649522,0.04885565296984609,0.06951420141695412
0.002405395537513368,0.04952114177613482,0.04555499541554992
0.0026017739116491376,0.04951949644080542,0.03815462038079882
0.002073340204058342,0.050199631490525344,0.02518471658388016
0.002345625823067002,0.05051505789322325,0.006082143996094768
0.0020266918077613276,0.050055864536523664,0.015882132176649952
0.0021635820743051044,0.04994458144644119,0.04573035528319846
0.0023718226030420625,0.04925583138318744,0.029621282134503428
0.0022295778677756278,0.04959978899342657,0.016041971767053142
0.0016618938482419875,0.04980988075920993,0.03667038122183723
0.0017346097585390489,0.05047835286245949,0.008338176021346504
0.002891100549819102,0.05058717555141742,0.0007472745205973494
0.0026382910309330496,0.05023202657162526,0.006959697294633674
0.0026181651827161517,0.04909329430788849,0.058363375016247825
0.0016229135745096611,0.048785324755443095,0.01744492606578012
0.0018263469443216534,0.04928260989151375,0.043551501776446254
0.0021905328879490526,0.04960188134003633,0.03202947603763415
0.002663463700280339,0.04968384734866428,0.02390461994264451
0.002393174488783401,0.05038736866429276,-0.00789575011610632
0.002353631344724377,0.05034829558609776,-0.00021146580715686718
0.001588683922181063,0.0491954654755145,0.036174990808011495
0.0023191736122862563,0.04961677629823075,0.022042791406240658
0.0020736571796167924,0.05040946192283422,0.0010253125788314
0.0017376946517925413,0.04977004737824282,0.027716809447563568
0.0018807692709264486,0.05065051883080141,-0.028119838211682506
0.0017547706659942909,0.05124593056888976,-0.030135496841857373
0.0016743479548946834,0.04989310524683021,-0.001294232270139211
0.002816615319940838,0.049032447380327214,0.0571077257536185
0.0018884081433804703,0.04854428431537079,0.07329096906343492
0.0017847747007264038,0.05065119151358449,-0.06554168500282674
0.0019008265041706798,0.050309342720767675,0.035265800413858184
0.0028376832061897004,0.05029159744631711,-0.01376431353269703
0.0018384257488486798,0.0490529602410004,0.033828353389940696
0.0025760184967774727,0.0499601007571874,0.0153448991662424
0.002586162784259491,0.050458383458781036,-0.017912530541891496
0.0026024937197765227,0.05065230334137125,-0.01962717273498233
0.0021572121062540172,0.050584504448870395,-0.025389221798783165
0.002590235860835299,0.0507707467876328,-0.03230477351787788
0.002132228378930787,0.04854746804420661,0.07571893500650335
0.002054000869155464,0.04877284975315073,0.05647120663498259
0.0020227279933295772,0.04863341874359276,0.04112430608391308
0.0018926670256335495,0.048524490275084535,0.034428312589510575
0.0019976695038354374,0.049454656781060646,0.039660327180868093
0.0023737020954184397,0.05026412636962623,0.0024491563784179798
0.002793077155983382,0.05040217547532367,-0.009860543597807516
0.0017816416596000348,0.050031058155148175,0.0009305349065104845
0.0020352347490297054,0.050564448534607766,0.007069470371542536
0.002172098920429204,0.05090614424932163,0.021074566357254
0.002175086177338659,0.05077111468193798,0.016196704206647802
0.002062188230228474,0.050335046588850275,0.007625340837575353
0.0017055039352210622,0.05091883548298522,-0.045986988350434986
0.0017065186017496087,0.05075722950422682,-0.04437187755154688
0.0018861440711693397,0.05072796265429661,0.008132112282724487
0.001925270206779422,0.05060473638117157,0.0024090187906481053
0.002088407329760795,0.05037809056780954,-0.015576224153951547
0.0022718369559847434,0.05071409345997672,-0.016988336903284662
0.0024925587068363553,0.050074635747794735,0.049216795377051106
0.002303199699240811,0.05013852063735031,-0.03221923491932887
0.0023036461732915884,0.050396545110548266,0.007188122318706218
0.002220296389622685,0.05027469801016428,-0.004088825974310001
0.002423385161610439,0.05016495119182303,-0.005985824690319801
0.0022236036275414734,0.049483242111922156,0.02913107078293249
0.0021347387937711584,0.05032966051479203,0.013691634765631257
0.0020604301695492065,0.05004971828524199,0.030152052465120368
0.00216056365171176,0.04979670791334052,0.004066122189799577
0.0019402880535911039,0.05024843160118502,-0.0048235308349730025
0.0025432183477639716,0.05049098580209941,-0.017958073719166055
0.00246468948587807,0.050545638447579415,-0.021247243384984838
0.002196635445134276,0.049867540661619254,0.013933704882226365
0.002321836640609805,0.05015639778581226,0.007149174406717255
0.0026212498484959853,0.04989649852042997,0.0063760172803297935
0.002078623039754564,0.05000474782869017,0.03129914382917669
0.002547543528091233,0.05000173721672585,0.013392102011103267
0.0023328841800151806,0.04984607557613694,0.027562631014677104
0.002072681770969163,0.05018581697127162,0.019776025311051392
0.0023495220502628145,0.049832116806838,0.02807112115411772
0.0022589929666075306,0.04924511754737365,0.01960241853918698
0.0018654706120346217,0.05020113349639021,0.007068440224372134
0.0026730506689864693,0.04976421749365716,0.033555445268484155
0.0024548457437719514,0.05013868103937394,0.05798342906496037
0.0018320451552490994,0.05035138348530034,0.054697763867831505
0.0019186595547970413,0.050532231267426696,0.04860470167027325
0.001890663344236696,0.05012945695524657,0.0017090936382379758
0.0021843254982203603,0.05097216451448076,-0.04301499670849017
0.002088405087503923,0.050848233709757856,-0.02814578681548711
0.002116371571822385,0.05009943690895285,-0.022486003146022733
0.0018908398190537916,0.05031170652168643,0.006402342288832738
0.0019480118696839379,0.050146313295481276,-0.002531482971547474
0.0018948190353435944,0.050656049418707015,-0.013620710341428444
0.0027102813454961796,0.049900587361656076,0.02195408759657324
0.0023287279494454017,0.0498322748511036,0.010837171396214266
0.0024059520293583576,0.05023981917894596,0.01092869208668885
0.002158202316759967,0.05030097884948327,0.009827948611671035
0.0021676738719051563,0.05049507772610971,-0.01539373010026699
0.00215992737872468,0.05035694903469143,-0.016144401397408834
0.002592887990936224,0.049830745011792896,0.022004451812993563
0.0022906077249886265,0.050986889039960244,-0.012770676284840545
0.0029300018913056623,0.04991011780058342,-0.013641464831213566
0.002707415675121485,0.05023754559605413,0.020839261933972397
0.0018432044575234943,0.049447068057096644,0.0440525011508215
0.0020838951340324844,0.049914984215843464,9.472276679075209e-05
0.0019832872447823877,0.04962868349640915,0.017492927340613112
0.0018948588654371036,0.05048010380348655,-0.0011242388189959865
0.002305605591863111,0.048806686964231495,0.0816253285734315
0.002630434874041633,0.04905672760816018,0.0739165442019838
0.001762416298468472,0.05072438523658148,-0.05116686092859069
0.0018554761508775002,0.05144098147008825,-0.039324356243513756
0.001616606926275201,0.05190987345847254,0.006974996087852627
0.00149973213140497,0.05122641348200582,-0.0035721034100283777
0.0017052417514428215,0.05070651424321982,-0.0016923130962803053
0.0017974332615171347,0.05034178582114612,-0.016031950985025974
0.0017998941001965728,0.0503751455810491,-0.019425783489901545
0.0017378403651733532,0.049320868997217764,0.01979878192239384
0.0015926499702779912,0.05028318282560695,0.007766395931548817
0.0028477331618772263,0.050014169864185734,0.02487066876198387
0.002499981570893843,0.048910871851962454,0.03565010002740007
0.002900544466011157,0.049751634921379795,0.037459525548065205
0.0021649245458990247,0.04993781791965876,0.0030425489949814162
0.0017037221920566373,0.04896928508161822,0.08729718580781663
0.0025015204364735606,0.05008502455077384,0.043835081052741115
0.0022981540735446493,0.05033506482721823,0.004916639517434315
0.002582677500054983,0.05000848725137028,-0.02526373274865653
0.002184899208085846,0.0503406273417242,0.019562289053141137
0.002151190257551319,0.05022087034137621,0.006760801834733623
0.0025747125924900113,0.05027201929117612,0.01814124600048638
0.002013064766697323,0.04950507372425443,0.04615113887866985
0.001943735192065807,0.049120807843070685,0.014077252733937569
0.0020610878590604158,0.04963893990465608,0.02756262699431463
0.0025706870817850226,0.050210800410583484,0.023527191015379464
0.0023068636650225073,0.05079101161907842,0.04374346589886941
0.002452337874529247,0.050048293778767815,0.014317359802532622
0.0020341067993004548,0.049213063002991685,0.051909142087898756
0.002182201789275912,0.05023365948384672,0.00424688282521593
0.002517480891853229,0.04997219241037968,-0.026612637290553475
0.0021088313687264272,0.05047478840878367,-0.013279506353046392
0.0025234091964648825,0.050291908815053236,-0.004621120950866772
0.0022773095918421997,0.04888495443149895,0.07583702850331273
0.002490513071332893,0.04986260859751037,0.030266044553817387
0.002434835149292993,0.0503925619340757,-0.015252568183487948
0.001952524345470997,0.049549731364376126,0.0478784322368582
0.0021844395633574113,0.04943333872926616,0.03853538622735432
0.0021236570679230527,0.04867699227955419,0.06773557925287105
0.002001005288825142,0.049169881615812434,0.03318121131260999
0.0024555789141683356,0.04971199049173557,0.011943096251877863
0.0026083877802845924,0.050715082965629384,0.0010041148871644775
0.002156634009015322,0.05108500182445176,0.013223257165842798
0.0023888762385287287,0.05110860755833788,-0.07087439117355276
0.0014885309371718179,0.05008901017340997,-0.03152823491998359
0.0015114084680071195,0.05111801649192729,-0.01816588543342735
0.003060590702843733,0.0501989668209659,0.022701245566502146
0.001806657689808819,0.04998625957240327,0.010600388262171068
0.0018959414636236164,0.05021761366139917,0.013762999999107649
0.0020710463929221375,0.05015347795792897,0.0031929851730948602
0.002592150956893841,0.050207179056662755,0.015039356358379854
0.001934730860281194,0.051243519699553985,-0.027707887953281253
0.0024734590549284536,0.050414538922304845,0.026250937155868317
0.0024734590549284536,0.050414538922304845,0.026250937155868317
0.0022503568005249348,0.049403437759623324,0.01378952355351621
0.00279823427176263,0.050288805846062185,0.02628499545224617
0.0018368440028478617,0.05001321684185743,0.032759830409476755
0.002388470372780265,0.05038220250940343,-0.030804559843560543
0.00273194659488786,0.05061184526084047,-0.003929954726641977
0.0023156254959861063,0.0504608669427066,-0.0013680832483122579
0.002163043297726896,0.04955294475338188,0.02882994950195728
0.0019284627209229961,0.05040034031693065,-0.012155001087109716
0.002581530142307417,0.05168971417067156,-0.05227025284378168
0.002242761243998129,0.050811032139343265,-0.06442773151029006
0.0024999290975471888,0.04899929477939432,0.03909626523866452
0.0021877551219375143,0.04963237408041511,0.05115368373007092
0.002103211618305605,0.05014302539712941,0.008037766899908701
0.002385871177939559,0.04989547346393039,0.01981691747929737
0.002664576929987157,0.05070824347463289,-0.02470124568000436
0.003177801183693171,0.050376500602401474,-0.017301034544054614
0.002618634137230673,0.05035810379551003,0.024464031457718666
0.002630943017594923,0.05025080593474096,0.005761484300679731
0.002705081970613768,0.0505875850337544,0.013183290999517398
0.0029314823614954824,0.05042540708058937,-0.00861659107464462
0.002091743473438523,0.050587315157161535,-0.004710909281453466
0.002091743473438523,0.050587315157161535,-0.004710909281453466
0.0024513861981415247,0.04994150340662739,0.03197684013859566
0.002092338244097652,0.049516347139106506,0.02306665075443717
0.0021478207487336276,0.04982275735717183,0.04023236675273598
0.0020342114910074033,0.04900588083184831,0.06066688518843724
0.001709073194737901,0.0498534138802667,0.002241270045957028
0.002519801773836966,0.05039637269289809,0.0040622270584337854
0.0023173390891055214,0.05036970231800449,0.003289001781216949
0.0021392830924927314,0.050097825035078675,0.00981749772433186
0.0023969477017349713,0.05025787298074367,-0.033006140862358535
0.002435093241296871,0.05076384476148134,-0.01572882231383647
0.0018473258361172697,0.0512090175099146,-0.038736643580345224
0.0017879204819657229,0.05118616563066474,-0.021621301496373056
0.002136573084106068,0.04895532204476337,0.0804626751185794
0.0015307172916381722,0.04918326743638388,0.0749348587503633
0.002392583016100451,0.048379288107727646,0.05576191300990217
0.002402350564238816,0.04916976007114223,0.08813906497193622
0.0023058129749073857,0.04894044118701975,0.04571623375512763
0.0020601528595700492,0.05050292933172283,0.005824455499074111
0.0026433653496947583,0.05049310557594945,0.0029208928791249434
0.0021454569519457206,0.049578255691499,0.029334982178785902
0.002150286058644815,0.04996433707211474,0.05470110231772318
0.002031224518982421,0.04950888829282112,-0.0036470388796648067
0.001850954949492413,0.04970063271348254,0.0019935953578321336
0.0019167086054222829,0.05005699707098258,0.010039446970537328
0.0024135374461827495,0.04970635726752783,-0.0019036571725897708
0.0022150884897195163,0.04955277505926095,0.0620354132250771
0.002305702022771521,0.04895192348802412,0.0295953091922888
0.0025476301642794784,0.05140235122943093,-0.013686623045472399
0.002036737453952846,0.04942596208951,0.08180137739135662
0.0022195202271440956,0.04909275919797178,0.023048642118912097
0.002100717665461217,0.05043007564828531,-0.019022064328043282
0.001978242481109173,0.05095254611301988,-0.027018076051017758
0.0025312341271291833,0.04993140382165199,0.013099650534097736
0.0023413563713457586,0.04984531092520312,0.02957426090671792
0.0025299805276215066,0.05009214174306467,-0.005033048889976455
0.002557574729178899,0.050129018091961415,-0.038694434822028556
0.002683667543587882,0.05040881186912848,-0.016682836501774365
0.002006639157441122,0.05072222765706418,-0.021490628800692885
0.0023059932652859656,0.05122087260953998,-0.054178970015109046
0.002004648325467268,0.04821822548047918,0.12962754469487317
0.00204038799572618,0.048556288107925484,0.0964446552462749
0.0026149404705862233,0.049133645684897274,0.09479733723047745
0.001553157194343344,0.0509812422799129,0.0077030176755712824
0.002383795146615457,0.05190774913690271,-0.04289427418411373
0.0021393409503295863,0.05098612956101788,-0.06729020588336095
0.0020669000669620574,0.050918795369112875,-0.024826235278751937
0.0024787928493790285,0.04975788448326883,0.04252303825651185
0.0021174833199622814,0.051419564144304555,-0.03206994833443043
0.0022457872787666542,0.05060808862067115,-0.03189839786413275
0.0021262489560361806,0.05066602427642869,0.0023061298263265012
0.0023769274729222114,0.05028407965401354,-0.03441695097969015
0.0025199245048004486,0.0511419909557718,-0.03919286078983052
0.0023097714968901015,0.05050885791166307,-0.006038964828030779
0.0023853494747941495,0.05025087074398181,0.013746221743010451
0.0025486081216714485,0.049506193730058386,0.04813098815394549
0.0021355147305370447,0.05092947844566548,-0.04054558088390299
0.0018960724907211204,0.05076703095469738,-0.012173513246256961
0.0018883785689532092,0.050617372414309365,-0.03366090107874975
0.0014511586491705994,0.05027367861652223,0.036138329490470446
0.001535208826560448,0.04974889291306352,-0.004455580140893682
0.0019797218690986262,0.05062368146513588,-0.0030185779455351603
0.002510072024920416,0.05063962971314942,-0.028593171895448636
0.001950202979796291,0.050257195624268135,0.01919284952058251
0.0026092918072498144,0.05015106280710625,0.034282587425448846
0.002024649073011951,0.04904764266628395,0.018990440595708386
0.00211340389017282,0.050683166911265336,-0.05564234655259969
0.0025898270439444664,0.049704294448482844,0.019353649894551538
0.0022863962361265124,0.04990017592252559,0.024884926116576608
0.0020462975156567446,0.04984570081093693,0.007746605192589152
0.0018773464084163903,0.050206689889304226,0.016825239484017873
0.001992086539606989,0.04932171243980368,0.04395553662641683
0.0020501500656297683,0.050287689290083884,0.03326525828931522
0.0023884946392654814,0.04978040063354487,0.017615512020748486
0.002283650625965847,0.0489453912162783,0.060589146295633105
0.0026555726247503154,0.04911074086143277,0.0490360151624418
0.001980495620487982,0.04936262547609722,0.050269138047845614
0.0016857638747516865,0.049004989991046084,0.05544671280341708
0.0024665944716863145,0.04968919490125245,0.03301806153157399
0.002329707155144438,0.05009285353235933,0.0013827103194539907
0.002329707155144438,0.05009285353235933,0.0013827103194539907
0.002673147767540891,0.05087291220356151,0.0003050764003187333
0.0026522579189240084,0.05022468444037401,-0.0019916429943965834
0.002350187683606095,0.050151541474926585,-0.01325769640422077
0.0019787241307773636,0.04997566259154475,0.0004491298067527758
0.0022688178258730572,0.05011847162165785,-0.01519275432983104
0.0022688178258730572,0.05011847162165785,-0.01519275432983104
0.0025738700131272625,0.05064855177023941,-0.03255170142740115
0.0014440984366161128,0.05107148038394638,0.008024820445107866
0.0015467467168680886,0.05022069684967552,-0.0414059582901038
0.0019901956788358137,0.05055308293661555,0.0006272538681634467
0.0024666302492718658,0.04964629896236814,0.010998880417273956
0.0027389901212695614,0.0497901149496462,0.0541908097003487
0.0026586215015157923,0.04979189608342648,0.05640635917411821
0.0018283231257431273,0.05092738069041628,-0.013494340368947713
0.001984363714548052,0.050786176296328436,-0.012558188439667972
0.002109875165070023,0.05023495365465959,-0.014303202499227863
0.0019095107304383941,0.04963527483876609,0.0400585402489801
0.0027241536328770246,0.0500367112717026,-0.0076196549357672155
0.0022088473620035663,0.050193247558359605,0.00462702487574666
0.0020344250028826445,0.0503849745385501,-0.016281793712303157
0.002683412882774986,0.0493600293036772,0.045798991806965526
0.0021233232055165806,0.04992963761577916,0.012900447503977928
0.0024766462012419804,0.05072590297347441,-0.01717304326806076
0.0024334755695558253,0.05001898765340333,-0.00988706839902475
0.002594058853688823,0.050236144746945356,0.014524474787136423
0.002393060316735782,0.050384711954846596,0.008869673190741311
0.002077420101578866,0.050632618392437524,-0.005789446774792059
0.0019421530183529167,0.05006789839754301,-0.009414837812282157
0.0019421530183529167,0.05006789839754301,-0.009414837812282157
0.0023017878790096155,0.05066069663263298,-0.007018542689727465
0.002304581023743185,0.0497602629712042,0.039791575976898134
0.0021367814271679194,0.050051797000769546,-0.015349129509750007
0.0026604744238319226,0.05018740817468552,0.014330527078052064
0.0022863806130362994,0.050346626049951534,-0.0028054794203965696
0.002365526333945641,0.050561643901680726,-0.0006560414642560656
0.0024339977835002753,0.05028088816197846,-0.02750715907868585
0.001961295642641675,0.050735063441605256,0.01169718297688153
0.001957267284303155,0.05075916020331887,0.011873222648693648
0.0021384838478692328,0.050625600830054046,0.00542144361473187
0.0025189509606599186,0.050056662980515594,0.007778306162057658
0.002271010565410594,0.05119616688814154,-0.01276022615505945
0.0024696088225469336,0.04949234161886629,0.03730730617977946
0.0020707601883447366,0.05076163252129052,-0.02100303080418719
0.002090355958701856,0.04913720950967123,0.04137407027480818
0.0021023911066743207,0.04922366618498382,0.0510400351057079
0.0024220489570452985,0.050711494472066694,-0.020408938394848964
0.002559903390448649,0.04990214315251847,0.005885623928873338
0.002359554058764939,0.05020996926898463,0.0075850187115030126
0.0032158121416884936,0.05011199890956059,0.009901086085991804
0.0018338203628124182,0.04998943439919211,-0.028031638566752552
0.0027263733989065495,0.05053954955259724,0.013569185603652271
0.002434341421325652,0.05051784686946509,-0.015466877505345738
0.0022661231577733344,0.04981627105882419,0.002122943667558877
0.0024537244706905386,0.05021422199152791,-0.012722811193201249
0.0023931033630772047,0.050955404622728524,-0.02062127391168699
0.0022882145343039667,0.05051206658825294,-0.04227923695391922
0.0019677384922004502,0.05094915132203222,-0.007875871176009392
0.002280996479138,0.050421582481717006,0.021749453278823046
0.0025141026061931467,0.050448644207823246,-0.020763450744624448
0.002456823587885957,0.05040712818313305,-0.019536416377141954
0.0022269238670403545,0.049749950661546555,0.02511506286972703
0.0023727892191451275,0.04969345926550911,0.01660963742324607
0.002216805035191458,0.049565669893006745,0.06952577669428553
0.00219505461874252,0.048987008835040494,0.026770719973975423
0.0024391622209471724,0.051161177976647494,-0.009507848434529384
0.0022693846803742,0.04989130465273321,-0.02148570206869904
0.0024629788714084114,0.051818483039077795,-0.04429061707392098
0.0016925269308795295,0.050935076959956097,-0.054803150264496746
0.0017169537703288044,0.05097112937584152,-0.049951094648532056
0.001871562135489656,0.0511747208533507,-0.029009208552328043
0.001990614011933806,0.05100276155339869,-0.024661974482472253
0.0021162717194615818,0.05106752972246181,-0.03358224515093357
0.0021584860812813764,0.0508468147600456,-0.04139243533493162
0.002255449800411827,0.05123382391450646,-0.034212999165698706
0.002187874524223167,0.04908265078357901,0.06298664441706064
0.0022707322195262415,0.049737574129815526,0.031073641550725617
0.002312810852055641,0.05017789836232545,-0.009519064581192713
0.002402620478440696,0.04972850090999999,0.022305874726253665
0.002361090077252033,0.04990670830066468,0.023832504937565592
0.002073124773476839,0.049906021882223844,-0.007115985265328683
0.001466844880348067,0.049217755441290326,0.07849343819972979
0.0016458439331616193,0.048603428552875305,0.07262149306701439
0.0017934999302914561,0.04889940724415733,0.06762116985857272
0.002651505854123416,0.0502212944185282,0.0009833306372558793
0.003105685289585054,0.0500643595846593,-0.032937047316863574
0.00302293693876499,0.0501946709337891,-0.013741013516905402
0.003145124093238626,0.050538460640996555,0.0032266220570023553
0.0027192570208014275,0.050412739420832436,-0.003253120492290992
0.002069333453700063,0.049645652246601855,0.018689476284320418
0.0018816393811723663,0.05012229396234693,0.03710970682268827
0.0024917455247927406,0.04995024196820831,0.019966095129078563
0.0019639727868290126,0.04952098787983937,0.05329155517252569
0.0018152801069968986,0.049387028018397144,0.002034905333838694
0.0020356582917890197,0.04986045313267884,0.009477476237653342
0.0024559244455945074,0.04963627626997972,0.014887123420459551
0.00263912841132251,0.05027250853118604,0.01289635316472142
0.002522917086597205,0.05011352251268099,-0.010382575778596196
0.0028018199573094436,0.050349147736933476,0.028399210938387758
0.002639662860587578,0.05004763895289756,0.013112301775027735
0.0022561644768882678,0.04940724062763404,0.04887962027671453
0.0024101555074634495,0.049287982531532236,0.04295031195744116
0.002347247215415587,0.049136649852902343,0.052398789537636326
0.0024815035573743463,0.05022108905103952,0.005114591825170434
0.0022186361179730245,0.050762357020554205,-0.0022810346756388464
0.001690147669388415,0.04932522574166941,0.02886356250094107
0.001828951948907861,0.049653845050471795,0.04175586098116684
0.0023373961009140335,0.050022723681698834,0.021002103813940975
0.0022416469738439438,0.050352766410755624,0.020178929965402843
0.0023146448417525442,0.05101459424302616,-0.023298339578932722
0.002242800030388361,0.04946621890725388,0.06085893289504726
0.0018719887003184527,0.05125348316263529,-0.037353575877081
0.002485474332859925,0.050810369357846344,-0.05160712422550052
0.0023332761188011118,0.051343527175142616,-0.04085657059888017
0.0017283875100080584,0.04964497721650181,0.01151920834721772
0.0023369732550050358,0.05069834699337572,-0.010406872688486694
0.0025476314370292334,0.0499433102708052,0.011948770833801758
0.002427973705486139,0.05003352154423066,0.010537797813595456
0.0025229465893988,0.050030157043264634,0.0008229699528563879
0.0025229465893988,0.050030157043264634,0.0008229699528563879
0.0023312414322884667,0.05018454927748075,0.00549664427724812
0.001678472100041853,0.04932759493842767,0.04134556610196918
0.0024860684190405316,0.048799583653988815,0.07364854471512272
0.0024112045550673993,0.04861540323828465,0.07675211828719508
0.001965091840351609,0.048101596647089934,0.11462015333713978
0.001668357843629757,0.04934877605867731,0.028372332334626174
0.00211467960443724,0.04960425591622487,0.020657966539649065
0.002108240869146563,0.05018743651170058,-0.002203434078798771
0.0029807685164749847,0.05051614119242525,-0.005876747758964934
0.0031604121933953106,0.050869532465630765,-0.0036015680584530418
0.002974093278596894,0.05099167414925159,-0.011127731434304611
0.001537438962276056,0.05127472381806209,-0.015392752485218921
0.0014701672398316757,0.05119158291824381,-0.008522439059156587
0.002153775910022632,0.05107872873555719,-0.05395954253602865
0.0020053880492389166,0.05079575948770258,-0.04288386014905181
0.002010903403897779,0.05084277848122072,-0.04392393217947717
0.0018398168654259867,0.05089315907772932,-0.056469331847171886
0.002296752811881552,0.05074281736661943,-0.0051299491121317604
0.00224002242517346,0.04906703842598741,0.046174901763016765
0.0024885788225934027,0.050742889382493134,0.020532321403353336
0.0021337413712105425,0.05077100426289953,-0.012978719040283276
0.0021561826645091218,0.04975539559825034,0.04792066940866082
0.00205977376991872,0.04953500834287227,0.0103269178617575
0.0020642363664990643,0.05004827900714173,0.04627057214043119
0.001991988776007322,0.04946325537577767,0.02311202788332402
0.0025403603475244556,0.050824344513539475,0.007437975794965648
0.0020176229435068076,0.05086999699545358,-0.037071711206696376
0.002231565774256765,0.05060705169671437,-0.021696608489968273
0.0017074434341436842,0.05100923425820456,-0.008882065054146016
0.0027703410273174005,0.05032845240991035,0.009043313122570966
0.002285110470420511,0.04980503635605772,0.0256990376910999
0.002187364047189897,0.05005367531844027,-0.010046484949615329
0.002141449495889884,0.050118038441875304,-0.009733385329771777
0.0022736617999193983,0.05083582937783176,-0.02244598965932053
0.0028578230779431526,0.04977429173672292,0.0044630966433968945
0.0027234787974549173,0.05119759262985568,0.0014284261924930707
0.001491528168287406,0.04992866129839742,0.005635915992662053
0.0024133063102882565,0.05025906929105213,0.005474811511227397
0.0026266799523366443,0.049397273919012955,0.05615394514557415
0.0017332606175370592,0.04938579391624854,0.017808404280091724
0.001943440530602221,0.049230189394506164,0.06967525374942632
0.0019169047921761394,0.049681266173726445,0.0030950341692651813
0.0024758169699653837,0.05015232483003536,0.029626758496329817
0.002600952691848772,0.049437763393602056,0.028629758833103817
0.0026166018593728937,0.04932248142991175,0.026413263259135587
0.0026798220026191502,0.0496386249762864,0.024796272139481875
0.0021850256498427835,0.050184753411083804,0.025322426154760446
0.0026177700780368194,0.04967463824708015,0.01196891272408939
0.0020539629182409914,0.050169904815344765,0.016435394289552468
0.002219016942930666,0.04959684056015759,0.021035889815054165
0.002377810804121343,0.04946417480601612,0.00487041595950099
0.0022134129187927694,0.050460273990280385,0.029062355233453876
0.0017831603332354954,0.04973786726206228,0.017518382503059603
0.0017227927098437395,0.04928221940864983,0.006842310527230375
0.0017740616488897318,0.04987302479056863,0.06118399411738101
0.0026857184054162875,0.050887800374478015,-0.0006575395649687481
0.0016037318324305754,0.04915636921814813,0.024836756659054163
0.0017309180475399667,0.04956613700430105,0.027585850536682128
0.001820004496858188,0.05018067242366821,0.015159402292976904
0.0028336659766858333,0.04984062426277055,0.024447149267514533
0.0026704870197814894,0.04957683615501172,0.04126805041533188
0.002289122086844799,0.0503190933280218,-0.011150169635655072
0.002451783399851242,0.05045714240792615,0.01519892878782221
0.0021103341994057824,0.04957470162274466,0.050131677004813364
0.0026239503066098186,0.049088450571120296,0.04891485308311626
0.0022849740099446414,0.049516296834869904,0.06274304901687044
0.002253292020559887,0.04930678245286067,0.031046362676827907
0.002253292020559887,0.04930678245286067,0.031046362676827907
0.001965892296203572,0.050280971449459345,0.03789269850373429
0.0018820907288424839,0.05007588889312436,0.0030647689910376598
0.0020514314576745647,0.048144478129619396,0.10663797817057237
0.002120604031284115,0.05099799743880139,-0.030933872748283416
0.0022901206365619647,0.051267124544314716,-0.050291135016363946
0.002147712270156974,0.05027125549932151,0.007500564657616191
0.0024767105543691322,0.049447163723269766,0.04007742485023805
0.002056210835306681,0.04819193201466878,0.0977096274849118
0.001966783858969559,0.048440294188090184,0.08319060554563884
0.0020740429966895264,0.050193666512544026,0.005919094003742128
0.002053369769713745,0.05003660815802396,0.007933134114065906
0.002067837734295656,0.04990496235129653,0.03457590712874805
0.001959456744016286,0.049846381273792054,0.019468049225554788
0.002453218242087808,0.049850309126093936,0.03546559615389869
0.0023541819117474847,0.0511124638662738,-0.020378767065341166
0.002562871835658597,0.05129485777495456,-0.01928234447815006
0.0026582905118093347,0.05016428987252743,-0.015211040302871303
0.0026412275977458666,0.050504996276131024,-0.0015921322162488433
0.002355753518880707,0.049817613925869544,0.030661986811248706
0.0024891341336674678,0.049984898493050794,0.018296117891611736
0.002246752489358024,0.0500471126836226,0.02461069665321531
0.0021022238641712518,0.050512635066117764,-0.0061835149130044995
0.0020817074402953756,0.050496676405717894,0.0022330300744725687
0.002721957594244288,0.05068180615468034,-0.0011675945814156275
0.0019560151821310773,0.050050462539630594,0.04121479442818118
0.002920313225309079,0.04976242463870981,-0.0018836471189563014
0.0023683402216083437,0.05018638386585798,0.03588465932469372
0.0022521248421451556,0.0499929981342776,0.01828386282496612
0.002101666121100571,0.050450622199334876,0.01651995094593407
0.002539444025724427,0.0487720480576283,0.042527915400771825
0.0021403227433072665,0.04955965573998864,0.047372786811539364
0.0024648234035870584,0.050039551273652734,0.03272321584867241
0.002466859814916015,0.05017203528375637,-0.028476602060018716
0.002182384829260243,0.05089559556227796,-0.0303668687551605
0.002182384829260243,0.05089559556227796,-0.0303668687551605
0.0022069312425001884,0.04951886699680337,0.021023275603129717
0.002057460168690038,0.05031017841854402,0.0064018494448763695
0.002315070950488503,0.05035322428524651,0.029495598837880548
0.002189500985999538,0.05057706849125405,0.014647479401338353
0.0022250103944574558,0.050582621146174456,-0.023496262960871584
0.0023030315232749708,0.05035959950575762,0.004971380234337979
0.0026022789532381923,0.0499238494462779,-0.011884223984115018
0.002371435110374968,0.04958893362856347,0.055375365766590634
0.0019344157691227046,0.050721253164262174,-0.015060029949219888
0.0016939690746740183,0.0489091142074411,0.059753455660668094
0.002543702228910007,0.05047404267320274,-0.027488457708597595
0.0017806033447769249,0.0500891600878231,-0.0011368911812547097
0.002820480913511319,0.050610433868933415,-0.02362008708505822
0.0028253551888729827,0.05059957145733691,-0.02854947687077387
0.002337952518795562,0.05054172678428677,0.011978459450117312
0.002096477206348829,0.04944216577914481,0.026710356521131108
0.0024558357539689406,0.04904777117458762,0.05458782858611002
0.0020850270935340656,0.05106609654633584,-0.023004931545067896
0.0019737037515743907,0.049203980765468454,0.018795781253379787
0.0019612937687528494,0.04927369237945728,0.019959336582732943
0.002279303810470563,0.049851911881139105,0.04674608881627425
0.0018317847903129294,0.050409653831348045,0.0024030099959117665
0.002086122275190138,0.050398589872927745,-0.01926706181019209
0.0019993231001315492,0.05055061785716753,-0.01537715323561689
0.0020509935206184226,0.05075833886962812,-0.030007405250688395
0.0018815499876749127,0.05042385686942027,-0.006475696196758684
0.002122445457670681,0.05003357785093673,0.002225156374741735
0.002089740707846832,0.05077910243467603,-0.03629592211938257
0.002438678022078412,0.05019559362653879,0.013554551101470282
0.002547312518161087,0.05014334848121738,0.009172807379846435
0.002633231923897653,0.05068072111535705,0.0013256811388977785
0.0020733932780178286,0.050255451085781735,0.006822123736609708
0.0020949263423481823,0.05041564486549216,-0.029612659670870796
0.002556888526937123,0.049742179279889734,0.0058869057422813505
0.002437829547960492,0.05050636696409991,-0.008783412277751713
0.001884344157597215,0.05097290252085638,-0.0262412083943784
0.001683667087537855,0.05042725410479521,-0.017685000966399148
0.0018840726213564846,0.05015612017216828,0.019429655976990853
0.002271653861900763,0.05044026262276939,-0.02938517503547152
0.002475688462188219,0.04896894452654487,0.050806990728326715
0.0022929500332095976,0.04908638909867554,0.02428939719598597
0.0022655755064891945,0.05026471368103757,0.004105242266002367
0.00285565161704629,0.0505670730854325,-0.006391425595276277
0.00267797364731018,0.05104045863910137,-0.02040541523318397
0.00189440891995927,0.05006238062111923,-0.02346143530764331
0.002339586916794743,0.049415593474810955,0.027385137740240446
0.002629770383997179,0.05041563525402719,-0.013869782136365472
0.0026568458412348445,0.05072156296335508,-0.011149352079006603
0.001851200388961486,0.049347414918243925,0.02288343459187275
0.0019068738154202059,0.04920952432493721,0.07993272941272649
0.0028749200648212512,0.05067695732974352,-0.01881767015205289
0.0024895390519150446,0.050033631464138854,0.021522645738415322
0.002798719496566292,0.05006256519881528,0.02329782037308592
0.001428273999176252,0.050422535750006665,-0.003957612577821334
0.0024419382489664436,0.05065234359905133,0.0410521601584637
0.0025087284615344244,0.0493698516985777,0.016077608185928762
0.0021613367175043093,0.049946686010812376,0.0037355145609166813
0.0017964278857010095,0.04986429508630576,0.030667805632674548
0.0024250778211982837,0.04933222339442836,0.05703515818793457
0.0021976986291712807,0.050781205092275336,-0.014769474308789988
0.0021887721367655558,0.04985159831885061,-0.03578837369638075
0.0022089392849281787,0.0507138279577692,-0.00397838961857316
0.002064368375914967,0.05024413623140689,-0.011292044789235003
0.0021705085914303477,0.05013649951275606,-0.04343843227513848
0.002126552203020143,0.04990788296165556,-0.022171580270426813
0.002126552203020143,0.04990788296165556,-0.022171580270426813
0.0025994053273956674,0.05088679181448758,-0.05233350553067796
0.0025003333638842825,0.050566857679609716,0.03235138127744221
0.0018234285029279044,0.048708322717474606,0.05658459844411115
0.0019670839773453346,0.04961463288089313,0.0366172740581656
0.0019534185870629783,0.04856357450139328,0.06160206713357459
0.0013810227481844178,0.05026347606539507,0.023940619194857935
0.0014564609992691049,0.05015568577131636,0.003080154486259642
0.0018112678732683722,0.050210963320862,0.006241715231956231
0.0027119015902804127,0.05034784250726289,0.007076252640200137
0.0028039388654532665,0.0504878284073019,-0.018714973619764208
0.001961283428955734,0.04951708494517423,0.06360911252278756
0.0019696996592110535,0.04887525700583788,0.034908570380792585
0.0020907985959867544,0.04958965476984976,0.06791371207289645
0.0020424239434772254,0.05060939497819322,-0.012862781613941787
0.0016713132391081242,0.05011727958075772,-0.005387497589672196
0.0017900063436783558,0.04942792255810279,0.04248478991710094
0.0020366872328129635,0.0502257703011311,-0.007380978586817697
0.0020108994972563303,0.04903801214449915,0.03767750100270325
0.0020181752700859125,0.04978841155897261,0.03332769400068813
0.002654428716102439,0.050445789936323614,-0.01871581059074985
0.002654428716102439,0.050445789936323614,-0.01871581059074985
0.002634063304555001,0.05076319483862362,0.0017738032270076972
0.0021166704913951322,0.04987911419042978,0.03668308307720182
0.002097784840516716,0.050331672120115634,-0.033787868991712586
0.0023389854277055463,0.049428852962664645,0.021911353618224785
0.0017970598959215452,0.05006107050300744,-0.0012008538683411388
0.0022872752211098185,0.0497742352449678,0.04372988482084155
0.0020862421431489695,0.050139278307225255,0.003708623349495146
0.002505949853977734,0.05006633586810982,0.002477975036431636
0.0026381224489700366,0.05034381673439962,-0.01893771582627065
0.0019495484492108815,0.05050316216783412,-0.017974176036260125
0.0027270867275984295,0.05013905430765892,0.005075501156675767
0.002169133709087277,0.050434399319370236,0.009661229868837178
0.0023200313853591194,0.05052000242002737,0.0035739579269616953
0.0020921006012820645,0.04982936556413612,0.03636232250261379
0.0020589915028797656,0.049853274854432146,0.06281108297763605
0.0020425717169615873,0.049123914512339814,0.030689118095103843
0.002697041652631102,0.05006955684520503,0.031259079099521296
0.002776294934807094,0.050141213070907735,0.005514758350390101
0.0016952043837123855,0.051551196533272836,-0.042278822704645634
0.0023043066893726196,0.0503545466313819,-0.019121962900114507
0.002730272028560025,0.05069730328801427,0.004645176868568243
0.0024680938851367397,0.05068919803381991,0.0031566977659900604
0.0019233517287089775,0.04935877571672034,0.05723439352091245
0.001895705761337266,0.0492150458060217,0.039764432340682915
0.002202592372854423,0.05028422315663385,0.0028484433679783843
0.0022584752925046744,0.0499689373869464,0.017339397972344905
0.0025729934019509287,0.050609369867711064,0.015519623934822108
0.00224732903825502,0.04982666547782977,-0.017490571601876927
0.00224732903825502,0.04982666547782977,-0.017490571601876927
0.002323092625081702,0.050636959127683734,0.004522288353786601
0.0025485228811647598,0.050497694215452985,-0.020566850110096267
0.002094851106167216,0.04977423423279451,0.027402638217215714
0.002411757537973325,0.049654103146989155,0.09009359842637622
0.001758962160764265,0.05087639486427569,-0.06723344840471147
0.0022637919250546607,0.048747807826799223,0.0633028494832864
0.002442904022574917,0.05045730676519929,-0.013984447857077982
0.0021764892174590163,0.04984612199129106,0.037800576992666174
0.0026152219226813897,0.050257045075845524,-0.007745190510703804
0.0023713774693723943,0.05010130640369475,0.01996329747095853
0.0021621517508576445,0.049836969152550946,-0.00649719572167858
0.002216600058773837,0.04978267157641132,-0.01632064392287902
0.0021811980998494057,0.049733897096394426,0.06723191885940558
0.0025239623942713953,0.050430994878902305,0.021453311005930776
0.0020839644534390482,0.05059396644061896,-0.02158268181155801
0.0021070468565758064,0.0505676349049556,0.002250767583243181
0.0020919382875434355,0.049623642116719595,0.015385101225946921
0.002812988208682326,0.04969761272632692,0.03332471569505952
0.0018057840009477004,0.049873347637324685,0.035594330424694134
0.0022074907934826874,0.050483274589174364,0.008569370914686925
0.00207685486183332,0.0504054999069598,0.029569721370669558
0.002838106573119428,0.04998024808792496,0.009609766779971721
0.0019507773391558157,0.05010674794596735,0.0136989875549737
0.0023490146690632505,0.04985796854493543,-0.0017583147628173282
0.0023009787681870816,0.049381910217224226,0.021545039820140607
0.0024546333538771857,0.05017496384708943,0.021127760459989816
0.002257300533458229,0.049633199616949855,0.0461042626413626
0.002586940720497856,0.04912342820384145,0.08305168058205965
0.001902646498567822,0.05153819060878405,-0.03994526737596763
0.0018916990786135286,0.05095741898517012,-0.05048810383023996
0.002132065816071372,0.051742334511371314,-0.0605627721554346
0.002518191481416506,0.04848984292401658,0.09786664845604987
0.0017216156020697856,0.050550478695254836,0.028236536568535683
0.0015692096274073134,0.05037340050695849,0.007950735884482132
0.002492967086636775,0.05044381057891685,-0.025773195614171986
0.0021072695205949033,0.050000558083213416,0.04858386052359342
0.0020709025830602037,0.04956200780105168,0.03531068009447804
0.0021386690830125263,0.04921946666202236,0.0719284727176717
0.0021386690830125263,0.04921946666202236,0.0719284727176717
0.002314433417377711,0.04995298799915202,0.008300133244813606
0.002229775517413309,0.05034365325342204,-0.011370082825552583
0.002045848146732263,0.050850129465609635,-0.029464210590738896
0.0030496350698507877,0.04973649681622219,0.07123904670274273
0.0024294159998156147,0.04952043604599924,0.006671241275735963
0.002460228303674812,0.05069155183505294,-0.011100180336010085
0.0022277251780010074,0.049447415258069845,0.0510517608911926
0.0027953650781018004,0.04999732276415003,0.019020759530939745
0.002261321608227316,0.05023131847870418,0.017331766370711002
0.0024380659612229945,0.05072274677272946,0.032505459786261265
0.002202893016040408,0.05042459944242771,0.012365642628667909
0.002202893016040408,0.05042459944242771,0.012365642628667909
0.0022926773986948873,0.04956893501029427,0.01959466814349378
0.002770152730781855,0.04964134734873195,0.04256962776221421
0.0017943605043837395,0.049417643556794844,0.03068179535320912
0.0015986388818018482,0.04941776312929993,0.03555656151981694
0.0019727423028680973,0.0511866123685344,-0.04757057745122295
0.002523519565487508,0.05066384880119703,0.02517053105340131
0.002370962840573646,0.04983058824714034,0.010594565914855107
0.002226196351536173,0.04913971742054833,0.00563719209913973
0.0018516667137047815,0.04964793979739019,0.0984329370797007
0.00163813767963783,0.04977954276070442,0.049600795735575826
0.002666549044642573,0.049824439813448494,-0.008450682294673738
0.002139247508136575,0.04977735786507107,-0.0020590320156355577
0.0025332970222873255,0.04939218127950544,0.03506003229487637
0.0025332970222873255,0.04939218127950544,0.03506003229487637
0.0019525374103099083,0.049738834207980476,0.028422423710611582
0.0015448008194361492,0.050147330289937994,0.007857620894921436
0.001635705870710402,0.05046893229277428,0.007829686755180327
0.0017298660222264135,0.05054505333178487,-0.0031408697926429193
0.002271315929905984,0.049477133090497914,0.03608088675625919
0.0024427670245211613,0.04977547521541617,0.024005629136504742
0.0020435581574859665,0.0501186022832722,0.0003535704756160517
0.0024579999317828286,0.05004516030486225,0.02601529557743239
0.0019846219618339426,0.0493393848095807,0.04606318157915505
0.0018549957334451496,0.04982013656003445,0.0462394955339465
0.0020849400662540313,0.050440180420280895,-0.017548217617286296
0.0025977686484512062,0.05007229899724851,0.014010003536983088
0.0020199372276408375,0.04979979408440703,0.02207950975498636
0.0019721174601838093,0.05079078713305266,-0.00453705589604055
0.0021515097700663035,0.0508226078493126,-0.03769094699791274
0.002162733541688882,0.05077001813931778,-0.0019476884140199422
0.002090413706622907,0.05028896941126358,-0.024984706563040703
0.0020865920386387155,0.050117089213717145,-0.031547501815117264
0.002289941291309781,0.05031793675819855,0.005477866430788703
0.002191734406220204,0.05045965018221546,0.016389854239048988
0.0027684172103203232,0.050256731681438335,0.0003202628311841923
0.0018915140820033936,0.05050023380513649,-0.016706300886492904
0.0021650477862139982,0.04987740202403628,0.016589493481651212
0.0019359913551931433,0.050393338180437834,-0.011397818442345324
0.002087329194702414,0.050511354449577085,0.0006850203736869321
0.0021612881112576666,0.05074932966498729,-0.021832053472300293
0.0022937015641802776,0.050093746830922624,-0.0023933972281371813
0.002674417927926494,0.04959787926755625,0.046236881463775234
0.0026279972325152397,0.04963696163706409,0.03238358724838864
0.0020848047053571455,0.04978882190358541,0.030954037733279084
0.0017370169022209927,0.04892898655021476,0.05052876391586968
0.0025443492816331873,0.05070959950108972,0.0018269627436688625
0.0018146073177211593,0.04973339001362666,0.047935393346436886
0.001833685160724081,0.049703532294433556,0.043085936212573374
0.0021658055581773293,0.0500243177694978,-0.042227544625414976
0.0018562727226117048,0.04998741253046701,-0.022571361057909686
0.0019489049850261713,0.05036309702845103,-0.014970157362737097
0.0020959724731326205,0.05006842395187674,0.012192030054765254
0.0021604594471126806,0.04971297620666418,0.022020882545414403
0.002350493696436185,0.04952263674936776,0.013797253638610864
0.0022461550912589415,0.04923125551489457,0.07168437406918494
0.002706977535168403,0.05004757090441073,0.031776753191788965
0.0022204299033237785,0.05016936949357365,0.017073559705598818
0.0023442200904629797,0.05044659552778423,0.025487772539434277
0.0025117324416213125,0.05016450214130104,0.019175741077589015
0.0018843972918654605,0.05030324266885349,-0.016148119134300764
0.002019285518430161,0.05106075714970711,-0.03760853715981353
0.0028616148283284217,0.051108560802784905,-0.03232044191309095
0.002075778197875094,0.0506046045388733,-0.02287164364165235
0.0020203829400634436,0.050559022102976,-0.009129569223508566
0.0023246728075883164,0.05091915206253843,-0.01833445862215317
0.0019811544798751224,0.048781542967937554,0.08625621279457725
0.001969420563076525,0.04866189919147243,0.07947137945119598
0.001935904242786404,0.048638945794680616,0.07187290794979839
0.0016459583335192629,0.04945056793750529,0.03024264278693324
0.002536599853753914,0.04921137769985007,0.01788700364718305
0.0020578295165637217,0.04786263909906941,0.0525157397241677
0.002540377941800518,0.04950758859602283,0.07969776639447729
0.0026594207987428375,0.0493086141343375,0.05112487612053879
0.002814126436653758,0.04919935478531991,0.053109916815049424
0.001434796160593358,0.05029905451938776,0.012433930420825232
0.001532395775164604,0.05062909020664526,0.007238473374920276
0.001532940585783106,0.050555283386184265,-0.041270307468001755
0.0021342361257831663,0.05237180365662819,-0.07277451437105326
0.0018557566681918385,0.05179494822083315,-0.02910343388164905
0.0014803967421840164,0.05126353984456224,-0.08923620193480056
0.002647235708864267,0.04931344308128272,0.08278964342212529
0.0028894349047712295,0.04901156776112418,0.07996749722046358
0.002397089516273481,0.049309791608817065,0.08406169665548019
0.0022761199855905706,0.04984431096954571,-0.018304282560592643
0.0025101695428513516,0.04995976685235874,-0.01520636136823845
0.00245094146622468,0.049501421526923835,0.0663784081897276
0.0022932764636781075,0.04932071260474678,0.035428622634869164
0.0018953966348305192,0.04878785657791366,0.05012148242913201
0.0019586039853666513,0.04928854378810486,0.0403151600075885
0.0019586039853666513,0.04928854378810486,0.0403151600075885
0.0025782499692812836,0.050074174488776456,0.01668511684100198
0.0027535234982541167,0.049995259132183854,0.010318253584245422
0.0022032833858088,0.05089003421059057,-0.000217260327866218
0.0023966248459444846,0.050757867957907536,0.006060712283064128
0.002678250144175008,0.050708119366605894,-0.009566388376008345
0.002062951574540921,0.04933346009178796,0.03896235191929773
0.0018213082937979584,0.049849826503680826,0.04086824741723842
0.0018725083937668164,0.0501678437358771,0.02555255935488652
0.002325645086329824,0.050033489375155914,-0.029476143456332336
0.002176021756355293,0.04979357442617374,0.06530454015922202
0.002173379346611199,0.04977352611580362,0.06399175243748577
0.0018028915814036343,0.04956871116084352,0.04506516604996782
0.0022493855656815828,0.049574679561678416,0.044648235009369666
0.002399058730867034,0.049571681161879086,0.023776955261909392
0.0025683533374511406,0.05053243707007563,0.005988814070443388
0.00273636015511508,0.05027450268726888,-0.01668728969004132
0.0018504393465278962,0.050392789675609666,0.0022031877135224487
0.0020161578338461954,0.0497862258179258,0.009601040622962041
0.001827238445942303,0.0503992587510099,0.010106389355299448
0.0017660134581640354,0.05024628360368144,-0.010954299993962477
0.0020479909490967924,0.04998502536424999,0.00775885886964689
0.0017764795951443614,0.05019273118027308,-0.02229549667959706
0.0022087793663197307,0.05022707281554146,0.02489710547142262
0.0023098598821888446,0.05029830128107499,0.010891830597212158
0.002558004866436169,0.05027094711697342,-0.0014446925953534437
0.0022483620609528017,0.050362959507207976,0.010806173157697739
0.0018686171778075598,0.05008787820651062,-0.01890771830234248
0.0017113752889830124,0.05093481857677657,0.005532137190487289
0.002367585760810737,0.050648389093814805,-0.048572853173270446
0.002254058591723261,0.04984713971840321,-0.009907475490086201
0.0023923301365633975,0.05000905387967616,0.004777365039952909
0.002435154046557,0.0502050373762722,-0.0040234072573896796
0.0026543489182711206,0.05021203285655032,0.006502291919265115
0.0023426253988675385,0.050154787742051565,-0.009324663548213624
0.0029465779101900927,0.05021103616429504,0.030081819245383792
0.0029465779101900927,0.05021103616429504,0.030081819245383792
0.002948971741237804,0.049936067932904615,0.029750584982880655
0.0029094424769779384,0.04998292730536039,0.03141487897088694
0.0017696837538213172,0.050035622951007684,-0.012699781415670902
0.002439594218025313,0.048356921137484035,0.046225423333341925
0.0016637519504980438,0.05042845864625487,-0.047808737160890034
0.0018613716283694707,0.05080241367853267,-0.028382981310421482
0.0018620990939915115,0.050391360096835945,-0.040601775313707546
0.0016474250960345172,0.05119077347853969,-0.008360219036924943
0.0016084446992621635,0.050903297306908776,0.005517661288017707
0.0016644746763996156,0.050556558391731,0.001453377860330413
0.002642614278737481,0.0508839019512057,-0.001000314922202494
0.0027837423369437985,0.05066645014915889,-0.027722469527111656
0.002298797713276219,0.049408157146223354,0.05236735790142121
0.0022502544182781484,0.049588357239026014,0.04047826904543334
0.0024992588517670565,0.05023980461887276,0.050537841475293895
0.0025229544478652982,0.050411228578059804,0.03255947278268232
0.002365353721744326,0.04982547746591974,0.02989581714635119
0.002494295357266829,0.04991620480218053,0.006894052586916174
0.0028750654344311733,0.0502173399289371,0.015857295927190766
0.002569612507399195,0.05050682311834371,0.015264204213289015
0.0021371339142083117,0.04983775142109512,0.008228984829168024
0.002330201300210859,0.0502948127250262,0.030889315630824334
0.0024423309128316843,0.04989415515407737,-0.0005774849052408343
0.002370408784069279,0.05119360065723039,-0.0012043666613014655
0.0019553953258087094,0.049956587642565074,0.009530491495091144
0.0019464999216462816,0.05153601214408128,-0.06349542529413302
0.002646128420610106,0.049867473146619073,0.04525120634708685
0.002158069331298924,0.0512112098844416,-0.07568396844195587
0.002093724751620593,0.05160874901274934,-0.038561772270658004
0.0022419432052805223,0.05012356249796213,-0.026489640904573872
0.0021651668281054974,0.04990649038065935,0.0062575336957138164
0.0020154043976632337,0.04989676680939853,0.013568011294574153
0.002276669398105064,0.05032634417835875,-0.017908430547035278
0.002428906374589348,0.0505127764524791,0.024336293682175436
0.0026674751260760726,0.05020518834319424,0.010004219538796355
0.0021291069871178184,0.050659961578596424,-0.0504005851531143
0.0020836933537429158,0.04819841273430722,0.06901862203211132
0.00210036308932229,0.04817631467516011,0.06536374779913642
0.002040675914500849,0.048746357532055216,0.10186839397099466
0.002090409931404484,0.048554410052819574,0.07873734872236911
0.0019262290534152748,0.05013547772200427,0.010564101177875889
0.002518944199503816,0.05012576775533299,-0.007175539810084574
0.0023102154768143146,0.049839981639259956,0.021860446543792385
0.002759588979883835,0.05000784241218299,0.004372680719783556
0.002082536803000091,0.04969256742258559,0.03177042413118521
0.002028727082204365,0.04948277111684311,0.024909749162616818
0.002027107442625051,0.049778791581927266,0.025153690783230605
0.001597052924941693,0.04974370580923484,0.01113988832434323
0.001844619009147428,0.04988439555632388,0.01105076816677965
0.0022213887095681065,0.049346158426141234,0.05082779704802353
0.0019653332262864077,0.050267123563111964,-0.012292008598908014
0.0021095103153727325,0.05075494646677081,0.00897546988515187
0.002596866231950306,0.0498441827562516,-0.00040705481153041395
0.0024134997589326116,0.05034753294219778,0.008936370419656992
0.002530803056879622,0.049622246503139796,0.008961300918069267
0.00226669824473679,0.05060835956521137,-0.0016387148302673656
0.0015822637070366725,0.04906846742340696,0.024752890125775168
0.0009673142046298766,0.05028928954667933,0.03469274601353645
0.0020215411839467467,0.04828789967493293,0.06131862332551624
0.0020854747849364634,0.04943614092835803,0.00853769827511035
0.002536092169824541,0.0500974399164219,0.03194339555001604
0.0022412437416688526,0.05012084554380658,0.03154549336365937
0.0022480300952177836,0.050261194984509844,0.03202499730530924
0.002276119321607562,0.05001504111087236,0.014474715054067647
0.001989061156595706,0.050716800252387124,-0.026852673968560677
0.0018881359468839653,0.05052453374581182,-0.011969344808186181
0.0018870765869400715,0.04975181592608194,0.0018004748835335042
0.0020985327368902486,0.04964590203032815,0.053375425407933295
0.002166211926139342,0.049205428895648,0.021822373176645406
0.0020748872254376357,0.05041771207406073,-0.00961109418391865
0.0027415921810192874,0.0497412357879115,0.010781786302089652
0.0026100556055864417,0.050432446893171806,0.0074759991035174235
0.0019434444317532266,0.05043662313097924,-0.017993554028229462
0.0025792544483742514,0.04951848731306141,0.027736056639760913
0.0025792544483742514,0.04951848731306141,0.027736056639760913
0.002461598395930793,0.049940524017517245,0.022111255929408418
0.0026412040174548534,0.04980864382292064,0.042675728070853375
0.0019635726285153164,0.04956193391088757,0.046380237042424284
0.0018904873949205996,0.04916628909101822,0.0240831119887477
0.001714726063957571,0.0494119553402227,0.05590686723244098
0.001787314746317459,0.04915910214073393,0.024763218889190433
0.002115879263309991,0.04894564445761463,0.032632301074687946
0.0021247206754378923,0.048417313412616486,0.03204829765135299
0.0022912934179765143,0.048435738615967824,0.06505910889402172
0.0024546432700661446,0.050103320014205206,0.00710085366248287
0.0024181264481720876,0.05007633545184462,-0.0020856695295691213
0.0025782975045097714,0.05020470628566676,0.010388416402052425
0.002998836718927042,0.05051878459412092,0.01465608445723495
0.002780562315048736,0.0508478680361578,-0.02892570907695252
0.0017887931665054313,0.05054223323735355,-0.015927598790578264
0.0018960299987769392,0.05042614321032167,-0.02165894205954153
0.0026629744509510246,0.050285121253167385,-0.012554689163508796
0.002161935965775036,0.04995249158606089,0.027574092658015255
0.001678298246930633,0.05025055949675163,0.038897491325966045
0.0025674859711167677,0.051070733412618925,-0.05849049624084203
0.002182939497472635,0.048675336685472435,0.061998904205598934
0.0024038662699787604,0.04997103204167253,0.026410633785134287
0.00234794935947963,0.04971523706275087,0.0035910729104437363
0.002433652938091765,0.0504282158253937,0.0162946188108162
0.0025481488072664053,0.04988870564209602,0.015462897026503974
0.002105917080276682,0.050471484047149476,-0.019391366934304835
0.0023955752305119967,0.05015234373248748,0.005522035481148002
0.002260268876072043,0.04939138776197535,0.04172868355643427
0.002207003921472981,0.04999444400487529,0.0030788191063569397
0.0020172525714754444,0.05028170051801499,0.012145479771457548
0.0020897638899695097,0.049342519769850816,0.021499806212862533
0.0021807032419051044,0.05063473243769505,0.011707769228981204
0.0021502749780360443,0.04892721230894531,0.017637053188681
0.0025618017387982945,0.050328458612425415,0.043230171128714884
0.0023218674542044527,0.0498616493748158,0.0022035254174124987
0.0022555032948306025,0.0491411465977172,0.048527235852623724
0.0027097990077792015,0.05060572475296783,-0.038414916912481334
0.0027172461170440576,0.05056227452402025,-0.04284464517794676
0.002475385710103415,0.050757839290194326,-0.013009457228318259
0.002144687829621726,0.04960141739854759,0.03875883077467036
0.002144687829621726,0.04960141739854759,0.03875883077467036
0.002361775512664151,0.050242315271861085,0.015795821864218778
0.002337579229112351,0.0501014830095783,0.007650912115857897
0.001897674510182271,0.05055836813705598,-0.0188014285112843
0.002226622278440208,0.04876710377997836,0.07822146658722648
0.0025575803187842918,0.050287326436240024,-0.0026330076549076088
0.0029952578473532204,0.05000317461134815,0.014380366704640794
0.0024546563672072043,0.05048941946612194,-0.012340339554772334
0.0021143639626506347,0.048712010159947076,0.06699402788241665
0.0022526280652107222,0.04972539202171307,0.02177374435808395
0.001960739820681351,0.04998356709372808,0.02935554220749052
0.0021680299422120177,0.04962751775972506,0.014736420478519651
0.0023208125360722905,0.050302497472189144,0.00030418828200065747
0.0024186516915576293,0.050167646130741296,-0.04062331165402708
0.002480162222416778,0.049799921255800274,0.05918989008066044
0.003044086277369032,0.04947885658549083,0.015014382492270485
0.001261167650494787,0.04966195549428589,0.006570204957545349
0.0023672409439572024,0.050197910491538364,0.018438628164016268
0.0021563255701958356,0.05008600015648116,-0.0005489958502642451
0.0018490698462454973,0.04958612042391777,0.013124830843346166
0.0021234265125859167,0.05000039314895427,0.011801733140579508
0.002493100588728583,0.04980103133729811,0.03345681156120793
0.0026414464295325566,0.04964631886985333,0.04187066819809677
0.0020548963211303407,0.049879135172649094,-0.0019492186010624827
0.0020548963211303407,0.049879135172649094,-0.0019492186010624827
0.001942866522150486,0.05073766542505083,0.0009362229026411578
0.002754309249456712,0.04960849386073757,0.056895117251034924
0.001781175996077539,0.0499311493211434,0.028465892790638447
0.0017941358133650434,0.050406309768894667,0.030047159953057255
0.0018875257155291283,0.050449339004468796,0.03447699671342332
0.0019502358618206006,0.05075964659925894,0.015285721015057284
0.0019783864840872273,0.04968956922839401,0.001432464471857771
0.0017000066146056377,0.05186792670671128,-0.10243581835259964
0.002095396070786144,0.052300023025938516,-0.08784294023511693
0.0020422735655777815,0.0502515540272693,0.0024736665086202455
0.002292922466419946,0.050568216569700786,-0.0003928307856883157
0.0016307177076835871,0.049717547177397944,0.004772984327509916
0.00213656588165375,0.04981271602162749,0.03662110055924343
0.002775701818106265,0.04981593944377166,0.01548089265432105
0.0018011933490522315,0.050408955315806935,-0.03917786933792003
0.0019731611762902725,0.049723083150988,0.005742894141697685
0.0024543424850427776,0.04997806590376601,0.04558718369662638
0.0024811071336384234,0.04933927713804864,0.027900850782588065
0.0025951803946814575,0.049273296754036806,0.023498406228939877
0.0023790576576425307,0.05046573756722203,-0.04909414174640663
0.0021361378437146023,0.05161520320457825,-0.039164335365676366
0.002107424295729882,0.05153337188570947,-0.03564317985008635
0.0021729818499768606,0.049521212268811975,0.012925136181782957
0.0022505245172887624,0.049162294962070946,0.043550093982601026
0.0024394424817318757,0.0510769416678708,-0.05445446831687041
0.0023458588717875724,0.05099308120809489,-0.04845410892695415
0.0020973320087144245,0.05109113394898958,-0.05302052796247656
0.0019545555194903277,0.05105811021709564,-0.05815634300442979
0.0024135533320259824,0.04926088246959522,0.07607913537851209
0.00239565225883528,0.049373718162262416,0.08626646328969484
0.0024334543147072263,0.04907612938803891,0.07916992454001683
0.0023557680692635405,0.048905574523925584,0.05994142362495891
0.001988873075712971,0.048238257083369124,0.06590294210280516
0.0019966124458395363,0.04879564184485831,0.08608879169837341
0.0017504677273173408,0.048748801803182834,0.09910929371530078
0.002088626063925255,0.048465150815537955,0.048482756605763414
0.0026874868509503265,0.05020765109051907,-0.025405137163903274
0.0024028407538421595,0.050230124993482755,0.006193710744383614
0.00247196192291615,0.050757862876546586,-0.01736843532413799
0.0023815990346643463,0.0500149444003661,-0.029253529779877028
0.0028369938518491193,0.05081980796961374,-0.0007105471069068852
0.0026254686673465345,0.05022079553992319,0.01832227478335487
0.002274159596715478,0.049557932780017355,0.0018162550647658911
0.0020794318354387187,0.04933506884653771,0.013144568640591808
0.001577084946635884,0.04963270224685947,0.03168042962041527
0.002142771819767489,0.04900301964085912,0.052947985418584205
0.0020915007492468456,0.05059237424824102,-0.016604575926004596
0.002146466246623955,0.05019392616676237,0.0033493877892344925
0.0021716187738449475,0.04990953257567469,0.015895105648306273
0.0023594899820501233,0.05048975286296652,-0.023376840083487827
0.002336307770429309,0.04955915368995873,0.023526146931979817
0.001907245629203542,0.0502994346166106,-0.02254669429159045
0.002806540412144308,0.050128671313508774,0.020878418616942458
0.002545964010942081,0.050498983131322374,-0.02166970851126365
0.002110799071825285,0.04929356839061924,0.030386862571682265
0.0021358104335128443,0.05046657617167111,-0.01503928165913338
0.002018293589121784,0.04981520603551296,0.04090457500043962
0.002301553283956658,0.05004367861806902,0.018928306126589935
0.0024842212917456185,0.0499497217154059,0.004992537416763476
0.002246181008471639,0.05086598773311415,-0.02629210733359765
0.002147855646334094,0.04915253638106702,0.05296770762895295
0.002366336291994337,0.050334487193766486,-0.021794464993619065
0.0025052064747267894,0.04954497154291775,0.02882609049669468
0.002450618147238463,0.049598238594174456,0.04360333763679995
0.002352292782903491,0.050958308124523406,-0.010922573395948348
0.002139555899177766,0.04938381512684172,0.025405594134405365
0.0022673002359009887,0.050156451817288804,0.0467931137402194
0.0024934496418689243,0.049650183689527,0.026931250128597855
0.0019158146501424159,0.050031338673999275,0.043140615225988076
0.0017750640599454935,0.04951347092180215,0.007588340106229994
0.0022078238949249335,0.04978339935819433,0.045747440832731946
0.002241765639555223,0.049621418766062526,0.029604918281770486
0.0024347101220807722,0.050218714955990125,0.0450589751323289
0.0026321510102479385,0.05078804543449448,-0.004888847275858879
0.002700564199925047,0.05028639521884213,-0.009583408920568002
0.002079731821364363,0.05055828997905485,-0.016614127351548023
0.0016895776236779472,0.05035868906149834,-0.006203737386760343
0.0026128860227648755,0.05118995702306492,-0.01609628153756409
0.002615001977981277,0.05102827922451084,-0.02796646728462399
0.002508472260077074,0.050336536691999084,0.0048694163830939104
0.00209847174484054,0.04995492127236382,0.0074331801003518685
0.002090683862435469,0.04983765129883589,-0.002246706424563829
0.0019991192609752897,0.04895597550331457,0.022258352967122853
0.0021788091592012063,0.049833756116332555,0.026696390551119057
0.002511368808589148,0.049818864584282974,0.025081622898416887
0.0024032430516543603,0.04987859645379358,0.02282667205353399
0.002444533488748511,0.049973268345872096,0.026311347912787744
0.0025865553278108084,0.049524531308630965,0.042113671608848546
0.002529727529440497,0.04919773170823275,0.051924548840932845
0.0017643156606405588,0.04933272222783267,0.038393311992516395
0.0015417876919782722,0.04909483756832897,0.03420311799369618
0.0019511061760539036,0.049240719033042474,0.06136072920503247
0.0022056521468122874,0.05105594929192722,-0.010084188552213855
0.00247559167435175,0.04803241666906779,0.07692310524293249
0.0023679961950060524,0.04977339380903131,0.05378218260713373
0.0023800465889946593,0.0501351765003934,-0.007263251379308705
0.00209939603594754,0.049747812695009254,0.029778921497548478
0.0020970719564060007,0.0497535386399078,0.02086938821222038
0.0025370779966318994,0.04950225509314782,0.03677644370394251
0.0024717517738641163,0.04996398091306335,0.018659649050032246
0.0023070999666306696,0.04970734071056493,-0.024632720443006073
0.002301099535026982,0.04979354536458732,0.011794584206682496
0.001996695450688223,0.050100616661702686,0.0016291643998979342
0.0016890762365308067,0.0498393530425846,0.04053169945589822
0.0018124696391379111,0.04906863774595406,0.03171694007746514
0.0018256267831749727,0.04945057563870847,0.0391067415191535
0.002700095062790098,0.051019588903924905,-0.03462206721407158
0.0019581990693244636,0.05060674057888321,-0.0046791921333689725
0.002558403640858666,0.0504941081253913,-0.0046503453503569814
0.002399697773266764,0.050042466741457986,-0.009818323709475187
0.002413065637523877,0.04975985509768861,-0.02167378539248449
0.002401035956285794,0.050238602340721236,0.041402202356523275
0.002384147922672429,0.049753245574832974,0.031222947034708848
0.0023756610428713396,0.049917094856076795,0.003367668655512124
0.0020082636340977462,0.04962442635075491,0.033794470343123356
0.0021219779907137287,0.049018706790942,0.05364332858356018
0.001962945177552233,0.04956686398687766,0.032329893365193235
0.002003639440830256,0.04964206853857354,0.030786575629256595
0.0024039689702791698,0.05010184379393107,0.0004397043623700391
0.002227728941693296,0.049853324680046336,0.012027069535578238
0.0023438838520452067,0.050613571477040604,-0.022401191058378383
0.002526779813370612,0.050577949010271996,0.0031483786373210916
0.0023785924030644222,0.049942196728504834,0.007989105100225295
0.0020129468151151826,0.05028178790417421,0.01061600832333629
0.002538815664039232,0.05052922972172362,0.005451883027657914
0.0020601826158397184,0.05024961628940276,-0.025992461194357108
0.0028992866106743054,0.04960588271404883,0.050186515172898925
0.0023205907534508178,0.049465598513796075,0.025771650552460224
0.0024511626472580516,0.049811745236021,0.020583081631108197
0.0023921079316015664,0.05071963185527909,-0.014878006724883135
0.002588712802545805,0.050865088166929466,-0.014807739734514531
0.0016871306089890634,0.04910248882907261,0.05691735820041139
0.002800202486246922,0.05107445381180922,-0.03795866743737633
0.002768341080417883,0.05092077193880896,-0.024296629282688022
0.002812051157095694,0.05036057420749445,-0.01054887578598762
0.002991067365713024,0.05063265612828662,-0.00034862543684584403
0.002777365191606089,0.05044218299441811,0.0001278235686697753
0.0021255624142877917,0.05110275055947495,-0.041279709083688325
0.002438530162081947,0.05082420863893451,-0.03989464786927063
0.002566793183311043,0.05113474855000474,-0.020078060073942403
0.0024376582487907355,0.0507003628135751,-0.038121475408879654
0.0023242008198809064,0.050563121248260304,-0.007328484514392648
0.0022688719195050233,0.05042346160028018,-0.017740536704931024
0.0020666605067900783,0.05091829824812445,-0.029921057098491664
0.0028022743737122963,0.049977983257173154,-0.006572078207116408
0.0018214715797927026,0.04990168698536855,-0.01731621020745272
0.0016930665713347421,0.0502473307507649,0.026436426392702737
0.002130138233897625,0.048119347810371284,0.11156490789470838
0.001980617233792433,0.0503519067900837,-0.0231595573512224
0.0018152391946456828,0.04953253115302721,-0.008659748584882025
0.0019206716089630277,0.049674817966812,0.037153640201395804
0.0024014773485051453,0.05088776714932724,-0.009318775334630462
0.0021721196913388513,0.05008463765658079,-0.02159775272534734
0.0018951064067693863,0.05077952589131124,0.0003059009676532602
0.0022521634514163997,0.050624014226518986,-0.030899309460708596
0.0023365219253639203,0.05079450358716262,-0.0007848544432806554
0.00241354141147196,0.0500386895973387,-0.0254220016161924
0.0023837377317118854,0.050198477209347184,0.029146142630227193
0.002165021751027568,0.0497869704711523,-0.0042403806109918936
0.0019935000878203205,0.050506247817491474,0.035573743063598555
0.0032523592280648047,0.050491444812168794,-0.02226972783848415
0.0027994648274370826,0.050989798145290095,-0.018740358636286657
0.0029268306484973323,0.05050637107125954,-0.008114770984657384
0.001565554550355294,0.04802074454554213,0.09533565531820076
0.0013897616346137598,0.04858724641418315,0.0830927287393081
0.0011996489896810743,0.04843941401701625,0.06410133558113466
0.0013271992190925265,0.048299313041542315,0.06407468690320213
0.0016752905277647285,0.048683937880168594,0.08065089312859357
0.003185122294608177,0.04969436572620654,0.053113412184440136
0.003328705561308271,0.04937563922938005,0.05439541524624768
0.002421025318997827,0.04971171011335397,0.041666176332475456
0.0022810609384034783,0.05028971252190623,-0.003412729036872102
0.0020721577760679814,0.050296255045272464,-0.0003139328727209489
0.0019190924163341291,0.05054430576361989,0.001799471359478356
0.002164586223559222,0.05018134390107018,0.027413549718524655
0.002491431086074029,0.050301793029481415,0.00795883114658547
0.002229602344946712,0.050048534152917504,0.020000761433697833
0.002541237061773972,0.05066536438404492,0.011360218307145982
0.002350383173360513,0.04974064980262362,0.03536015609371027
0.0021360545289020897,0.050824205815292206,-0.028146239545156698
0.0016779586789034387,0.050501569876608046,-0.018460390049127837
0.002170258901434482,0.051011469732084855,-0.033227847492804385
0.002217383614853057,0.05009120125996206,-0.01207362924644265
0.002185764192284081,0.04925118910950208,0.042433814532575234
0.0025021872738418874,0.05095180824457953,-0.04005103142438846
0.0018696364676509289,0.05057408920712712,-0.04331735221218309
0.0024321182766165995,0.04935144082852002,0.03405092505673385
0.0024770204739870327,0.04977210073972363,0.050762772865921214
0.002615358098193293,0.04942907091815406,0.03556158504072742
0.0019345063812473075,0.05099015694902003,-0.047022054660262276
0.0016569087658577315,0.051286304586603555,-0.023121650871144726
0.0016694065905320313,0.05073165890901496,-0.037319084248601024
0.001441226510446235,0.051123060479690556,-0.06641310685041243
0.0015634079870022678,0.05115792447959091,0.019827014248513176
0.0016660729696225003,0.05029293563840012,-0.002676208830806365
0.0018756210625731212,0.050155619418761836,0.018701400287788186
0.00230277498788022,0.04999920120742093,-0.007590962109438217
0.0024421374640487144,0.04980893039915044,0.033969793328342414
0.0022059585996967233,0.05020658070275055,0.03504960339566898
0.002133733937633082,0.0500946109657987,0.008917941703219575
0.0022740627853458082,0.050197225008866794,-0.008530977061822627
0.002356573995276957,0.049367800585574474,0.045711539937729355
0.0023841567834871976,0.04971544484681805,0.04627346639174881
0.002388759291030674,0.05040822403069912,-0.006401766823515181
0.002014740686803595,0.050052897561211146,0.008916849008152495
0.0017803750330416107,0.04914045394035509,0.049386947569637775
0.0018590589464298013,0.050487824035869475,-0.010315003644680859
0.0019662183332559012,0.05042495865286559,-0.011556892649306821
0.0024428786287197988,0.05009889475691071,0.005916389302310867
0.002657592225095165,0.050745046846545246,0.0049607530538067
0.001992160977447829,0.04957373259112983,0.03530986876717506
0.002648106851771549,0.04990983347157805,0.018040611361172364
0.002557637572974423,0.05009887716068807,0.026619495490982005
0.0022748188666341183,0.05108082933347961,-0.03629177321547153
0.0021240522427992702,0.05095848313342978,-0.012577199435858258
0.0026429493502964883,0.04982959500957018,0.054471666121154505
0.0023473115692759536,0.049590094526287494,0.057803300818708166
0.0018968308003719963,0.04847721119565341,0.04499281776095418
0.0017254612526903486,0.04858977164271487,0.06651223755615658
0.0017962145431045648,0.04915049859926749,0.08101898778882594
0.001858271255773996,0.049667304661156535,0.005504466058219523
0.0020137112035497782,0.049896367342433495,0.0346798290009751
0.002385672031792473,0.049872585692170394,0.01820291145163127
0.0025571934217702287,0.0506586345868488,-0.017791157845481798
0.0020304040275898523,0.05055093322499332,-0.01015195143408004
0.002400482662724047,0.05059983157532015,0.009441226094203968
0.0022458361266575076,0.05104912650902703,-0.0620202407706693
0.0023621314042295183,0.048604157029258604,0.06495647774698998
0.0019316728799910888,0.047985947574480596,0.10390970191781457
0.0014979743367609768,0.0483088340360639,0.0876144048711302
0.0018778749552610286,0.04913112414753666,0.08972511545851873
0.00190260966047864,0.04937876427773242,0.12939807201409445
0.0023027922876283145,0.049006736230236964,0.06050731832669114
0.0024947748528790364,0.049069582225584676,0.07218623153707497
0.0026027308553370904,0.04946544071369628,0.054929433351511354
0.002530424116053107,0.0490343549340631,0.04143620232950849
0.0023024766765401545,0.05143549842170996,-0.05451683328806148
0.0024465536258521056,0.051010743420540815,-0.04040529725130789
0.0025567906176091233,0.05120391244066327,-0.041689598728667045
0.0018372391296669075,0.0495454181807705,0.004189268487368557
0.002329215327832399,0.04864515660797117,0.05699032503901941
0.002367573055206024,0.048729139330822485,0.08582363783515753
0.002367573055206024,0.048729139330822485,0.08582363783515753
0.0023827715124500083,0.04882713864213326,0.06709750637606512
0.0022843243997847495,0.049673670293490735,0.04116007193751582
0.0026188539062959814,0.04983357802864195,0.009902022349422744
0.002178063370151685,0.05134552343540852,-0.03650487376430377
0.002194430237177437,0.051070661947379144,-0.024540163768506935
0.0021999583619288715,0.04971760679830411,0.047955200897695366
0.0024368539963386306,0.050769581970470774,-0.009420477593742082
0.002427612900697124,0.05015174509147171,0.016145815510656806
0.002591561856125244,0.05016662328744125,0.015582621489143945
0.002080193948569312,0.05063044185762333,-0.03927940013631255
0.001989015223794182,0.05046052457426941,-0.03710958203793768
0.0024333083841691283,0.050741689143133754,-0.017750214768394522
0.002314964193108269,0.05081412277562902,-0.06054583270901529
0.0026411112642403985,0.04932046367267002,0.03726471190998882
0.0025785855082856445,0.049923403773264714,0.029230356642808576
0.0023881667741115944,0.05004812361604768,-0.002862528742562802
0.0025045849375902826,0.05031902542525902,0.022850055779324176
0.0026747266706623764,0.04966294682317922,0.009296820052261982
0.0024524573089424557,0.05004684277528868,0.01616428842267415
0.002555562985484076,0.04993104721276013,0.007290739055181868
0.002430915333390566,0.050171963266757394,0.011090927685805928
0.002487716858707961,0.0496563145011867,-0.007961083677861646
0.0025537809834567287,0.049775729895732465,0.05968087950873077
0.002825464161005881,0.04950333560824235,0.03559392036755771
0.002713407662864287,0.049929705449884274,0.038856112359369095
0.0026551301237801037,0.04971329295409718,0.03714606775410173
0.0023093344048596186,0.05065851926171281,-0.01674484563788125
0.0021508155478416995,0.049859610518144595,0.004147058557280276
0.0019173560220391798,0.049835672069759994,0.048034187617345105
0.0023444977758115115,0.04993459064944275,0.019416465192761946
0.0025134768886457062,0.05033767309496572,-0.0010200412809729476
0.002132222806366305,0.04950892153871826,0.033132383850129815
0.002269677472958663,0.04947433127927971,0.005536363625082228
0.0024123640682779442,0.04949864023959812,0.06880087249214904
0.0018328042447036878,0.04797166757367513,0.1005223391742575
0.0019210798378423409,0.048341139633826066,0.10321420022628897
0.002000668460434569,0.04767503987309296,0.10274882181157849
0.00199523687716238,0.047941154267799775,0.11830979894786353
0.001859521494334053,0.0485100952433331,0.05596352628367475
0.0019402200673302359,0.049999052933493424,0.004692022705992068
0.0026370541224647512,0.05062503738664633,-0.02053889203484607
0.002434229768196162,0.049428988935028666,0.03877575425245928
0.0021142854966198004,0.04998826404025434,0.014516861649461548
0.0022509164551013107,0.05003017735454697,0.0018415502195957795
0.0024596017743624696,0.0504172682502134,-0.012872213465336074
0.0016748724349854335,0.050639064025736015,-0.05149612132936789
0.0017040375678348996,0.050973955201659975,-0.049163531233990546
0.0017054322375043025,0.0508820258064939,-0.05767397734594432
0.002669046094013176,0.050170881143056845,0.01102243333590483
0.00255151864980701,0.04974798591627355,0.014768763132171545
0.0021210272618801995,0.05056178801288772,-0.02816947904073385
0.0021882673907883186,0.05165649912394133,-0.014908244701454063
0.0014264833915688822,0.04937133545487317,-0.005844109328287964
0.0029936198952835694,0.049351001120256865,0.05874567647691565
0.0022718734697849763,0.05049867764477748,0.0039139728697935635
0.002087815806670046,0.05008257360565777,-0.01840202175656591
0.0011978030151250285,0.05064288711385403,0.005518537104781318
0.0010667709660815469,0.050602430090681494,-0.0191631153389637
0.0027246807208898233,0.05109036892887275,0.011821284203221889
0.0019153555143873126,0.05066768821924359,-0.006250416813072148
0.0020177752621619335,0.050368591641242334,-0.0031134709876913295
0.0024131319258060393,0.05047201599419312,-0.0071107998883555255
0.0021037329862880643,0.050372519422129336,-0.013747797204563799
0.002460604714804188,0.05111236939923523,-0.031005141486581254
0.0019192869493360495,0.048663472919410436,0.036892548692887994
0.0018384035135862228,0.0493161430330842,0.056622342773588255
0.0018833893529202558,0.04906732242311009,0.043353118331277536
0.0020169703145638475,0.05037192752743395,-0.0037770815136672067
0.0023586779114963975,0.04962559758945023,-0.015263488690457034
0.003099144316425565,0.05105695243280597,0.021903255095450002
0.003173637487576575,0.050592019469099435,-0.013013609193490134
0.002331025178617631,0.0504043185366907,-0.013031893839280828
0.0022854153220724866,0.050339765331596974,0.01791633530371403
0.0021719747943467352,0.05019982400941599,0.007007806673392736
0.0028353999659387597,0.049819665619866324,0.023172595557600748
0.002594934249468812,0.05015452248956819,0.014914389682252307
0.002712699548992215,0.04989907181956828,0.035924397120578995
0.0021344080975855737,0.049147438515923354,0.046360494947950436
0.002457462609468591,0.050725685075063795,-0.01450136261019516
0.0021816329911526298,0.0501557408869519,-0.011149591539920043
0.002256569211520928,0.051052596867283286,-0.011555598988593286
0.0023850516098681963,0.050420581918766486,-0.01735797166566839
0.002217357821532887,0.050492087510591914,0.009176343389178864
0.002839541997984896,0.04927609383988856,0.03273597259652742
0.00224996053682304,0.05013055395703889,0.0182639705305394
0.00213704463220344,0.049740746532068385,0.01817764104302735
0.0022054301284343296,0.05012136367826429,0.025900423546497322
0.00280540752778912,0.04984202067813316,0.026309867567804988
0.0022458132612342067,0.050454562308402874,-0.004770410829832201
0.0018019318930408454,0.05089732116364301,0.023947390821809297
0.0026559699967262105,0.0503552096030507,-0.015416613683604655
0.0023953361091158696,0.05062676235100761,-0.0026809737488644745
0.002337950080798143,0.04997687232665641,0.014181724041646884
0.0020928038445680963,0.04991019819426185,-0.023496936565943965
0.002235001369833832,0.050528685623509574,0.031322633487491515
0.0024153107771361184,0.050190814395756525,-0.032474181034174515
0.00245508976134164,0.0506193426786716,-0.0014415505506471245
0.0022120893481897366,0.050897393708420974,-0.01639607315227239
0.0017413628705121532,0.04997844691207059,-0.004842944558264621
0.001962326093335858,0.05002273673859041,-0.014163789973549714
0.0019925302113301528,0.05030400851746636,0.012017206690309007
0.0019535919000204928,0.04999163423600544,-0.03190181824266429
0.0025817963104036333,0.05037791600303129,-0.017710081094845228
0.002312833594699028,0.05107341412354395,-0.03230717374491041
0.002321447915675383,0.04959866077446929,0.04695943943652351
0.0024085215429652555,0.04977921539081751,0.005589073847327315
0.0019066365757007433,0.050827954103354285,-0.025553821290906272
0.0015547467095421942,0.05063593000963705,-0.02848027443592813
0.0022646014691839566,0.05201802684733537,-0.08406945161179737
0.002114120395257857,0.0518956683660866,-0.07331416838878278
0.002156540967384925,0.051483419049908295,-0.07709913398222845
0.0018154920260239637,0.0513255591665763,-0.0676381260888138
0.002064569695887713,0.05001523902563918,0.020481383105673323
0.001987549890129204,0.04967621822236689,0.0352697710159453
0.0018865124127658611,0.04957638186609014,0.013496811574523666
0.002056391992176166,0.04987933745615234,0.01578294865060125
0.0020055618965955603,0.04980355039009798,0.019621463354378747
0.002376274066062579,0.049653538158663475,0.029214165942856467
0.002686655842242015,0.04960779735537532,0.032874185877911646
0.002386688650246924,0.05050747585782285,-0.018829348166377654
0.0024723856088791243,0.050600408716169575,0.01246271861937533
0.001997866045618478,0.049497180933658375,0.05421496862149451
0.0022539874153970846,0.05110782396446097,-0.03131714835252142
0.002020783094505111,0.05063508307385957,-0.024100471929607806
0.0024654909918100988,0.04989418413010578,0.02569114001565254
0.00224999525684531,0.04975846530078382,0.030234589296142707
0.0020756275306623062,0.049120863464731324,0.04955118236765849
0.0021059922258093787,0.050418298974552404,-0.03733250783145315
0.0019130099128621238,0.05045166656075682,0.023685493964004545
0.0016805755507589338,0.050872385282986814,-0.031110571142390336
0.0014805608291430868,0.05025904673524148,-0.0339599286705799
0.0027286340701321737,0.05041567913496159,0.022398538054377044
0.0030005824526726445,0.04941951647449307,0.057496396868580615
0.0018413514991215093,0.05062234207780952,-0.04253718268704132
0.0018980654115624276,0.04987085845315257,-0.028108970761912537
0.0020923343835124748,0.04980020252576726,0.031706013077904965
0.002431430322438028,0.05020489258253154,0.007025681723366246
0.00210357075786889,0.05042711496152999,-0.013941240201923001
0.001809352444081279,0.04983811107879758,0.009321941115330868
0.002396104542546425,0.05029424170281491,-0.0007999233018867197
0.002361399376022927,0.049917242675925365,-0.0070587160468535415
0.002335688791867548,0.050061372025689034,0.017634943543165946
0.002472414341574039,0.04975129958354627,0.005779237257897346
0.0025123792657106903,0.04969764203599297,-0.0030736046254818974
0.002193856854958382,0.05056002874121183,0.015002136160964732
0.00223521028310682,0.05058420844830833,-0.01110603864367696
0.0023237904187528497,0.05057931528494175,0.005435551210723733
0.001973465090195702,0.04951845773162318,0.014208253128120855
0.0018966525087288466,0.05005483086757591,-0.0001722107566660389
0.00199330060007466,0.05026722370203108,0.02597722878121992
0.0017882001010482405,0.0496363244732488,-0.010490154811760551
0.002331138728432581,0.049364906913771135,0.01668054516839489
0.0020976727985687485,0.05066019841094581,-0.05067133610879087
0.0021631258267637695,0.050620794642478734,-0.006163588047694298
0.00229263915246636,0.05022601846767468,0.01040576077643295
0.002139161779799974,0.04953869169638002,0.03873210219840901
0.0023495820229541167,0.04989970517840378,0.008394802730083587
0.0021212570112195232,0.04988127595618654,0.017796514673625374
0.002063684746257326,0.04949003298571968,0.01395570541137756
0.0019366198408150175,0.04956402290145235,0.043176015306053826
0.00208734766369038,0.04961781650387357,0.02074803906443073
0.0026238412297067888,0.049290135774973785,0.04153998365138991
0.0019487456145707632,0.04881730160204663,0.035525424419158874
0.0019487456145707632,0.04881730160204663,0.035525424419158874
0.0020579303182801795,0.050033182311338305,0.05158506085955021
0.002384730055898974,0.05014028174418679,0.02699621114235276
0.0023566954052084265,0.05034810115826647,0.036512718443569535
0.002858149989954166,0.05028983812560618,-0.012526189408372324
0.0018943882075922959,0.050303735626668206,-0.01882981853736088
0.00235796085276555,0.05008578017877428,0.010364685462640915
0.002728131738801844,0.049192727571283686,0.05899892088667461
0.002095739362037698,0.04892391139793589,0.051947906091188066
0.0022718705282702575,0.048369639456708614,0.048196561479611266
0.0025482356357882435,0.05055365245099442,0.004710390487534573
0.002615213175893079,0.05042170964064944,0.013258221648858244
0.002278741393592196,0.05013342746847476,-0.019571693672927843
0.002447348079166884,0.049566997759719296,0.015847195767972548
0.0021622689347025794,0.05011403741109475,-0.011625520619068337
0.002025697628460199,0.049897458860667154,0.033942533784973
0.0021938865196311336,0.04982671361573734,0.01541976732006804
0.002582474736892757,0.05014214680847403,0.0021401567865850348
0.0026117294350731807,0.05035124509082243,-0.0028729198884861816
0.001970074272610699,0.05051291340681369,0.010812308963783497
0.0018255259206674758,0.05029176309376706,-0.029895475622814926
0.0028917443369827983,0.050745805440558615,-0.0013719618392776427
0.0027037770842801723,0.04983134230014481,0.009786525386080125
0.002782741862575981,0.05017294747000364,0.02359192303816406
0.0028544070013906955,0.050152222794868306,-0.010931618079317472
0.0018735697747672487,0.04987200434919877,0.02363148617301838
0.0019988258734397954,0.05029542463294233,0.013506565190696545
0.0022418493533404764,0.04968935782971936,-0.005010468868658936
0.0018073545051015105,0.04924253747605014,0.06610874128270033
0.002447865535884378,0.04971286097712674,0.05196331837511798
0.0022817001837449244,0.049486351767031096,0.027127950597913012
0.0024401295023040925,0.05049045087437862,0.012144110695494807
0.0023749151676219675,0.05007966341297313,-0.030396105324958952
0.0022525685926320237,0.0499123111018857,0.00268375532534652
0.002467216724033195,0.04982228269576608,-0.012007795279688923
0.001677071021805856,0.05087461913036668,-0.002555273895210414
0.002822632264203158,0.04911114141501124,0.04590200592673526
0.0018986847091034629,0.049352561747034285,0.06235973979077714
0.002000879311612559,0.04891726831973398,0.0423362965652735
0.0022712789349617858,0.05042190332520853,0.018439512470305123
0.0024976195081501404,0.04986392678614018,0.012953502354676632
0.0027376519694445435,0.05079091464244981,-0.009414458242231343
0.0020395676467375792,0.05055795127697745,-0.038857632406830954
0.002191622807558191,0.05047449455796761,-0.021884135159799745
0.002221323225546408,0.04979274714409253,0.023757275325397075
0.0024109240475130673,0.05016859722790628,0.0026041321420036245
0.0024654420702605252,0.05078120458342252,0.004699911151547916
0.002839714873382461,0.05004775272788167,-0.0032709791028332756
0.00231013944445448,0.04954037602459466,0.04812539626896796
0.002580347517674929,0.04929057313472977,0.039806978976371366
0.002580347517674929,0.04929057313472977,0.039806978976371366
0.0025390882707597867,0.04936239608918817,0.038444881278113054
0.0025390882707597867,0.04936239608918817,0.038444881278113054
0.0027812539557420116,0.049654877141709096,0.04596178152768544
0.0027752557446361994,0.04969953740937563,0.04808394731097359
0.001975728632783724,0.048986739531855165,0.060287168074963815
0.0019971084970107035,0.048391107003811634,0.10002437200397292
0.0020815049541665206,0.04879877414474417,0.06932116484411666
0.002268872616802232,0.05069100200383099,-0.03508148648331244
0.0017816526988702322,0.04947112113304296,0.04911135669136966
0.0019080771284381043,0.048984244821199056,0.0272083110805448
0.0021219589946767964,0.05109044963383471,-0.005660960501705269
0.0024376866040691975,0.05031204120984275,-0.046204184388102434
0.002270225697302049,0.049445720678989,-0.001360021533622835
0.002245119380657683,0.04969212181913059,0.010447870435077309
0.0023130819034285852,0.05006512339807409,0.015216440454286837
0.0022332599443633935,0.050124652937316494,0.01442134200366292
0.002435609124472772,0.04908787969731274,0.03836847362711277
0.002085494476310598,0.0509676402247404,-0.029508651728566624
0.0022497623914425617,0.05012302199253791,0.013238260293314808
0.0020493212520566666,0.049028164571446174,0.049116859730826426
0.002600408869238901,0.0499426245003464,0.03780538338139551
0.0022904065125606173,0.04999980838750625,-0.0043812180391354875
0.00208870768457587,0.05057548974637635,-0.008574588996389503
0.002529252056554035,0.04967186925342179,0.023856985964985592
0.0024041680091331378,0.05004640408895815,0.0084916156501698
0.0024257490838747045,0.04986200894327611,0.022554709701118798
0.00214570301104116,0.051091493321075106,-0.043719417060906526
0.0023688011787779575,0.049633527421723264,0.04655401320443503
0.0022194035747192956,0.04986320937630217,0.006959571100263439
0.0021250493371514382,0.050349952751187,-0.015861803853933883
0.002154892830628716,0.05069296541353373,-0.017789304998045583
0.002154892830628716,0.05069296541353373,-0.017789304998045583
0.0023159319384734767,0.049978410812828784,0.03295528228645467
0.002169448319062213,0.050076700701709734,0.03403457648542058
0.0020128503300121552,0.04997188508038482,-0.006100883691258892
0.0021275297775402787,0.051060751835408154,-0.025788965565315063
0.0020233232489705487,0.05090919432311639,-0.01702234599315304
0.002715362348146434,0.049138068637219146,0.041519307234784884
0.002152643029061172,0.05051196422496536,-0.0053012298055378545
0.002152643029061172,0.05051196422496536,-0.0053012298055378545
0.002516571053956801,0.04992768331796002,0.0026875634878915627
0.002564682439343247,0.05081309078996107,-0.017911317412102425
0.0022051444276609037,0.05029317849206529,-0.017772835970561514
0.0021348265932630717,0.05059466598348914,-0.006809199110276753
0.0022375678507860043,0.049947013159353564,-0.012527912621479557
0.0025074896887810716,0.049757791675940743,0.0027131532001149175
0.002507434001364527,0.050469412042287366,0.009892974062596557
0.0028444969290405474,0.05023952463208117,-0.00201829164019223
0.002402240349028576,0.05058067552610186,-0.027134590761753005
0.002293106748841365,0.049712013490110306,0.015259618901450622
0.0018364219011157553,0.05063738409591313,0.03834946980098459
0.002239134350278106,0.04887153744081089,0.015990042519291054
0.002244352820253771,0.04905594279450361,0.042843114933456126
0.0018065617819592603,0.0503615416449106,-0.04251849885777122
0.002871584896109869,0.04952145913089617,0.01752552739623534
0.002357299874995947,0.049768696322751146,0.045910314131674096
0.002642152294884545,0.04949697148894128,0.02490383661726916
0.002855247123559083,0.0498606340186881,0.036021366176518674
0.0023988747593566466,0.050041677932328256,-0.008906119354317114
0.002530826697008926,0.05021625059488891,0.009917321573145888
0.0016388931588178564,0.049515930562074165,0.04669727790496695
0.0017494786247156662,0.049853857537926524,-0.013827803924568184
0.001811838268629631,0.049957905313234394,0.011249247964193923
0.001811838268629631,0.049957905313234394,0.011249247964193923
0.0017547931853295698,0.051415039235515186,-0.018358646984846794
0.002191027848650659,0.05092202244973403,-0.060576678345014914
0.0019348258144419846,0.05134785528924005,-0.03441598720052256
0.0020692566867928784,0.05021519593961524,-0.02595200712831615
0.0022671054871370227,0.05096243130114106,-0.04522598649732136
0.0024037325432097047,0.048846894782596566,0.08663122045159714
0.0018556354714674898,0.05008359453192698,0.011673811149484917
0.0018077693298960574,0.05087642546256319,0.02348243985552352
0.0017459953465114083,0.048742249583309256,0.017564153444459635
0.001976074926230429,0.049671024965043435,0.038600635422591734
0.0019352308858322015,0.049755551311475625,0.04053656547022338
0.002092352275044842,0.05014285745925101,0.04914436975020599
0.001865030481363634,0.04983881359773219,0.028920450610972374
0.0013442695406334626,0.049980556788576685,0.011483814181018934
0.0020871012927806015,0.04984961076401643,0.036917248052064595
0.001881649676670672,0.049835101381946245,-0.001960014680013052
0.001528550364821776,0.04940949249443045,0.04605478337699061
0.0021017629234444646,0.049864760925037804,0.01788907566634834
0.002269120540668903,0.04974338618848438,0.016198268965891414
0.002413562178381561,0.049941185579719244,0.0037561822488685133
0.0025842045415185124,0.05040973358623816,-0.01232002051134949
0.00228318308965258,0.04958754847187297,0.013948422281971254
0.002115038608630869,0.049970494287104816,0.00862332483411373
0.002355179522952522,0.04985986604080701,0.0037941447341273663
0.0021248364618135455,0.04960468396874617,-0.008087257731619602
0.0013767907267419183,0.050682796136554756,0.016990928413063815
0.002662002745394381,0.05048242828117347,-0.04608077034955295
0.0018877904812482009,0.049249684177157374,0.06706729186950507
0.00252500152907438,0.05035735720000054,0.005462599873146216
0.0025599707967863456,0.049835056699849944,0.004438780752417732
0.0024483582783360338,0.050649976431704144,0.007861879903587828
0.0026566827317573336,0.05081522001967498,0.010292994591656748
0.0026599666843327356,0.05008479934116944,-0.01250887212005559
0.002344968331563521,0.05046941574225823,-0.004048012794953368
0.0024648012322538823,0.04983677606495673,-0.00048307022578148394
0.0022832150222048134,0.05001878355229702,0.023813023047743825
0.0027001095014009173,0.05004344356322751,0.019818530819547167
0.001829358645668537,0.04941560018436493,0.03741280165347314
0.002039897568474103,0.050054084583774174,0.023474499352521636
0.001947815893137009,0.05044421813609938,-0.03235635417041382
0.0020540762407843475,0.05160722216768495,-0.031580513016434476
0.002204068513607265,0.05045016258305915,0.0058755666192937175
0.0023565506957011883,0.05074797662855186,-0.009286016460084218
0.0022033736473707185,0.05030251265552413,0.009824136927807387
0.0021629230083129026,0.05025777467529703,-0.020796218223732784
0.0026347727081797085,0.049984941516028156,-0.00438141674119022
0.0024358832525493744,0.050000869959199806,0.00792086072868893
0.002601810943904762,0.05101814953164854,-0.04130106663776963
0.0025083286256716926,0.05098632876121813,-0.022068968235692345
0.0021977840551663593,0.05120395840936438,-0.05793889896576359
0.0018056701870454396,0.050404106111653836,-0.0012318084293824626
0.0028174503080974364,0.050130450330722165,0.016465378806775992
0.0020275975712822337,0.04943248838973389,0.03547428273198172
0.0019005664535992788,0.0494014653677895,0.019722311558189886
0.002163510884086636,0.04923844036085095,0.019167802223698654
0.0020754719065885865,0.04996784625884504,0.03834835983966109
0.002071451093167852,0.050750747041661264,0.00020649288201246357
0.002356530686040362,0.050230941065993046,0.023110231932375182
0.0023466877944443403,0.050038777873283806,-0.022063054161860295
0.0022418945536681807,0.050548049967841194,-0.012543685417408563
0.0029151058094363776,0.05043495752635058,0.0068069780773280025
0.0026926466049175548,0.04998515696164108,0.01885239048904736
0.0027331886047003554,0.050450953200269225,0.02139311234441111
0.002140708247760358,0.048623815300438133,0.058652309158954835
0.0027113617576382007,0.05103842786285505,-0.02587699953257004
0.00212659286690869,0.05058419001487885,-0.04026527680829495
0.00212659286690869,0.05058419001487885,-0.04026527680829495
0.002133425687859637,0.050697101751209735,-0.06761387495704192
0.0020211177894806512,0.051552794391085344,-0.019765858880560302
0.002141559001231829,0.051961196472863104,-0.08861687592631676
0.002176129244761767,0.051987556749002975,-0.07570129491365735
0.002086673176179362,0.052503555757197444,-0.07247836317741925
0.002181363154939285,0.05233685673596896,-0.09926323926922313
0.0021658116471348237,0.05137813511074952,-0.059562528135441634
0.0022276302811188747,0.051542039758678444,-0.05602019366738865
0.002119130906694911,0.048880026948409025,0.08481056901908894
0.0024315053485524088,0.049221997629504306,0.08286220904987252
0.0023679514628276756,0.04925794440838733,0.06759952123452173
0.002270943868441253,0.05123527178173839,-0.03907974487965172
0.002392713983298399,0.05098130315029041,-0.03884700412899375
0.0017659942917910899,0.049703988903944965,0.04020269506516656
0.0028774606108873256,0.05039852928297816,0.017007170164723216
0.0023290886974996028,0.05030655752052301,-0.002509922337351194
0.003086908941696045,0.049541798313782054,0.0471414665915229
0.0029730775744436387,0.04976294232166929,0.04613620462399093
0.0025037070476725963,0.050125078664013306,-0.029180795064081326
0.002446489248711359,0.049983184801871715,-0.013582805477747394
0.002292561759277764,0.049912771313296064,-0.013043030131879619
0.0025983842673576335,0.051529740248213045,0.006339955060308161
0.00263474862350454,0.050521707457615736,0.00015727778387794434
0.002644435212081012,0.049533564371932355,0.018087734592838335
0.002415288010515936,0.04990297209734986,0.017147555029412596
0.0022405971535711246,0.049178346966142365,0.058911635375763695
0.0016796360617123394,0.04930958666761393,0.039874417836043605
0.001949944518537586,0.04939955899208246,0.048110255430800726
0.0027282445311352143,0.05002768505794364,-0.02106965156127255
0.002594199674967347,0.05110778862198714,0.018363595747049676
0.0024396860695995192,0.05028663802660071,-0.0001292771990441012
0.001875020230418015,0.05019361220969818,-0.005577023398864367
0.0025137392909298857,0.0497863807617916,-0.0050210638252583956
0.002677822010466442,0.05083327365983969,-0.004336800832863348
0.002825501450715011,0.049914018741117006,-0.01345704801939311
0.0025155096587818598,0.050316385221570385,-0.0017019317821670623
0.0023635151860479367,0.05064776893979075,-0.022042264600077355
0.002215526376140954,0.050286937794714166,-0.00763140372679211
0.0020176256520412143,0.04950241530202744,0.0257920967817843
0.0018981886830305396,0.04948508602135497,0.03329849658065786
0.00220880014121552,0.05060723640411259,-0.018558085829387814
0.002446192720036916,0.05113156285101656,-0.04989104903650861
0.0022367592771507694,0.05100024823247715,-0.020229812192831848
0.0023433173099037734,0.050160834447280735,-0.013782602309243296
0.0024484141877881,0.050578180536652174,-0.022002342017162183
0.0022990266668957214,0.050368933389643,-0.0021709968245065756
0.0022482470976673647,0.049739693931169636,0.022623028072388755
0.0023347816027542473,0.050776388431510694,-0.032247683122680997
0.0018246987568964514,0.05020185157890347,0.022760556261181397
0.0019561393082667047,0.04976196045070024,-0.0050026466632386935
0.0017172602469461473,0.04983648906196601,0.0495544593550373
0.0019084084707288315,0.04900948942692108,0.03503191164775422
0.001692963561694741,0.049370347362170885,0.03513740645395225
0.001962276220078459,0.04876196703086029,0.07373641671245652
0.0020881873708303465,0.05005852548616513,0.0013110773792313218
0.0018915265941673704,0.04955277759186302,0.007921783758049392
0.0019685250692521787,0.04967704256580685,0.017724215653706327
0.0018850174298845953,0.05106896518516729,-0.03124684531404941
0.0025811551109311995,0.05047731430810758,-0.005406404462999665
0.001986449074681304,0.049479272501622124,0.02313794866549527
0.0019929303610079583,0.0485096856908519,0.02324119577256495
0.0022119907361985358,0.04918609184016639,0.044612324661077056
0.0022898798598537935,0.049642009593792315,0.03713070972095946
0.0021972456367902182,0.05061944355075819,-0.02583526993482923
0.0021007600976331656,0.05047585655955742,-0.023266182380045995
0.0021007600976331656,0.05047585655955742,-0.023266182380045995
0.0023915732111865393,0.04905105752130421,0.0533014764223833
0.0027471591727149594,0.049487226084025664,0.05536041634649521
0.0026629672402420502,0.049681246711546105,0.059306069346016246
0.003041165047047965,0.04959162800093446,0.029988996272533226
0.001708023931320133,0.05061592428501765,-0.017835564069583316
0.0021297264842287367,0.05044505142332884,-0.014890730023401508
0.0024735369246767233,0.05064420795915785,-0.01373162542788649
0.0024735369246767233,0.05064420795915785,-0.01373162542788649
0.002475765414628893,0.05029838760279537,-0.01868403091008015
0.002532262884461252,0.05040828559785458,-0.007760576749249686
0.0023894138669920922,0.050578259257326265,-0.013275817645801638
0.0016081513937653042,0.050004112743061185,-0.0018646502342702497
0.001996296462355492,0.05034918734922759,-0.0009457089792625306
0.0023355585823110086,0.05074971354593489,0.011357607998099936
0.0024919897302323403,0.05092440529183877,-0.013916121091299381
0.002400662483700884,0.050416222877971456,-0.030179589136423043
0.002435977374017317,0.05059909283542766,0.007670449741483977
0.0017794889881771086,0.048636848108454984,0.09600655819786312
0.002534815658207104,0.050637375767350876,0.0014177492036174365
0.0018654529338464558,0.050847798102375746,-0.06548439075501471
0.0021355135719620896,0.050800186039153296,-0.02388263233705706
0.0019985224469548607,0.05079202983224762,-0.023343904375871673
0.0024734838241087295,0.049741802502546395,0.012458647423626821
0.0019954083746457204,0.050200843877062015,0.04886242600662852
0.0031425505919081566,0.05099492851516468,-0.054510942916612626
0.002487495676096863,0.051586635931474875,-0.04577658324137101
0.0017774084034292764,0.0508183812349581,-0.04839216814469483
0.002222718259140906,0.05079693235256849,-0.012329273519413467
0.0023119524430671957,0.05105330153371161,-0.015583790085593815
0.0017849902315843623,0.050140079665379936,-0.024205190850796966
0.0018743273200259312,0.0504336740639296,-0.022141138913826484
0.0019656730371637276,0.0503386893306838,0.002085840611914085
0.0026517072187443235,0.04959178691083087,0.03332150476132655
0.0023666956875331934,0.04960467656106431,0.03845459904755645
0.002347305746806067,0.050132017433482015,0.0077751922783905894
0.0025336887151697412,0.05029818133283303,-0.015176737137174275
0.0020932535498227223,0.05022315440993973,0.01651963623723696
0.002780475717055267,0.049817954754169856,0.00841599149675036
0.0016178423217770351,0.050188651794891764,-0.025507052509725837
0.0031049697148108186,0.05057728325890841,-0.004597458432580614
0.0023404500738247996,0.05018592509924852,-0.009235136249132192
0.0024697050383934703,0.04994193932215501,0.030368115888104244
0.0025363747857902645,0.04891434087155412,0.02186641339252572
0.0023857765952960647,0.04941847813131547,0.027898627125946682
0.0023112883599979758,0.04980857969206437,0.0065651040865856965
0.0021281657249014045,0.049706864423577336,0.02352222179493109
0.0022525819670673563,0.04969205773602979,0.030027157232764116
0.002765051985524428,0.04977192446902714,0.05613426429727836
0.0024097650361160263,0.049196662830503085,0.03581723511261982
0.0024384481661061893,0.04960806092944518,0.05319870898761091
0.001933856860395254,0.04948101254657782,0.02130859664880015
0.0027914720509072018,0.04995963371238612,0.020391935909132533
0.0027524652599870917,0.05033009912699462,-0.008110051454473171
0.00184363962373607,0.05108631803407938,-0.048216399505169476
0.0018066587171302836,0.050596943479860386,-0.01691109672261851
0.0013593908187877705,0.051114467605272426,0.046878336599245604
0.001607667287077448,0.05035548628093574,-0.08707246905098956
0.0017853248099568661,0.052360625949200705,-0.02977223038982201
0.002027558490668643,0.0509147530479977,-0.041943561994752465
0.002718064643839939,0.04977924392724904,0.038521251090761925
0.0024673329906897364,0.050488258690687966,-0.008321808870175303
0.0020938418876989247,0.05126441860119159,-0.02949738783094512
0.001774986601014175,0.050182461355279324,-0.023013830309454066
0.0024977479382656794,0.051298413634632126,-0.026630447024861732
0.002063947972923385,0.05087121064458815,-0.019451384373482827
0.0022088061475433606,0.048203866852048284,0.08970774504822332
0.0025409598085390254,0.05063950847870827,0.0035226645995868897
0.0026479891676191567,0.05057063049497767,-0.03422028617445822
0.002662399210428816,0.050526957826454874,-0.007683681060613686
0.002076961484911982,0.05071602143083814,-0.007111452576251359
0.0018716117692530244,0.05010441011453623,-0.03350097989075297
0.002591569709029041,0.05059925962273323,-0.028886780172221124
0.002677143528475394,0.05086709283738282,0.005147982085415402
0.0026872553484249286,0.050717739575710706,0.002399071419937131
0.0023717585583293227,0.04968396405526113,0.0014583303433698689
0.002300587032763295,0.050568546675843346,-0.010710968281249627
0.002616588577183247,0.05006509523409508,0.010034948913100557
0.00228463949569235,0.05018729411156199,0.01385768744898293
0.002566415035970387,0.05014993630243714,0.030724294635301776
0.0021544709298814695,0.04974962121609224,0.047384725646168115
0.0025000900003978774,0.051186994252364885,-0.02812377542648166
0.002473081405062713,0.050853031640809544,-0.008705724008402776
0.0027643586646969335,0.05048216126702154,-0.01761690872989453
0.0025936552273487204,0.05015621798682193,-0.0007298078941350118
0.002416295333220821,0.050427268279113584,-0.006847556335023433
0.0022617495167525812,0.05028738884452811,-0.008339672802346338
0.0027098868554800305,0.05027212928244404,0.040142474445100204
0.002795877571558881,0.04964444823002457,0.005535171110595055
0.0023796693613788176,0.04932574751271373,0.007671069760800508
0.003055023672224852,0.05063140059283203,0.034229186788285265
0.0027895712668833624,0.04992131147719473,0.005380473352118928
0.002047313951019572,0.0507276964862229,-0.0238937676510396
0.0025633382407324245,0.050171166061090636,0.019316802850441767
0.002248790068631463,0.04957950112814532,0.007539465916470559
0.0023988644491574015,0.050266071997073884,-0.009359819482805827
0.0023961727337763836,0.04903199708400813,0.09204340758234232
0.001978440986884078,0.048656493022583146,0.05130504463441641
0.0017991300682837004,0.048594269057042394,0.09936568434226321
0.0017423310184100718,0.047518007862455275,0.0856279822959266
0.0029017757790518375,0.051578609000961916,-0.043916058455217476
0.0029037620831311815,0.050562943495149115,-0.047009000857406766
0.0029518590108822368,0.050655630868799706,-0.0437173330044216
0.0023343485596814197,0.050076046489411226,0.02192384677387151
0.001993462063357914,0.04976213321957248,-0.0015730164604995794
0.0021644817538705743,0.050097402618002176,0.013108371096701715
0.0024383998487765668,0.05062163247297542,-0.012061714989742438
0.00221641634919935,0.050300949587692274,-0.004197957968541978
0.0017299390886153809,0.05028733810450806,-0.015014300236288875
0.0017966877349887846,0.0503642332090005,-0.016830635402047003
0.0018364365211419808,0.051269989418948586,-0.057898895199262966
0.002020489744246257,0.04915152292345551,0.004210559911295299
0.002588173551166291,0.0506628978763669,-0.06465863568988774
0.00258153881089025,0.05090400071417134,-0.046415555384627986
0.002370251522935947,0.05117533565557811,-0.014269640798125309
0.0028406295711559905,0.049978101540572244,-0.003397616986865534
0.0022078161999926666,0.050631203550703316,0.013548293275356461
0.0026896505148441946,0.04928934604072334,0.00710259360431992
0.0027744895030743432,0.049867701629259326,0.04492979488642579
0.0023936367112678473,0.050407601440493464,0.03604168348311199
0.0022687453430634526,0.04981949035656809,-0.030519441181387837
0.002254902268085333,0.05084858039250986,0.00830105842152768
0.0023856332945409947,0.050480789842718275,-0.019030478851010644
0.0027946986978718037,0.05050613421725773,-0.0024647088929060606
0.00256220059532782,0.05028189737319805,-0.014409696019891624
0.0024121615082749776,0.05048220523833523,-0.013835403539318848
0.002584410723576167,0.05023875085798351,0.011432112020794945
0.0024112088146388245,0.04958829084738514,0.018953334056664693
0.0027712120799091217,0.04994066856082858,0.0033780524171760475
0.0018451413943673365,0.049518018682959374,0.034947117889005154
0.0019701013529290676,0.049649343464911413,0.03885634484585367
0.0018712846828352063,0.04940882088401498,0.0468969342516935
0.0019606293367513553,0.04951460113432553,0.033033684360864866
0.0019145265934295,0.049371039527626684,0.04479133225488318
0.0017694243131521656,0.047999937252839,0.06296211942064414
0.0020468073287165443,0.0481784238087446,0.08681782525574674
0.0022956072695101823,0.050006731170641756,0.008512046929274684
0.0020825764298123078,0.049829960594339875,0.007507538729536781
0.0020825764298123078,0.049829960594339875,0.007507538729536781
0.0020159321292406453,0.05011208630215434,0.040803489630449774
0.0021655206531971507,0.050804574193933666,-0.02423653914757246
0.0023258826429620213,0.05039132939072646,0.006073275346063037
0.002043966244546644,0.05129012441513808,-0.048959864541162204
0.002425220428272408,0.0506519639699368,-0.026618343995706756
0.00219136586013256,0.050791492898932894,-0.031208086655522087
0.0024785162300989504,0.049798627115725365,0.022222555700278042
0.002371634503586926,0.04994932100111066,0.03481741548212466
0.0017929412105518636,0.05060781675881046,-0.026364300980323406
0.0019178569213517047,0.050231833652138375,-0.002146863016946171
0.002895613828382462,0.0503296352708178,0.009048181784597787
0.0022812489415265196,0.049944541269444725,0.016621585604380745
0.0019999246578710213,0.05042008200889689,0.00401106432003102
0.0024840663674995066,0.0502802997319771,-0.021813061955120155
0.0022020631600037153,0.050839605596747155,-0.029914350619590045
0.0025539408604209673,0.050523141693788756,-0.013104978155287845
0.0021158434040736388,0.04974270499546499,0.01456930467989555
0.0019246184817884402,0.050431517806217185,0.0039521041990992056
0.0023401682200233083,0.04972870404762187,0.03955398254965305
0.0020030020046456314,0.050437061706206,0.001995374899272254
0.002037680181799227,0.05038100100280273,0.0011172269429335334
0.0014355518633272298,0.05078508958327228,0.0026647279148178872
0.00191155669123971,0.04926113149183531,-0.007140117169410934
0.0020919806430464575,0.05068953976596072,0.03188579690266393
0.0019008803580305871,0.04998803016761488,0.025497035124199714
0.002015045022371644,0.05059058164015284,0.04890030314201236
0.0026506684959605184,0.04943944022579371,-0.0005574607626794137
0.002504879204883258,0.04965056682509813,-0.00796361970428327
0.002462309421619626,0.04972907152946509,-0.003950405279097259
0.002140182471790727,0.05053915641119165,0.010456689356831406
0.0025152894214972494,0.050391994124014176,0.020217868682793416
0.002239423218898818,0.04965276244986282,0.041865324250594554
0.0025545746668566892,0.04995186989734364,0.029167520330936874
0.0017605419845187066,0.050268968809755725,-0.011254861003399478
0.0018849972145710409,0.050730978044438234,-0.019713714087727572
0.001970706729176309,0.05009103177770995,-0.02521651333255135
0.0018471358935415764,0.0502992081923972,0.0023812444392927725
0.0019554433558024156,0.050044220459055114,0.004411981915381382
0.0024993828537715345,0.05069804458729709,-0.023248314192800976
0.002179710122187795,0.05037914977114388,-0.006707291072962163
0.00190319841039777,0.049633108248740315,0.050472442441898906
0.002608903690393989,0.05073403758839907,-0.002932151177725909
0.0020507612936119294,0.049197737136714735,0.01644808254613775
0.0018740344946244186,0.04924562949522105,0.047613477196961566
0.0020945671398916775,0.04780029512577106,0.08048091436595638
0.002161861787860493,0.05033554200322935,0.030876705858453115
0.0019597423208739815,0.05017563502845538,0.009717540414020334
0.002487422997676757,0.04944890265076713,0.0484773773703802
0.0026339047871700785,0.04966437372000791,0.0520087722754998
0.00195017180968461,0.049469357463158066,0.003963282295815467
0.0018688274489360953,0.049807364782027005,0.02760490461867384
0.0017603754164039606,0.049044921345442874,0.06546319109771813
0.0018741728379942989,0.04926829253011419,0.029213339115760736
0.0016442130272109933,0.0495557199608859,0.0450405898479989
0.0016843322676085616,0.049797188737673685,0.05478892758870647
0.0027922458997843825,0.05028504164590478,-0.011146236887688827
0.0028173092558591195,0.05022639046045244,-0.010969720667679969
0.002967400305524665,0.05075500620248756,0.0028814110447661946
0.0016271688808540835,0.05010178910036924,0.036438468798205496
0.00207134356770299,0.04924544610389508,-0.003640879385966774
0.0025729783377973644,0.05091284275142713,0.024524573416783324
0.0017938489190553295,0.04889776959274802,0.005553104710335836
0.0017822607333947184,0.049327377077647255,0.01712931132907329
0.00175931686453384,0.04949940316886954,0.08502401177115579
0.00194948791364874,0.04809732744760575,0.09692225799210973
0.002354721394015814,0.05070814690054791,-0.0161177266581386
0.0022986144997936167,0.04973072585780709,0.037493665796585376
0.0023487906487810067,0.04958273272051135,0.04692523800899761
0.002427053343982797,0.04956727674450529,0.03684208671416136
0.0023994358035444234,0.05072755412022248,-0.004756181174647778
0.002279757549483632,0.04993458349428313,0.03448560887702081
0.0025244096541980504,0.050198406498221375,0.01654498721550505
0.0019739244563448935,0.04967563812541183,0.01463118782123307
0.0021053085699248336,0.04966595320660948,0.033950332845717475
0.002416118397441676,0.049596284500996325,0.03807705244788185
0.0021797389348593692,0.04942494115394356,0.017281872702507133
0.0022318898134129545,0.049531947370507215,-0.00041985428442896584
0.002693314827759254,0.05033010788283458,0.021082264832932223
0.0022903057722260707,0.04906818917798328,0.057268448550280224
0.002159868604856141,0.05099546060189356,-0.026663442038242082
0.0022717449573236245,0.04974953070007122,0.011789122164361268
0.002495016292958394,0.05083653167253116,-0.04558364842175251
0.002329301826384554,0.049923567314955744,0.031532717126523
0.00237285510715093,0.04990103456186539,0.007728296353810607
0.0022982098387656037,0.04967384123272391,0.028775539903891596
0.0024883234302979706,0.050476803075603545,-0.0032048258809891546
0.002328101221041393,0.05031830286420606,0.02084057121385394
0.0020583166174724344,0.050407023451018385,-0.01381532746258404
0.002394149585199745,0.050389605813382865,-0.030516491645114892
0.0021806909853425947,0.05024297694456492,0.017122912804381066
0.0021785597821492777,0.05030654982949589,0.007210199297124593
0.002368271876505702,0.04956862254234966,0.013140944541081208
0.0019829349048447404,0.04957521372005051,0.03397987746007442
0.001954615346255662,0.04955835643595707,0.036941094002806436
0.0019093290504271971,0.05054919929226253,0.04264024005259642
0.002331610439625574,0.04950947143664892,-0.021011896234460585
0.0023281781352801267,0.050212706792127595,0.061297144447389144
0.002406678463967311,0.05015845759953356,0.05188313966114102
0.002850075696397563,0.04958629209719165,-0.0007342434357732614
0.0027427043463970086,0.04971712395408153,0.010443896116766488
0.002616196905728252,0.05003734820750537,0.008010316395916194
0.0016339844272526063,0.04965460101505855,0.03435032216213346
0.0022546341845078813,0.049312621938572436,0.04124577944864367
0.0023297007440878695,0.04978724456723644,0.01554499884879818
0.0020553131416976545,0.049093256358776254,0.06478665955777538
0.002790838024388462,0.05026750161327874,-0.001159056305470819
0.0017319750152291322,0.05011335847697989,0.005093702022403397
0.0015325475422371662,0.04996102665716603,-0.010252128626427695
0.0015467902053577607,0.04964016411233778,0.0029552607146073307
0.0021393215219070822,0.048870351128610774,0.09951230989380487
0.0019582593019441302,0.04927905750616459,0.052334587020530544
0.0025058670623705494,0.05148868799518171,-0.028454854142620004
0.002427896440961532,0.05097765588784998,-0.05555631820348498
0.002123851411764293,0.048785932480816606,0.08666769648782578
0.0020080808458626557,0.04777554352209693,0.10185809432278421
0.0019266955895695936,0.04798024797724846,0.11823719048678379
0.002489818802389818,0.04782613560639559,0.13006788198855188
0.00220106480480747,0.04773387217941093,0.11563618819762818
0.002045885568066368,0.0478977755336406,0.11382456242794448
0.0023383993117170165,0.050573716688176625,-0.0036430649263224923
0.002303170301435386,0.04996399467660718,0.025446388571976293
0.0017600411182229067,0.049555185168063835,0.0410457506056034
0.0017230872295294914,0.049911515093198064,0.020082531725477068
0.0021201431370183686,0.05049307182210509,-0.03441407768907645
0.0027464149246202766,0.050015554333845094,0.030663947244437995
0.0018657601631396205,0.05074245959664899,-0.02743219800970369
0.0026130680488435794,0.04997533523245326,0.011116713940995853
0.002439213207445918,0.049874219264946,0.002084093190586543
0.002543111776619802,0.05020053197304934,-0.006799913643639423
0.0021796332752092246,0.05045718146683042,-0.013701072394740265
0.0026355797982939035,0.049956681908271995,0.0704882936971668
0.0023297190385165797,0.04942221507295723,-0.007470919097445511
0.00276495355548657,0.05083569208069731,0.006732687083025993
0.0026826688013236767,0.05072912376121971,-0.010480566321283037
0.0025894896441689083,0.04978974716493368,0.001380900939672073
0.0024571445128575443,0.05090258803469899,-0.008461835922235289
0.0022776724333783247,0.05019507437309385,-0.024486728302519856
0.0017316349804798528,0.04985453684386692,0.02938336021023175
0.0019158062055080187,0.0492632121568689,0.0471699899314549
0.0024954424559278836,0.05043444280337131,-0.0030529320349707767
0.002468766908046685,0.04994176996469338,0.008488091310156086
0.002290697641078979,0.04959871453007106,0.02837527211186014
0.002274825361737871,0.04985109776662256,0.010181711792592174
0.0022023359253903955,0.04986609559385464,-0.001513480862473596
0.0024109607919005674,0.0500860032763376,0.025439981605838203
0.0023579149430427333,0.0505025050640885,0.03435760691005295
0.002412726952173643,0.05053510483653817,0.016592099731283224
0.0024411635844587155,0.04938481226881258,0.021752826665677644
0.0018374913501350352,0.0513463892360193,-0.037599403884389974
0.00173778082500304,0.05014306106405958,-0.01684620336934969
0.001871695299457887,0.050337850133925104,-0.010030457686295333
0.002576327817526582,0.04977254862135782,0.019100911949997253
0.00199946925659076,0.04950160582221495,0.0277594392158661
0.0019009498607716955,0.05162328513665314,-0.06276130485927006
0.0017631511147262952,0.05119416735208687,-0.05507788606609172
0.001872252704568737,0.05130801674691066,-0.039104915952414845
0.001979813729035154,0.050364608465032504,-0.018908396887915412
0.0019444590178282074,0.05035563207565559,0.002816726512485273
0.0020301886958947637,0.05031784334805725,0.008895494507841606
0.002071460734757931,0.05111237675438693,0.016255204857473022
0.001941943168905015,0.05126519362899266,-0.008807169086642792
0.0020288304356478504,0.05144099696741038,0.004434868333295252
0.0018076863157911033,0.049995127322851135,0.009513626067390781
0.002247530139382216,0.04967424456282712,0.019494245035351805
0.0020462363100764132,0.04985265327282732,0.027868980097831765
0.002112779493801325,0.049576400325596105,0.006580433176680938
0.0028030573975617807,0.05006210613247962,0.05891729674270116
0.0028368446592398713,0.0500831140326445,0.042095335272540835
0.002716965891485971,0.04976078217150709,0.02605189800028364
0.002376510486277737,0.05063845620972275,-0.016194915292382542
0.002016970036725366,0.050290392040212024,-0.02199820642542601
0.0018907700844532542,0.050535621767620484,-0.032868425574981375
0.0016903927954773684,0.05032773160036833,-0.019879163467780764
0.0016690210607508145,0.05034555433451356,-0.022675184072077168
0.001506657437888661,0.05072315731825391,-0.011839260763551388
0.0022884160556503387,0.050106628700516534,-0.0063166703583813376
0.0023696330804990596,0.04991093959780274,-0.012258027036978736
0.0026658216839487,0.050771306656896276,0.02588007572435073
0.002709254730822904,0.050735475392465965,0.022984531995954613
0.0027361256532927912,0.050088638456396335,0.005507723396606883
0.002472166396436182,0.050445487206161356,0.021928665904128786
0.0021717384420081175,0.050557704439112075,0.020895242194370972
0.0019261138027547745,0.05044499092574122,-0.003719688617338188
0.0024793681749638572,0.050755990897508284,-0.05736040759220415
0.0016900348354739094,0.0490168018891628,0.016910931654626243
0.0023668694071906507,0.05046524626133968,-0.03777430342140486
0.0019853788122041038,0.050719916202936685,-0.023486942838019043
0.002328620665109551,0.05087404777459168,-0.052426148447823506
0.0024023882269960106,0.05068865418048705,-0.005218987852384785
0.0023840059208048202,0.05018249626147319,-0.007260107573920679
0.0026254540108958213,0.05048098091408808,-0.004463255643854468
0.002220308881581191,0.0499705531952048,0.022973037975751846
0.002032426109750291,0.04912173103075351,0.04718686789484592
0.0020217018870739797,0.04875851726359692,0.09349705920942869
0.0020199003565298137,0.04875526926839645,0.10015031077101486
0.0018912681805723375,0.04967249141473176,0.04976251429646063
0.001952387498207269,0.04965695697246667,0.001581508333717471
0.0028922076627068117,0.05041553615383947,0.031018644522601637
0.001615579555879596,0.049118350553969986,0.03388386054819735
0.0018527725115484077,0.049888896864639605,0.01165759031497224
0.0018643723155822307,0.0505858366453048,-0.017611205203167935
0.0028430714641298556,0.05017695460970892,0.02271824752284811
0.002447681278154857,0.04964289507751578,0.00528851986262948
0.0018352111368139332,0.050071385406317635,0.04360951976228329
0.002224945825158489,0.04931607819834179,0.027318205620767748
0.002088103583045581,0.04986379476408658,0.022925331653169286
0.0019818643624853853,0.04984466411228845,0.01592670911987957
0.0018591653415495893,0.05028438865811966,0.001818901791275702
0.001302469734482481,0.04956729008561713,0.01598970445326064
0.0015332610142147099,0.049734980064746075,0.01628857086980846
0.0013814932053277692,0.05005589424994705,0.022817596686216208
0.0014177478964368005,0.04989387557890829,0.025850249602366846
0.001754424618159426,0.04841948181052059,0.09879892301323519
0.0028704899697971787,0.05151424418518423,-0.03970774389456653
0.0022309077987859626,0.04905425718218907,0.06818317687629219
0.002534033134753531,0.049922749193993275,0.0190373995471657
0.0023962017523975272,0.05018418526291476,-0.0021740793175610033
0.0021018997908560356,0.0498639280316159,-0.0031993058357455795
0.0023872760427662287,0.049917097422757364,0.03031216507471668
0.002260876914555547,0.05034436366648728,0.01730714208547037
0.0022256483691436343,0.05062014764974663,-0.014962017967224628
0.0018745948658002022,0.05004762861949052,0.023914790158579273
0.002043726411550136,0.049469439796431376,-0.0029654795029891356
0.0016039551975602464,0.050250204745093584,-0.014756307001895858
0.0018636031844598319,0.05101675640854382,-0.037414805009509985
0.002732861986706123,0.05005769055896942,0.03402080683845431
0.0022070954366774894,0.05031740023064544,0.0052236423896578656
0.001917628433805854,0.05055429791932705,-0.0008278620753294597
0.002032827109978299,0.050086488970646444,-0.03932939197203247
0.0021912450832389783,0.050237790578793386,-0.034660253420728905
0.0015382286323743814,0.050869126077114364,-0.02068063892482845
0.001752930631530608,0.05050062978510821,-0.04055034767807462
0.0021091121038112814,0.04958298223937492,0.019845578151276178
0.002147613667267568,0.05013139358378387,0.018936233318614108
0.0026600034996307953,0.049740598873276955,0.010918611605574462
0.0018278282949531668,0.050644921658614755,-0.047986646728385846
0.002049848458275265,0.04971132807277575,0.06002466063721612
0.0022887047220430516,0.04983273610716967,0.06083333168694493
0.0024595437620119186,0.049687326567570425,0.03255328947467285
0.00232007450242403,0.050353241080252874,0.044365828675308285
0.0021183915289902547,0.04936957916561625,0.0018630652072556663
0.0018396180598875991,0.051326225757488304,0.01687463583535421
0.0017532997522469187,0.050606382621495014,-0.017566329643918317
0.0021007517433100876,0.05009834979467059,0.0019698393477083835
0.002073797719335188,0.050270612952498114,0.0019100264086916432
0.002855986716858995,0.049916674351157445,0.007945248522931572
0.0026868085390763363,0.04914051733835361,0.08736318845986787
0.0026111581121114956,0.049019504136848656,0.07805974024257317
0.001962605467430634,0.05155012400757103,-0.07462911265030281
0.002227008159312221,0.047534341989209326,0.1252075271218088
0.0018919990392751334,0.047621658154383364,0.12303692685974807
0.0019823788071215032,0.048224373560033416,0.09351200824450707
0.0026092678323882917,0.0497064934565549,0.009944379662335374
0.0017802457795522127,0.05050138148972849,0.008573172997292827
0.002207034745506349,0.04944981174936349,0.018004425178900274
0.0023469395014495574,0.0501162327078833,-0.01748135292190419
0.0021968959655936176,0.05020898874353464,0.017949301606393374
0.0024834568632541285,0.05060834331638035,0.00806722703066261
0.0024834568632541285,0.05060834331638035,0.00806722703066261
0.0026219591532397495,0.04974641606095004,-0.0009831164040141403
0.0022631282843421172,0.0497114630040435,0.04492955800272331
0.0025138145581146995,0.050687190985867756,-0.013133029068301771
0.002340657784034631,0.050183414755615864,0.014334936002277301
0.0026261247318430663,0.04979586213233346,0.005762515789791742
0.0026334998627406455,0.051215779546158705,-0.019345580792022848
0.001977243097064663,0.0494356100915524,0.07268859472592341
0.002163670987339153,0.048890183214832336,0.06574694102148744
0.00279074494973231,0.05015309088202489,0.011371607331551742
0.0018149551531538926,0.049161905780014635,0.06531623855449538
0.0022266560023128973,0.04902277275077823,0.0776787902488187
0.001907073994997148,0.04891368188973502,0.07223723270818087
0.0017508910703507383,0.04877137011276109,0.05820582793806071
0.0017462441254371213,0.04903006837271637,0.05738824708982309
0.0017609544341498325,0.05005785942169852,0.036462675986286205
0.0020036451538993265,0.04976207187942569,0.022640590593047093
0.002302355301903713,0.05003037946856027,-0.0026903626010857554
0.002279992215972913,0.05026422591936887,-0.009270542044977006
0.0024467247103774946,0.049995676643191315,0.007680213510077164
0.0021296883079561647,0.04967287313525704,0.04527893253570594
0.0028875508370109952,0.050025558624433766,0.018432788220619518
0.0021427651229604223,0.04956334800892734,0.022842051202221325
0.002349990490800861,0.05071221331758454,-0.006245270944976809
0.002375215912122334,0.04970695881404617,0.035858307730064105
0.002157677177785427,0.04935966637863343,0.022921609395297693
0.0021603679433064627,0.05052740668798427,-0.015059746289106344
0.0025164374926335133,0.049987510584845116,0.014377484775342595
0.0022162230205992227,0.05034278891573967,-0.014037496614134585
0.002625306880570019,0.049794502493855586,0.03186841303724427
0.002512885763271044,0.05010458607493029,-0.006486587896416207
0.002711853532747486,0.04996866138287527,0.0228975191526504
0.002371578587461406,0.050346887558218575,0.0008479181209814123
0.00251928194968903,0.049566264116284016,0.015165073420099894
0.00251928194968903,0.049566264116284016,0.015165073420099894
0.002477716234780273,0.0501192308665118,0.02983578159907188
0.002299158023803936,0.04955623918966143,0.03401198823630156
0.0021958617673293167,0.049793537460279834,0.040838030375562405
0.00224893840197342,0.04943836483605522,0.027393574371942543
0.0023178258764293518,0.049881227808530236,0.01909784647268928
0.002353818047634648,0.0499183359979787,0.0032300977908850553
0.0026792195394376417,0.05021189783698366,0.00871213620002942
0.0025726682048769463,0.04996401652951942,0.00285910873436056
0.002548048931343126,0.0504649626968742,-0.008671320543584648
0.002082972168070633,0.04968226091119785,0.0238682003985804
0.002082972168070633,0.04968226091119785,0.0238682003985804
0.002153541661072142,0.04994298741713296,0.02733457609706377
0.002122253427758592,0.04979202771182448,0.02817262551359604
0.002385479598694469,0.0486193197899404,0.057673887110743734
0.002007731985869512,0.049805702057321044,0.054911671474661805
0.0027613590645109054,0.0495582822783251,0.012657792211606565
0.0024095121278729665,0.04978772992187642,0.05010145096470994
0.002504859242314515,0.04987246221611899,0.025043624129073162
0.0027038195474999105,0.04919005230140617,0.04613242633882469
0.002648420173700298,0.049533687743022456,0.044161122137028906
0.002286302275074873,0.049575518332356835,0.031283285658662015
0.0018466353806002441,0.049828442462757534,-0.011356962646277807
0.002426332423587894,0.050171164614986975,0.010201779178079084
0.0023584774306561543,0.05053007018120443,-0.021452138184225696
0.0029867037275964564,0.05025505926968175,0.012127992919647185
0.0032632890406804425,0.04960593054004287,-0.008061045528220892
0.0025242497667338393,0.05019629259563018,0.005138796806572268
0.00275084666454696,0.04999695442705728,0.02053874402148431
0.0019933414412941263,0.05114560908588657,-0.0060714641214396105
0.0020856386899827835,0.05078091757308644,-0.05154059186466432
0.002525578150299673,0.05042189903678403,0.022996582180452804
0.002012135794921396,0.050978011804534464,-0.002149593359837101
0.0018666753523721245,0.05087602548868734,-0.058633479670750076
0.0018621611434446242,0.05088939102876705,-0.027304726498359952
0.0019570737388101334,0.050855485747024295,-0.03395469351359689
0.0026512196571128878,0.050289932865905794,0.005504784270576235
0.002180887330756847,0.04999268171386844,0.023917808387639905
0.0029095018910357266,0.04955946495147678,0.01631036462861545
0.002504730341778859,0.04976640558867401,0.006477982680624146
0.0022926507840293404,0.050781157367769884,-0.019772971657343295
0.0019813393658649953,0.050394607322088975,-0.01988982214546846
0.0025102654344881944,0.0501803187673721,0.02345540934161802
0.0024996694065265957,0.04966243886037105,0.02474755458448096
0.002662177932968805,0.05055283556552744,-0.01627456074674099
0.0021553397949377147,0.04947912188486573,0.02450253376132542
0.0026183771433663083,0.050150396825487664,0.0019939357158967616
0.0025068329572483054,0.050019866354120486,0.007356758567735866
0.0020951897968464668,0.04967445167101608,0.04821821873395066
0.0028108183591634118,0.050835546572175226,0.0064091254246743685
0.0026263132858868007,0.05033737833099043,-0.02538944705797728
0.0018890160762296594,0.05161958136418662,-0.019059450667743012
0.0019566514539713187,0.05180628489898155,-0.012669513997895806
0.0026094023078864635,0.05029900907891585,0.014448818462153065
0.002197124201202827,0.04948647934931768,0.05012926977402004
0.0019386941706350613,0.04991831077872589,0.03465036117020304
0.0021310253043398146,0.04941261948504113,0.08388302124217455
0.001917613584726736,0.049991558152054215,-0.033112903896746156
0.0019730111009137567,0.04871298648132757,0.05788209070643935
0.0018931146407812163,0.04910849518086012,0.0671979419777329
0.0016206547865731619,0.0492497330240942,0.04352041714214556
0.0016206547865731619,0.0492497330240942,0.04352041714214556
0.001739572170892082,0.04933168266971958,0.025101540236425437
0.0018561488444822358,0.049591853181660726,0.009019661158124193
0.0019640728527655625,0.04991486980424466,-0.005015865310759296
0.002500473933705999,0.05029422124867841,0.01879363743539775
0.002418989503702333,0.05015636026219688,-0.003558513772246493
0.0020525663253094374,0.04942245410614094,0.039362958812566816
0.002094550004379335,0.048867179727691085,0.02963913015511311
0.002445513395735634,0.04996258110575907,0.04354419442844326
0.0021329831518454084,0.049647323218610456,0.007532490778360611
0.002394934181471229,0.04992051202219987,0.010584338864683764
0.0024792691654266885,0.04952000360153438,0.02929559506797483
0.002857181369637546,0.04973532306270942,0.03183033293899654
0.0020904122203820874,0.050892389502308025,-0.05415853700295115
0.0020990490799903225,0.05092823294837309,-0.016312660168600498
0.0021222563993319064,0.0496024529597355,0.022540442467222532
0.002354822121175134,0.049797281768952095,0.02085852757454546
0.002639610076911626,0.05076103801243043,-0.025656298201092834
0.0017188895332484718,0.051412420961745094,-0.01687268220442988
0.001771023753741026,0.051278617276179626,0.002874688778783777
0.0016403911247906643,0.049478891249728325,-0.01577360808106703
0.0018047475720312405,0.05080634723101665,0.012897657654578063
0.0021498031430131634,0.05016042054297378,-0.03178167951983506
0.0027617978223409612,0.04998919955190297,0.042607953473436634
0.0018377666646520042,0.04865062236589297,0.04251186064329998
0.0025006801454702924,0.04895466401717073,0.08471547765049336
0.002468255325548131,0.04911036463587494,0.06921532074224444
0.0020568248958570522,0.050310622762432686,0.043639723615212
0.0020239167837659143,0.04982718388071013,0.013474168615465628
0.0019410600774145115,0.04944612603930472,0.01940917535449291
0.002228009499542463,0.050359974223747855,0.013208753762857994
0.0021217118705926987,0.04826551551397023,0.1085932480913482
0.002222350232552958,0.049825934502515365,0.00834220853936766
0.002149071711787883,0.04974065973081051,-0.0008468016389336913
0.0022064126951322704,0.04955428826675691,0.009838064878974108
0.0022064126951322704,0.04955428826675691,0.009838064878974108
0.002786121129223283,0.04999107828412889,0.011997846022438788
0.0022198873531469264,0.049542901427094846,0.030227612567025594
0.002190172983697257,0.05062649400119643,0.028513901210558832
0.002118406816338934,0.050450109336615236,0.02228084728065004
0.002508770406534726,0.05020606470097204,-0.030744356950446177
0.0027147133731902835,0.05090977851136602,-0.010785126949300835
0.002732194493470557,0.05027414777603223,-0.021753340104031696
0.0023011297041133924,0.050172274175653224,0.020827380444970293
0.001808259129872351,0.04997971306078541,-0.003711979999115488
0.0025589390399042167,0.05100418734817076,-0.0328873012105251
0.0023356648201418237,0.05103712741951695,-0.02628367024863441
0.002918425157427722,0.05031545784232595,-0.011882273430495718
0.0018338554080497337,0.05093564104140545,-0.016442377102359178
0.0026044934961171147,0.05022038255481509,0.03219669041346153
0.002480511663733291,0.05000529365295768,0.023420373859110815
0.002149888732129623,0.05037136603056514,-0.013112183594951414
0.002445447976564235,0.05014111119848121,-0.0007493081407190971
0.0029331104069974133,0.049652601647545536,0.05411047006959287
0.002059283043515347,0.04986849239260351,-0.0073071091725795114
0.0019743551783452462,0.049754654855449464,0.01734403512614506
0.002531619677781062,0.050878074424260414,-0.03947531393083926
0.002409992532484176,0.050623353351827924,-0.02791511551558995
0.0012789954733778322,0.049311470782118436,0.04229094922387972
0.0009210859106391174,0.04931457612092614,0.07085988336953021
0.0016440520658777414,0.050005650199084456,-0.012872333105999374
0.002761164787825326,0.05044409662654299,0.016711187283626576
0.0025063233735952415,0.04965774632712436,0.026292379107604662
0.0027497821535805056,0.04942152598873722,0.05572122810461729
0.0015172532055835479,0.04971099916531315,0.01782914914236553
0.00153673502573065,0.050413396249206814,0.002305581987196287
0.0019270434059414463,0.05045437865120998,-0.01962903120428148
0.002388057301299124,0.05033461235977971,0.04852402220541198
0.002693080766286495,0.04995750965386743,0.029968517128107178
0.0017965168809821938,0.04900243594022334,0.06133746031814586
0.0027588845354716302,0.05064818164070827,0.0003937377792430076
0.0018396807051569769,0.05024308656928688,0.015226344024896674
0.002479490829488993,0.04853718476596469,0.09066378882237167
0.0017179034234930117,0.049479300805557035,0.03980285628697425
0.0017897791910471256,0.050076594776887105,1.4945293472349965e-06
0.0017792017611227093,0.050214501999280896,0.0012415288842295919
0.0018701848881603766,0.05133856018575166,-0.010591758132632953
0.0021630758486416,0.049911739287467644,-0.021099727866657397
0.002356257712685698,0.04972240420212127,-0.011703966092101935
0.002449723032341361,0.0502659054100474,-0.012444254218497656
0.002283997372427903,0.050352280284801335,0.012174080974604554
0.002727788602658598,0.04938168358910291,0.02878138104748295
0.00246609796715329,0.049982034942492135,0.048648544131228
0.0019591299895367472,0.05016883105384465,-0.018648104158486296
0.0018829429651409854,0.05085395165689297,-0.011950750069866383
0.0018255997195278733,0.04984111376211546,0.043206605241917224
0.002493570212444576,0.04965387956832328,0.06776019069743991
0.0021084796540024927,0.04915159375170149,0.02681981125255372
0.002180702486128296,0.04986769639879767,0.028290888375001867
0.0018549699419606143,0.050077893847357495,0.032730068806453634
0.002425748679309712,0.050308668993086704,0.05235110719666761
0.001999097475368464,0.04847249316489207,0.05748362223558485
0.0018813229559183112,0.048982276062875627,0.08493196835033107
0.001858397338839184,0.048961042033624724,0.08169066955577117
0.001858397338839184,0.048961042033624724,0.08169066955577117
0.0018417692622113597,0.04871049708296404,0.07882993748395196
0.0018714049093675978,0.04980092350667627,0.007134579399307954
0.002294943430687274,0.05061013306867655,-0.00907648090701492
0.00201104891637666,0.05017332600285442,-0.004685443056965697
0.002511420514895022,0.0500715411980251,0.018296403487362514
0.0028276234825921676,0.05020790340152806,-0.011487994945500608
0.0026234251508782114,0.050969373609320134,0.0011503847320636401
0.0026862802066815704,0.05036139958503247,-0.033840030006899446
0.0024318190007022317,0.05109440688604671,-0.018037835463491827
0.002393868650599056,0.04897145182878711,0.046888464314216234
0.0019196158851672387,0.04953126942782435,0.05315381375950298
0.002020360753332336,0.04958085715228737,0.013883634840957332
0.001530171717073774,0.049623841432578183,0.009415630466155832
0.0015454460205567642,0.04974254082892766,0.012810751099194521
0.0018882742620184567,0.04924733628923815,0.03009214092194889
0.0016171567526333083,0.05053219392300985,-0.00403506429597795
0.0019679190542024306,0.049543187991815146,0.027439296820620674
0.002714508689060383,0.0506389055806878,-0.023899976315248747
0.002701849864080692,0.05165223878052615,-0.07797410541857268
0.0025300754459146872,0.05178641894266589,-0.06118916698893909
0.0025360867773487556,0.050926846633963775,-0.04888585961999612
0.002739157455424032,0.05088260951759522,-0.036695024038863926
0.0023705812799947293,0.049810889432451134,0.013458570719238951
0.0023492990648106894,0.05055334222456566,0.0018045115918837165
0.002385875449915324,0.04994821829138304,0.015875065681437706
0.0024525705816738335,0.05050992295281193,0.009452958521117978
0.002468091790513908,0.05025868794730446,0.019526435245786376
0.002399562031466877,0.04995736232387154,0.011977930541065602
0.002094328686614086,0.05058737857022828,-0.015338695597704313
0.0029211696519850687,0.05057132250322719,-0.024091332989906712
0.002400370451220473,0.04999168949612526,0.018705236314852193
0.00257207706603921,0.04949119094715011,0.016865732333219162
0.0018860605136606192,0.04969867491449157,-0.0020902420609389817
0.0017373702586332665,0.05083884139596644,0.022174633097140652
0.0020619845446935778,0.049596305815726244,0.024528705712657264
0.002101796968013063,0.04902114619624519,0.05260455819253595
0.0020251897658551065,0.050111433859609505,0.020245960371378244
0.0019276874000789623,0.04997554482652649,0.021181655129597392
0.0016721844639751003,0.0506084149264971,-0.022591908540966547
0.002494941724222862,0.05022479202724857,0.005499501886839798
0.0028765836023337044,0.05046419863556994,0.005279743371601143
0.0028427831552562542,0.050509700638359044,0.0029997450607494665
0.002309114475188489,0.049365219529751536,0.016675014683705316
0.0022407679309620504,0.049614251274924755,0.036156676781423
0.002254064134392815,0.05054409806164657,-0.01212230945326992
0.002369627408268275,0.05026981836568655,0.009858171646344657
0.002241439898715948,0.050237350416404876,0.011541591491402348
0.0027696642784035613,0.050064063559592385,-0.005578306507966318
0.002920043773155691,0.05047168337917337,0.00650653688050753
0.0027376103924911252,0.05029321836727441,0.017156228773216074
0.0020541555095374467,0.05065653627344275,-0.006114003758979034
0.002454530844969907,0.050402074946971555,-0.04082445569267025
0.001701933173051573,0.05090889971553518,0.009624384367565431
0.0020495617361437693,0.04997245819920556,-0.03138693227653803
0.001900429726374753,0.05017843977967759,-0.025074455243689578
0.0019657243322448955,0.05009958635394882,-0.0410160515593307
0.0018060605820322533,0.05057273427083893,-0.03028952298022961
0.002033511416267913,0.05032145609167211,0.006141527307144435
0.002043243007127502,0.05025676958314203,0.003751060547431124
0.0018948856157839577,0.049863995584307194,0.008844130972457766
0.0018948856157839577,0.049863995584307194,0.008844130972457766
0.0025778070346003648,0.05024753164635451,0.0029739608512843975
0.00246115534528375,0.05100540073421595,0.003124085192364181
0.002787486709629706,0.05118751373355102,-0.006832050164625564
0.0024561294242607724,0.050451437688657785,-0.03826435707536976
0.0024889267507410633,0.05068132521138376,-0.022522636828964573
0.0021214851945859444,0.050040727673708964,0.008466850764717971
0.0023101159436035613,0.049588989370470404,0.03591513765542924
0.002344888730460822,0.049654394127395,0.002693414395641042
0.0029623621468948284,0.051059933971503296,-0.023204203395588867
0.0027147784431102574,0.05041721918968679,-0.022398151600782568
0.0025252931637462805,0.04964618408363986,0.0496915058449645
0.0025456485915288946,0.049362722029778074,0.02963829812683002
0.0022502254074202046,0.05056818474151472,-0.038644158784187164
0.0023301912646688087,0.04999461086919682,0.010087418071578244
0.0023295414649399998,0.04985251618493072,0.009258589528832732
0.002184796382231205,0.049835327883114684,0.012295106045033734
0.002133230087496337,0.04894757224201009,0.06560009082447489
0.001830945464282089,0.04836608099697276,0.08095785060282765
0.00192142139629506,0.04863606008282135,0.07423842288370129
0.0016736028564125487,0.048709026297592856,0.0499009235266831
0.0019307466333736798,0.04948507427693337,0.05066298706370293
0.0023997776998490113,0.05046995434204629,0.009060244646288651
0.0017951157965000527,0.04862617302176387,0.06806601943161833
0.0018972546433138754,0.04884871959353147,0.05769746576621049
0.001945459476684041,0.048986275238956115,0.05462269730287266
0.0018834992561040952,0.048697501788349404,0.07095936282722898
0.0021429229185285334,0.048389858033192346,0.06187805472422451
0.002041466874987269,0.04890542642150285,0.09677473677045262
0.002310176804554158,0.0511480234999159,-0.009089968950418413
0.002457083401539393,0.05066261228454327,-0.02056079508293398
0.002536042070017851,0.05060015190329904,-0.022699549027774987
0.0025931582241131277,0.05074352353659036,-0.005883708692651519
0.0025870687762570926,0.05063501755066443,-0.06123873222994325
0.002320077519950263,0.04914712376361149,0.047580013296518286
0.00237332770082651,0.05120076893030497,-0.056835461248919424
0.0021939934129978182,0.051679618609142976,-0.043035562600373334
0.002326360898943294,0.04880214762892137,0.0766225461049764
0.0024595155729324244,0.05118205065195389,-0.023934440673507997
0.002624224763665815,0.05088880751074791,-0.043647265696394835
0.001636873015108995,0.05044296247453156,-0.0351841059553573
0.0025177508618588755,0.05036079263074899,0.0005633144526187397
0.0017152682572827364,0.049601126425248804,0.04061728201913146
0.0018714348302490485,0.04952945969129242,0.03698452365346935
0.002842896235242605,0.049628121443506375,0.034122352491603856
0.001758707294029465,0.049839234132296475,0.02062894599795351
0.0017014735618898864,0.05027807110060485,-0.009714732763573507
0.0017570249685670094,0.05027401560901771,0.001534585422054116
0.0024630645434394797,0.04991716197924616,-0.0018000219840037237
0.0022977597135350734,0.05045194676779774,0.007407324011753268
0.0022184568343744117,0.0494108037278413,0.022496454802664077
0.0024198981024123115,0.05028100850664373,0.003391309440575793
0.0024267226624280383,0.05085632649813504,-0.026939945861617277
0.0021995057200351253,0.04956579298493833,0.02919653067215479
0.001650804671382598,0.05012375523365384,0.005826024389720997
0.002300583922257195,0.04993396511044074,0.03767643154661311
0.0026364529231502998,0.049241559306899,0.018303750131465353
0.002545900935228115,0.049608673175458654,0.029734770814835495
0.0017845877392556485,0.050170952557890856,-0.002983964300539445
0.002184659977581884,0.050337490049708895,-0.027448764567575223
0.002411190584162517,0.050084607371697086,-0.0040282755806899705
0.002285279132682343,0.05114320122692689,0.020415249575831632
0.0022750977632752458,0.05114852046524536,-0.0005512868382190044
0.0022255129283280336,0.050525446410111564,-0.03986247829387437
0.0026081572361550554,0.05019067110834046,0.01169334992789993
0.0026864146911629513,0.04966255971285027,0.021474050967361664
0.0026163323592223904,0.05001475525673685,0.026519227640019176
0.0019235411883958243,0.04925660488416227,0.08000489275846273
0.00272685913819088,0.05003324549427085,0.014474607388639553
0.00232646591258239,0.05067373513867358,-0.025559124903366183
0.002406387206830202,0.05080177514711316,-0.02231543152990706
0.002439723488283609,0.05051852963353246,-0.026249951032757676
0.002526135337470896,0.04923194891470307,0.01357278758914049
0.002217023149047168,0.05027116327328864,-0.04566031127765802
0.0020771310231100498,0.05077662381733684,-0.017724667906372223
0.002297247136023162,0.05058665487291333,0.0021441901000487807
0.0017762485882541663,0.04997473479627582,-0.0020137145293313867
0.0021209737332776916,0.05042856761629814,0.046446756466522104
0.002753862943871139,0.04885771998227626,0.044784397543815274
0.0017083451006245885,0.04985067589812589,0.03137429967349427
0.0016157896391100174,0.0495857080839062,0.040278298280279116
0.0014662295526563596,0.049143391693481475,0.03847814655986748
0.0026702835067644757,0.05036046193379417,-0.03966924768172764
0.002166913959766467,0.050930727120937595,-0.016625965496952024
0.0026171946801835195,0.05026802472732054,0.029670285454795796
0.002505543261171185,0.05019388800959989,-0.022066048996251312
0.00241450734168171,0.05021453300574384,0.029970747086766468
0.002530810227662691,0.05005488707635972,0.02315300474408967
0.0020543485507880654,0.04999205461744761,0.007587150318881868
0.002348126720815931,0.049845369614383045,0.013842814991618338
0.0018181225839643486,0.049520998709941325,0.008706565734102162
0.0017623798631916344,0.050661270864108904,-0.0025675579751199547
0.002487185498409568,0.04944533131419329,0.047941111777730694
0.0021497519914361737,0.04974293395725797,0.02679359391653857
0.002286963519640795,0.0499565443297235,0.013804049811190192
0.0024165905414665887,0.050696696999904624,0.001562480531000153
0.0027702382544304905,0.04990796981942294,0.0024076395065160167
0.0018072758778467969,0.05146048894352752,-0.053112254636828435
0.002195179055778489,0.05225267101550248,-0.02771499812271733
0.0022814780533275403,0.052506565538225566,-0.028152635384178507
0.0020486137255260623,0.05175682749345678,-0.05587769803756365
0.002227992333049879,0.048341022180697114,0.08033610954708255
0.0015632062358823917,0.05024002101881895,0.004328552531729021
0.0019192593992173371,0.05025261467047442,0.014654753886588759
0.002091188427968136,0.049748360457210955,0.0004408229669652453
0.002231154180908322,0.05068005774663168,0.0004869122363890091
0.0025744077325953615,0.05047286704069846,-0.02718695875641869
0.002415929205330117,0.05078478437513665,-0.03750945733189962
0.0025694029496860994,0.05100363320433936,-0.029756550251633245
0.0026355762758786152,0.05078640077612722,-0.03351864822947911
0.0015338250125393358,0.050236854862007796,0.022948778147999546
0.0020697494509536916,0.0492030089493325,0.030605099372721694
0.0020117735146662563,0.05035679783474448,-0.017461515085947836
0.002428882105698838,0.0496621828348998,0.000563781049804854
0.0024903506110027143,0.050444637861595476,0.010434827515279974
0.0022106937177177725,0.049624254722880574,0.05177779755835428
0.0019680869906143223,0.051433941683470104,-0.05259818051998224
0.0023257852810994084,0.04857426895094003,0.11681718041369972
0.0023685947526207126,0.048473522229877816,0.11187922978791495
0.0016998103384429381,0.0487786230543364,0.04944084209433376
0.0016926966889903629,0.04886111239830627,0.047524620098957644
0.0018035191659633897,0.04924522041199121,0.04554368106597055
0.0017800695610638048,0.05115411462357576,-0.04668786997208083
0.002298093546620214,0.050925177144478424,-0.025235449446114486
0.0019978515217244463,0.05057492928411532,-0.031165700206647214
0.0020211687458525024,0.05052011299334993,-0.036583763809499514
0.0026415459141663922,0.049514993732485045,0.040902883997989
0.0019270304352519663,0.05007455563269579,0.0070809734018134176
0.0024444615026445447,0.050479469506793884,0.004774792134255644
0.0021556900301544857,0.05055161593824136,-0.02969623220466633
0.002197255829051541,0.050127838792594616,0.00120636924644223
0.002699122018562934,0.05054747444564342,-0.02186338282336931
0.0028132702164325807,0.05051297874762782,-0.02146507489353742
0.001703260879879129,0.04914409377692197,0.09254177555064139
0.002059812253314191,0.04829671704986868,0.05683566854205911
0.0022442027832668293,0.050333385269686226,-0.008843716348178337
0.002616818622213285,0.050435217027005035,0.015801085545156458
0.0019329540282514133,0.04933946126199198,0.010498900064863714
0.002592563678801882,0.049126203566687746,0.029600623998661996
0.002592563678801882,0.049126203566687746,0.029600623998661996
0.001620820553264215,0.04937563335717642,0.039644504540307005
0.0016906394286340875,0.04976536808071487,0.026522417108739323
0.0019505601094042487,0.048932291525952416,0.04764716141514289
0.0019377148627858249,0.04921264713341828,0.053042369851827
0.0019191162273838915,0.04889113902485794,0.04623213243821084
0.002443050694501138,0.04994644772380916,0.0021027490386663103
0.0022403773720023096,0.04956620924626764,0.03814719677681195
0.002292716233501594,0.05001648269804421,0.025807485068241844
0.0024310355098262526,0.050126041303423775,-0.019998559089134855
0.002232379619670087,0.04975405338097017,-0.017260841004814505
0.002630003104439847,0.050433686795074935,0.014658010657923087
0.0023351621148499837,0.050194054062602536,0.0028828618542279007
0.0022178583891690356,0.04934016853450699,0.029536892606750582
0.002165136396700306,0.049919216993587534,-0.004462180871852238
0.00214847951040694,0.050171291240688906,0.00993198196929532
0.0022771943036413366,0.050065974848187575,0.027875362159110254
0.0020830328380840105,0.05059639061675561,-0.03446509960859952
0.0020306304135206286,0.05120676588013312,-0.034584330302296955
0.001994976861117897,0.05044809771850979,-0.00655551950441824
0.0029141027707409303,0.04994049627659097,0.007107911251154339
0.0023283197954855547,0.05068424081635582,0.009534697177346374
0.0021043306211667987,0.05073347497569621,-0.0018833897573630365
0.0020464194931017637,0.05004901157294831,-0.01390646059939912
0.0025242251597052457,0.04922138144031339,0.034870559550759926
0.0023694940816248442,0.049348992601301336,0.07560198994297636
0.002904328435295546,0.0491237134369414,0.04144358815157547
0.0013928134179453382,0.04912800814183693,0.0249591976489144
0.001469822728043284,0.049538752720444536,0.04089122241302229
0.0013777194849066096,0.048840587186167496,0.07287500386067675
0.0020598809208958683,0.04984204235795359,0.03810650301667921
0.0021327066121319288,0.05012780228100314,-0.010796663594246306
0.002105977073566814,0.04880195779364012,0.0918542537419372
0.0016593483187827907,0.049993713033450043,0.05575959310403299
0.0022634624810068536,0.050494405059554284,-0.0016859421725288273
0.0025687138504985794,0.04960893072985881,0.03338146335213167
0.0021630042673829713,0.0500584688347072,-0.0020720542315323283
0.002085734382283758,0.05070015558030726,-0.005152101422217899
0.0025686996062491275,0.050584837826860816,0.026086174233848652
0.0025801757224780423,0.05027186373195639,-0.03237481744217586
0.0022154005795945574,0.050973358927252445,-0.027154944815261983
0.0021851194327427276,0.051105944310091835,-0.038831437887808906
0.002262458251288673,0.05058236922747549,-0.020285938583478685
0.002216964819741308,0.050861647678113374,-0.005972574152089003
0.0021491053901923204,0.050781928680397714,-0.030934461849179237
0.0027227370925015696,0.05055194076278983,-0.018445216873966143
0.0016886468132054201,0.050046455424804126,0.006867122019044693
0.00240504153943952,0.04964997391023212,0.025532067018285816
0.002444851710216264,0.050555967571875214,-0.0010734580183302195
0.0021870726157524945,0.05000881668557086,0.019719216146505323
0.0019237072017397664,0.049907087515209406,0.009972738150853725
0.002405174708372824,0.04963316083378987,0.014632148666899455
0.0025361933142668113,0.04994513456078535,0.0371374389201229
0.0024860205897927496,0.04995104854206745,0.000343478165814543
0.002025506449508412,0.04986075953267961,0.02056189321907072
0.0020638956104991864,0.0498269519105656,0.046892888895628274
0.0023326385588149957,0.05028309872689624,0.024817189493865476
0.0027980356633275777,0.05002951585043678,0.018860314975312743
0.00224834511578895,0.050610106604695136,0.008845839885614598
0.0026251387629632585,0.050093847916032753,0.02265906499349109
0.0026363339208547304,0.0500611152866199,0.044535044894401805
0.0028499866418753464,0.049963025845075795,0.025677119361877283
0.002042099285412947,0.049855339902958706,0.02238891585616685
0.002190600409358968,0.05006219451387372,-0.01886718382184036
0.0025266453243029006,0.04971410003447335,0.010306204880175706
0.0023984499544800197,0.05037898658588445,0.017590779693397052
0.002039545821500912,0.049690388736105824,0.011795605155912386
0.0026729764694262887,0.049593818680854836,0.028207902006091138
0.0023531314880983418,0.050626463970445686,0.0052492263140553885
0.002069737415802958,0.04953489825783706,0.05095050503608883
0.0024987380277510275,0.04971528725136311,0.034305927821057076
0.0025813590176302363,0.04970869750612668,0.0652778035895269
0.002235416163637301,0.04889217577046131,0.03147942157895381
0.0024149141339532016,0.04880379259697725,0.08512924252622228
0.0023855307571584985,0.04872248247399884,0.06634007028814559
0.0020483913448538353,0.049673659722076914,0.04206372809518213
0.0022924101760861183,0.04984054599417306,0.018130733521252888
0.0025734757267301374,0.05057287644975423,0.003950866446400056
0.002647433776586283,0.05029237417766472,-0.01208116251102493
0.0025181489068219543,0.05047304091620049,-0.01313939518629421
0.0026662790373489227,0.05052657146259892,-0.014797608835638047
0.0018862286593395083,0.050875601270897346,-0.030104867473045187
0.0018445337659808545,0.051372781103905425,-0.006669967085362327
0.0016031014988330259,0.049962801135863974,-0.023446997496248054
0.001693699962160394,0.049832777057006755,0.00016753302016501968
0.002399199768559798,0.04956365098256223,0.047867969264354944
0.0023512221217784866,0.049865322631685534,0.021787900312970152
0.002487677133603082,0.05006183320396356,-0.018713954625885758
0.0018734309086538396,0.05108208465576998,-0.020951614911229578
0.0026039060081530225,0.04907918265556685,0.0347041289311565
0.0023571683201711797,0.050463102283910856,0.0018845249849519235
0.002134608187112285,0.05020278618625953,-0.032352418180108575
0.002235414160474149,0.05072135342694349,0.008578253528812805
0.0030837905033694528,0.0500095788197789,0.0032105619773004222
0.0014840002627317158,0.050940755097261634,-0.029635232334274883
0.0024956505071776136,0.049961601834995845,0.0061405263672587255
0.002144713254066372,0.050256930765045484,0.013042509062528577
0.002455146039606184,0.05032250004545519,0.0032462858102061706
0.002585340361453737,0.049603257463565614,0.0420793670724276
0.0018098942761507132,0.05025118659384331,0.0048958512341118
0.002698728717060614,0.0513628972758713,-0.054240907442693866
0.002421480850005014,0.051430977003723996,-0.036969715274203986
0.0022169204622499365,0.05098111932454212,-0.04413599542082934
0.0016484551863697938,0.05171584549034819,-0.051459772595074456
0.0017043246097923508,0.051913437021565215,-0.07738295185966595
0.002285914705951207,0.05128577397250598,-0.10707042412530739
0.0019850548731274896,0.05130901445058098,0.002550792439099124
0.0023672004154981774,0.05060588203724021,-0.020209082561883696
0.0024814591117786173,0.050854180152042947,-0.03466384321843944
0.002109804523890508,0.04971692447815295,0.019795943028380527
0.001978841255227649,0.05004615038794496,0.03313332865365527
0.0021604772098888212,0.04985507753477352,0.027278059335501956
0.002022725243909826,0.050656605233659634,-0.004193423218347047
0.0018064119445223782,0.049380910576963206,0.0349691732373969
0.002029147708359462,0.05008997629446126,0.009723051965252383
0.0020825084291658017,0.05072987146567232,0.0013162020701678974
0.0020560683439977993,0.04945022015935611,-0.004327904009271442
0.0018650079642257462,0.050312343876673424,0.023417174672713734
0.002153584006545049,0.05025473880246484,-0.04400360193806302
0.002081865309208913,0.051520800359338405,-0.049591534672327464
0.001476885984921471,0.05130683870109493,-0.06565935721164703
0.0015605070486252569,0.05072119517545377,-0.004323430541195687
0.00257289497091041,0.05047788766851839,-0.029217115439924557
0.002147854369866544,0.04985216920917293,0.03130477643089008
0.0030878904879175725,0.05056411747213315,-0.01786949484210933
0.001502045958338739,0.05053317626987999,-0.018704538122046893
0.0015753486852717981,0.05030054448471175,-0.012918416471491653
0.0029615937234646673,0.05041565828201532,0.031670081630859076
0.002502603108260328,0.04994711304366833,-0.015782858292941553
0.002137895175957598,0.05022191616394875,0.021452681942706588
0.0017669913652530358,0.05022579860903909,0.01542598941459255
0.0016434244011954366,0.0496412370257876,0.01282572137873434
0.0027296250140233344,0.049034752294473335,0.02518650206593176
0.0026910353412107147,0.049484010442047026,0.0246428033575974
0.0018489409616189152,0.04991182377413842,0.029656014130208904
0.0020294948401787904,0.0501888152814162,0.016229207926566187
0.0022869575400975457,0.05003244029271922,-0.016814419254732885
0.002560108041987381,0.04909065486932033,0.07789320556604999
0.0028724497385401873,0.05024421289655047,0.006511890772367347
0.0017382402948605737,0.05027837196733473,0.02020307269907334
0.0018355727107504897,0.050283370205153784,0.024127113669638305
0.00165864314919679,0.050634849560036305,0.013072628910266082
0.0016122409716178613,0.0500952636659756,-0.0069539173716165635
0.0018717672998560095,0.05051513714939479,0.00449944728760549
0.0023278895401171477,0.050039590628868126,0.023545593631357793
0.00250139747274087,0.05013367667353165,-0.013375983201085503
0.0020526903663676366,0.050566169371660176,0.024751219336534364
0.001946086353978525,0.05007469877361695,0.003634152190922204
0.0022797704487106385,0.05015863812266872,0.0016510173136725205
0.002288634730344346,0.05028482682254199,0.010417610840711456
0.0018072479537685183,0.049962288333677864,0.021104443002875558
0.001999187965066074,0.04973288855835311,0.005277714244480432
0.002257688508238553,0.04955647268406195,0.021369954432020336
0.002064280646951076,0.050687894483765705,0.0015034220588253657
0.0020894976334367788,0.049960367787384656,-0.027182580867816893
0.002126418347916067,0.05022273699994948,-0.005722878529652295
0.0020673303047711146,0.04974244618260761,0.04339527076293387
0.002561548619668694,0.05017482571577061,-0.0037021325157919273
0.0026533235064685056,0.05054191551993828,-0.013807181477538162
0.0023282400157704996,0.05028392474047305,0.04344820734882408
0.002187831503876453,0.049826846402369306,0.015831818641312535
0.0022840508151003892,0.050236357349439716,0.002716331794657426
0.0020721550406876225,0.05102243482885285,0.009293732040030171
0.0019531426848351605,0.04999042411954136,-0.021613052331961348
0.0018242980613880698,0.05011811539251686,-0.0156118052417842
0.0021476761080098604,0.05010643498161162,0.03234872015838121
0.0020773836879667273,0.04980856279272076,0.019981990308666885
0.002513361079058636,0.05079783983953234,-0.02001144839469429
0.002612579162468475,0.05045162901250584,-0.03154563836409737
0.0024877011560756196,0.0504461115273114,-0.013759059599027875
0.0021035227718429164,0.04920801953545091,0.05770556862084081
0.001977094451742938,0.04835990688073794,0.10495846699517822
0.0021489902881923124,0.04787455443448332,0.07285700896691685
0.0019055903924184553,0.04861236251910073,0.09157317294829583
0.002068907838340005,0.04879158001777696,0.10136876925764704
0.0021012939181495128,0.05068096417345038,0.007154782222283196
0.0022459510636066568,0.04986450195929695,0.040430867068051136
0.0019393491338860923,0.049581977485666874,0.02093737181599721
0.0018533149244822202,0.049613769702386006,-0.006016737282721192
0.0019814461229848658,0.04997880036229311,0.040345276687073287
0.0020095596935515224,0.050457815837732095,-0.014539668626725677
0.0018587307695278681,0.049505416919756906,0.041762993519862124
0.002619931705736748,0.050434928727196474,0.010162048398891685
0.0024910053016932152,0.05046505762286544,0.00804170759260001
0.002433535273333717,0.04985248021244534,0.008616098347420609
0.002145542291847678,0.05003786787154582,-0.0007595774571473115
0.002201021302375746,0.04929576701652496,0.04985824738026104
0.002420906173293063,0.05108434465472922,-0.03715514870112392
0.002080388175148629,0.05082661672938865,-0.042067385236502844
0.0020301784348977533,0.05077807866024739,-0.04105168802650128
0.002884763561527023,0.0497432814538849,0.07226136679596383
0.0020787334644604837,0.05019144858311917,-0.02143348701612449
0.0020274775810762667,0.05068947869929985,-0.0008303496330803924
0.002004823716510081,0.0508182860976816,0.007192876630008854
0.001422810231674177,0.050187717722959324,-0.01420149830364641
0.0015045247305295877,0.050330011244651966,-0.0411229746561332
0.0014094545893984934,0.0497433194468203,0.06133597907115129
0.001620869665890734,0.04900134716817446,0.02975543555160633
0.0016997979173842658,0.04925847800915386,0.011043824350682586
0.0017265633508796896,0.049749824434621545,-0.0014999924933531716
0.002018195657212073,0.050496342637972653,-0.014484919571444217
0.0023624843186548544,0.04959305589419004,0.022929443121136227
0.002267401192637357,0.050226142487217317,0.031213983319212456
0.002211558122574783,0.05049287690066745,0.026092003406121122
0.0023675138313431457,0.050757395700269804,0.015373913427347799
0.0026409306769416777,0.05028664494309364,-0.0011468788201547087
0.002045726635072714,0.050220106262309175,-0.007339616339923449
0.0023075048802406453,0.049957652023930425,0.04858441619006757
0.002772668466424471,0.04949720516651614,0.002726937757385563
0.0025268916546627523,0.05006623272787347,0.012539273167688852
0.002667502854560699,0.050777217545498854,0.013891098098500218
0.002219874479292611,0.04910060646702711,0.03656086779013473
0.002219874479292611,0.04910060646702711,0.03656086779013473
0.002707921183435141,0.05061314267636607,-0.01246654176896142
0.002275312778344322,0.05046879423861171,-0.039611495750831636
0.00217058633201349,0.050549440613005106,0.014302114592816271
0.0024237849801451413,0.05054273212002528,-0.05204843012763915
0.002455955883544361,0.04975096603919531,0.031327071331200974
0.002155538214910009,0.049941513387820234,0.019318194782542743
0.002102132161388868,0.05057376786580441,-0.02805907937348856
0.002071833913840237,0.05055645937749502,-0.026151045511788526
0.0020104519584425427,0.051129570661074666,-0.027165499790215094
0.002081336285862793,0.050928716831324244,-0.037319099258637405
0.001986115533170151,0.050046763659831656,0.01083664456784722
0.0021977854104587584,0.050277047571489195,-0.0052835295095561285
0.0022644764352984753,0.0506892910160334,0.026654332250072462
0.0024699549378128503,0.05067941487115335,0.01291452529063536
0.0024699549378128503,0.05067941487115335,0.01291452529063536
0.0025404817613069904,0.05032482494248754,0.014107159950181655
0.002050795945543063,0.050569996455394714,-0.00047177686761535616
0.002084217545461872,0.05069897534224291,-0.03147064294047624
0.0026978261286921966,0.04990878980409531,0.03132054956737309
0.0022572739933800767,0.0498802833263636,0.029166248423537464
0.0022469928005221127,0.04985499154746879,-0.01126609728588026
0.0022947372026228484,0.05018318135703348,-0.0045282340871925075
0.00255096247087064,0.04980056716063934,0.01663775556279799
0.002211832002979467,0.049951856833414875,0.019909934365639835
0.0020433680878204435,0.049342965045150185,-0.0020420717500188707
0.0029233365983511155,0.05061046335854238,-0.020841168909502543
0.002723668487765504,0.050766560337351906,-0.011643960516524372
0.002612681993707048,0.050525544260659264,0.004594428581421397
0.0016338481846320295,0.05149617425983352,-0.053398641049033926
0.0026399048750743986,0.050130934166871303,-0.005206479758779415
0.0023657680956488845,0.04864093911262463,0.052882919955813595
0.0017264307155838443,0.049185589051342876,0.03453615761678539
0.0018915441940784298,0.04969018883235874,0.04071935905504661
0.00214942566503447,0.04976742702882769,0.004986481261792332
0.0020161173476836406,0.05034515838638769,0.027417154808347326
0.0020412443434217995,0.0504003641492451,0.021141015046682796
0.0027354639441342513,0.05016737306863799,0.0010525378741512773
0.002670251979315169,0.04992837456919815,0.0023257779562237675
0.002625508732556576,0.05002685880149633,0.03115119700070646
0.002368574902701283,0.050088277404034605,0.04387793023832638
0.002340929869405468,0.049857005743769424,0.042876120071530965
0.0021852772193565262,0.04937634447002962,0.007719029981015996
0.002155858627165177,0.049861292499677544,0.032339782676065895
0.0023495637890736335,0.050196592755270095,0.024230809624952453
0.002290594019187208,0.05013346063628564,-0.020091340048086482
0.002288546940571535,0.04953497021879578,0.0610373851290719
0.0019093780590441255,0.05045718753923266,0.015544660219899212
0.0018115743850999064,0.05014784596315546,0.009321906139981061
0.001979131199997074,0.049825497021692894,0.01815071584580149
0.0019757523151052066,0.05025604393282494,0.0038288549869219647
0.0024206531043973376,0.05047290245486805,-0.018163795857282873
0.0028445039072794625,0.05062247913425548,-0.019806960143634283
0.0019806780042355876,0.05093724723319566,-0.042226980435270976
0.0019223376716288182,0.0511919364569459,-0.025242408144247847
0.0019066148963930237,0.05052959157391813,-0.024806759641109923
0.0028079566941888777,0.049915817003794334,0.008673973215316674
0.002324491874080059,0.050549658433329675,0.01181867934006335
0.002351115313745183,0.050456581212337114,-0.01968581223233695
0.0025636581417346174,0.05070551186042432,0.005139607487328983
0.0025156929057368726,0.05058773571757553,-0.008475838893015371
0.002275810619720548,0.04952049230568409,0.019737148663492982
0.0020995737239239594,0.04962163924221996,0.03300248228984263
0.0028002996650022334,0.049733866687539575,0.03533152561624507
0.002473725628055189,0.04942656164720996,0.009817624086013263
0.0024264304982489077,0.05039159867414772,0.02790882502201037
0.002742796190710693,0.049833915717067405,-0.011626759301845644
0.002742796190710693,0.049833915717067405,-0.011626759301845644
0.002145016672117534,0.05025837511887692,0.01915794187597399
0.002043559051439336,0.04969839220389524,0.01859923626478758
0.0025740731856227815,0.050929693234275535,-0.03354948283168758
0.00227421135942161,0.050884477249502555,-0.04110288145616332
0.0018626337855128766,0.05114759639154514,-0.038969019224142976
0.002643462490907215,0.049148227724923485,0.06742789882455044
0.002506661330673199,0.049413754553604125,0.047780504109879524
0.0019131063445089235,0.04884294354353828,0.06392040183025233
0.001916922639065403,0.049126424369825825,0.05501445692184592
0.002551958439729946,0.049032407477872804,0.07129612352479797
0.0024375091132908377,0.049030717432948276,0.06828037210830978
0.0025002865077793984,0.04959399577199012,0.019898730205394545
0.0022696396552488525,0.05001963772412403,0.02807289051657863
0.0025546282039268257,0.050058859565697264,0.050862384445001366
0.0024739604621862358,0.04977967763849763,0.03709705680791271
0.002273307609060996,0.04971669084301028,0.06047142140328859
0.002786277393901357,0.05001065753740094,0.00985349633424315
0.002786277393901357,0.05001065753740094,0.00985349633424315
0.0028467364387640207,0.05000063780035243,0.054292296909876275
0.002572161763579877,0.05042434504150257,0.0302391805259657
0.0023634484509695536,0.04980863120403053,0.011894553658067589
0.0020283976779151285,0.04955683657759861,0.020894954980473276
0.0014577820458598935,0.04956354076179587,0.05474744697189754
0.0013887934000899613,0.04935613736530906,0.05696122407013764
0.0019753247503605537,0.04933317323103293,0.04496739736498071
0.002569312962106297,0.05061686820188726,-0.015505478676910081
0.0025810266458676945,0.05066950953291969,0.00335212062991976
0.0018591174579948647,0.04921453306686742,0.042167147831393186
0.0027380918540592853,0.05052937814049941,-0.014157338764996832
0.002026493815086966,0.05020936719025952,0.018604035661063775
0.0023122248879816516,0.05059446973111356,-0.037936195820917805
0.001914290517894673,0.050325996319417365,-0.0004305273269325698
0.00227818801968417,0.04982749977743716,0.010658638488074045
0.002265964674918105,0.050131552616226246,-0.0028032637034654407
0.0023545797731989435,0.050364933231240624,-0.022585526871577912
0.0025620772035089053,0.04970101760970979,0.035281791642644285
0.0026486870369241524,0.0496120150846434,0.03353395139068716
0.002406010210733858,0.04991160593364243,0.043004536767815814
0.002501557783925223,0.049890526582293225,0.02306945768391099
0.0023464060282197123,0.05008786813087462,0.019034920421897403
0.0023501690496829293,0.04987986473216168,0.03307528544548089
0.0023838933370211117,0.0503894928492589,-0.005872241056702791
0.0027214053793551377,0.04998252738417584,0.0008718939998993022
0.0028177992256610824,0.05041098220866845,0.011208325224334357
0.0024362319393505623,0.05054676909022427,-0.017670197847049506
0.0026344731976868166,0.0505862114843852,-0.013469106201277732
0.0027056148198064674,0.05026609470465725,0.00498960737593285
0.0020787003249442674,0.050457942738651625,0.015346530326847189
0.0021806837447628596,0.050462511627524055,0.013819990210543278
0.0021948761435223872,0.05089923289095931,-0.021247810134207658
0.0021151693176117473,0.04945716753708572,0.030001958433366692
0.002239813334699805,0.05041549347995393,0.006692423082623926
0.002883367466099844,0.049778372154195664,0.006938631172662967
0.002095334989967859,0.05003111359103545,0.04732300271268122
0.002698689190274238,0.04988649223547629,0.037942827151197456
0.0027257790431293007,0.05051855598133031,0.014933870081808215
0.002488610018812963,0.04974674287362615,0.03056184321970574
0.002566197359356499,0.04991143679583815,0.041330950588239476
0.002307263892348426,0.049253279579632964,0.025160726700514224
0.002277377930290807,0.04971384941460538,0.03523652933395666
0.0025644356963422143,0.049665692929299066,0.0365549990343764
0.0024624222826258053,0.04950024020597054,0.03517409151061854
0.002072144822264927,0.04907948954339493,0.03677370769509867
0.0024419606522682025,0.05021101362234847,0.01709873845480341
0.0021683575043646344,0.0493178849223177,0.02725354858752189
0.0020512572295851364,0.04916638065807354,0.017967014638693577
0.0024351101950581527,0.04956524555071435,0.03347846572205743
0.002362269643473307,0.049033295773779385,0.026888218111458098
0.0022227046106886084,0.05052010900936905,0.010204711775632518
0.002039070826193524,0.05037304206880427,0.013234440665807345
0.0024128180298044746,0.050366109303566796,-0.011944928577408176
0.0023287326509413946,0.04937045790084453,0.03969706203597859
0.002389424516371445,0.050775386434947,-0.03181803706714371
0.0025540863420434614,0.05040153226899396,-0.019149074681381967
0.0023846825189946966,0.05027302328739761,0.002179569066512021
0.002782559503193296,0.04973833831176198,0.014215543144616299
0.0028201818184369703,0.049848840979623305,0.04034971037724761
0.0017212078443481073,0.04930417658280263,0.051905911786590125
0.0019176581500884714,0.04843009819789884,0.11182871060462903
0.0016542923379429765,0.04863371267938423,0.08167845553217701
0.0018010686299228956,0.04799225191858376,0.0924685467596532
0.002026488921764237,0.04761939094964141,0.068028775132726
0.0020860910933117854,0.04806918433063888,0.1291268606388258
0.002184153203801016,0.04804468065231021,0.12705877504817314
0.002038031397421525,0.04729589293680188,0.12561235053779646
0.002038031397421525,0.04729589293680188,0.12561235053779646
0.0016826612547798938,0.04960476765918509,0.0512122390186958
0.0018453802219375386,0.04878988281973811,0.04705902613075314
0.0018347759660833098,0.048455191759439104,0.04673559440713501
0.0020682552743223202,0.050632037519235305,0.022907926060883856
0.0021799917748597446,0.04852415282756633,0.054620890966394726
0.001860903031059179,0.049059559273019415,0.08279053227433528
0.001844603786740453,0.04907148440704038,0.04802044148071178
0.002602793559513461,0.04908026583638352,0.08359567785192035
0.002400361441239283,0.04904819576001408,0.035053423256341365
0.001637604868433234,0.04911815091959854,0.03164184219811048
0.001711125473834222,0.049423037252153794,0.03129433488845735
0.0018049401845836044,0.04947334770172073,0.011905362525898485
0.0025820118697110713,0.050210279697500186,-0.00877749838955238
0.00238205924414204,0.05006086953883677,0.008406507455655365
0.002007541814406701,0.04972252826470608,0.0027554413072316485
0.0020047615369072347,0.05009756059886119,0.007916679356470488
0.001492857251562405,0.051561985389932743,-0.04036470841367707
0.0029435871774426726,0.049348204614379956,0.059476323382386696
0.0014864475281302705,0.04981496719264855,0.006915289155476218
0.002687164010530992,0.05091891806960108,-0.041503644309586515
0.0028190808551385275,0.05050082089243078,-0.017154356116784838
0.0016384601128463362,0.050706796324280594,-0.031693897312021935
0.00289607042184434,0.05011914518922228,0.006387915358049314
0.0019515766930171105,0.050431876422077936,-0.0037648176500290178
0.0018003009171847014,0.05116837378136018,-0.007893017645251852
0.0017623180342789364,0.0511897674905574,-0.008488501249878669
0.0019348455240862368,0.05091346566566443,0.019652142822139885
0.00168124745590771,0.050089794008672486,-0.00030708834131569376
0.0020844827416686175,0.04906910818658316,0.050037492030468825
0.002052604525564777,0.049168715067820744,0.07282794871368249
0.002078433387104942,0.04862712128767188,0.06324786066353881
0.002387854972786754,0.04871880412588284,0.09743180161897488
0.0019418410777215349,0.048539085827552654,0.06653648147144454
0.0020189685349576493,0.052784999657979184,-0.07258170818165796
0.0019336669123364016,0.04935534270454637,-0.003827990294956715
0.0021493221522980313,0.04961253415566345,-0.004331192734487008
0.002591769269181796,0.05060804909525249,0.02480897784283122
0.0017345676703652902,0.0504952486533528,-0.05981271023448735
0.0016592233622409443,0.052035427090725186,-0.04758425378022014
0.0018733534236741692,0.050902019351063525,-0.03401541689157027
0.0027045072383451974,0.04928158848602432,0.04372048335311736
0.0020394167081509156,0.0494765854140786,0.036975177481239
0.002006685889427715,0.04980710295349478,0.023925250471257594
0.002615403905288069,0.05096441039330562,-0.03616183304732191
0.002451886045077016,0.050814153198692966,-0.015402214288849542
0.002716943571202712,0.0502956261164178,-0.0065516592123829355
0.0025659808724809905,0.05022493103847423,0.015440304366055833
0.002227160372191297,0.049974204215076354,0.0025189103364011574
0.002193419245317639,0.0499773635953703,0.025717378624167047
0.002018603047664054,0.04967664968202714,0.05801353817210891
0.002490387333105651,0.04943754621860841,0.03210859185724828
0.0024508137675734103,0.05065972190231752,-0.01924476109742897
0.0019771490998506712,0.050060644099653766,-0.0031720479606918736
0.002641983405941832,0.05027067675070503,-0.004996830386741173
0.0022645402556821215,0.049125358291653654,0.06440922345288275
0.0024076243835035975,0.04917307539332691,0.06813000252809528
0.002231882324416989,0.04943990178111616,0.04827992510376723
0.0024341560794780338,0.050167727494470356,0.003944140262416155
0.0022799528313661257,0.050587683856874344,0.034461405232413186
0.002345071676416429,0.04892635453561147,0.037948156337480624
0.0022348343954993904,0.050406398713757704,0.00986267030826309
0.0022389854778517007,0.05100227484671827,-0.013781578312466835
0.0020368805357345713,0.05025351428023995,-0.029992270760556893
0.0025998248689131573,0.04959522591205041,0.014411272764201672
0.002948984416930512,0.05009589801259314,0.05439614696080852
0.002936557464645259,0.05004393886339316,0.04613878612491713
0.0025931306524409783,0.05006623591665259,0.023865459433929977
0.0022373457375337562,0.05058059156096236,-0.007639805927103791
0.0022954656869709463,0.05071174132608498,0.009502417200432605
0.0021586828762728276,0.049386079196800554,0.00980003974640546
0.0024594455514968393,0.05027157275031622,0.023288489757248888
0.002177629869904703,0.05107105336765007,-0.025964947323966592
0.0018657350799126577,0.04891899481730964,0.0482528641218022
0.0018069055342406345,0.04958031765193911,0.00842054744508695
0.0016301006420669877,0.05078270516256487,0.0027697075309861528
0.001632373086251568,0.049497622364873324,0.004122312499912639
0.002444553437856237,0.049077624944469385,0.05486867441808567
0.002554040012139423,0.04927633051467479,0.0572911873920627
0.0018387442927447694,0.05038441749836187,-0.01149013622168427
0.0018788306145929023,0.0500037931464617,0.017489325153268516
0.0023225442716739504,0.049566347257594554,0.04338574027867714
0.0028187061578820926,0.04959908806956538,0.025171222953611846
0.0021731567715399655,0.04985038515986998,0.03500770489987443
0.0021829675862181895,0.0499256832481755,0.045943222754295
0.0022966310965248315,0.04963546982508702,0.012916104958628678
0.0022966310965248315,0.04963546982508702,0.012916104958628678
0.002426386754346567,0.05006528470562403,0.04656419365827153
0.0020133102377386013,0.049208622063403706,0.011317020541307059
0.0021674538167449713,0.049700344668204645,0.04695354525951836
0.0021447578457156075,0.049837661428422136,0.012749653285509779
0.002283195324508845,0.05003221564446562,-0.0017520783970151825
0.002500294584405272,0.050134401558713036,0.011952171420769885
0.0027559212306383033,0.05020242464059741,0.002964854077692638
0.0018031953635284292,0.04923165906390103,0.028371725099615067
0.0020866898964372878,0.04943375392104324,0.032475456161392115
0.002571815486132378,0.050435283685296345,-0.017346045544817022
0.002176667647590839,0.05009566488136797,0.002447662746830044
0.0024272703062582055,0.049567729586812485,0.014528502486782486
0.0025038434880734223,0.05002041889764034,0.011350693831052472
0.0024581053604787444,0.0496400534281682,0.04515751338535016
0.0022784009243331503,0.048983546496450384,0.07230275943945226
0.0021877129246183212,0.048952247913659645,0.07249231710441657
0.002262485061883073,0.051216817453777194,-0.04284483898049639
0.0019203782174985885,0.04994124615736083,0.023614761554156784
0.00191047512759632,0.04969568405772343,0.03043907919816519
0.002208740169220321,0.049237768519602036,0.06892145672906635
0.00232973880648957,0.05033590186830405,-0.03287062405817887
0.0021967163112143755,0.049575244911384,0.008079142280221734
0.0021194759519207918,0.05033886046945288,0.014028095739465299
0.0026744018134422587,0.049945000194169066,0.0038739691716016484
0.002580445596682781,0.04993952557737573,0.025477026379334806
0.0019796362141026747,0.04896313909315645,0.06518595766273871
0.0024823235830473207,0.050461090980668664,0.024718079222394607
0.002235632681345828,0.04985412731608844,-0.00926584948795834
0.002284322278920452,0.050812583227264,0.010103538720371294
0.001636561161775319,0.05019084667981834,0.025621330189017806
0.0021774656184170415,0.05041534659042913,0.012184003544726811
0.001992848063174978,0.049157049305771444,0.03189537898612241
0.0020790943515574534,0.04911788161356388,0.03890056959593325
0.0017500465750659008,0.04908980416169296,0.07630181814690325
0.0018480146871294877,0.04929006967356024,0.01924265875905982
0.0017511532761239912,0.050584867201310016,0.003810051081617841
0.0020586852652245895,0.0499212534554818,0.02014426670458783
0.00235429221401006,0.049364503690305525,0.024534311267442675
0.0025357156997865833,0.050227549988939246,0.06261735012578878
0.002419685459854973,0.04967443835721567,0.031878666950567756
0.0020263586697995876,0.04901918432564065,0.061972713139819315
0.001846171599881452,0.04885058670970927,0.06123275983972419
0.0025753221850060553,0.050163203173103424,0.01461653150093817
0.0024153325541913656,0.04946226776929705,0.013316998407767676
0.0025879075263834828,0.05018252129723969,0.029387142522683193
0.001964261360300215,0.051140482841971625,-0.03862795001993534
0.0019316812403974487,0.05095635239830694,-0.08263011355818059
0.0019343044121176616,0.05108898871766104,-0.07549158017422827
0.0024245169785239483,0.05011846678870235,0.007046146396097735
0.002129853978305122,0.05030758986710404,0.016966026693898177
0.0021526787509901077,0.050092112021714305,0.035589443755857465
0.0021979157252094,0.05013104198877546,0.0032089391605810225
0.0019128951149528185,0.05015222983624966,-0.01408210151216908
0.00206570130658201,0.05071852265596147,-0.025602531994063257
0.0024786785541607154,0.05096942889140766,0.0041973714641266625
0.002795842888163344,0.05034210538946207,-0.014851566916867441
0.0016044467274128709,0.050421484944731226,0.0065143556449966285
0.0015800917618953002,0.05050081782333895,0.011323295042178515
0.0022342792179818405,0.05043106810088992,-0.009886588676967765
0.002304671948026619,0.04984749078705673,0.005920603109864542
0.0027789968911056885,0.04919712030638962,0.07720880213734609
0.001488658566255202,0.05057392919460573,0.005582471698207629
0.002709958672600924,0.05072003648513561,-0.020287642986964075
0.0019268010230692452,0.05112694577267115,0.004582897449501551
0.002179489068680237,0.05059958992317445,-0.027959300423681055
0.002394033294408219,0.049828233469054295,0.04564413728175851
0.00246367537699084,0.049424309490570396,0.03873393691151322
0.0022982732865043107,0.05075486013948731,-0.03471353726998021
0.0020795906136983583,0.05083372932707149,-0.01786394209640245
0.002441504436048292,0.05023403039948746,0.02193198344271042
0.002424855728986306,0.05023335312924592,-0.009325514016867193
0.002261724230259274,0.050587723434646355,-0.010679883861673685
0.0017529770230107773,0.050550264470810624,0.009775756175514344
0.0018988719881355735,0.04890263441940611,0.039376437804930005
0.0021844056177674495,0.05075451515949912,-0.001629768673054901
0.002776715109125147,0.04999188259934418,-0.016659919336244056
0.0026163889374887267,0.05079923102927704,0.01566355002175636
0.0029087996954305015,0.051127358171073764,-0.06906314001507466
0.002093518532353077,0.051237807607110254,-0.02290881419723999
0.00206217934070952,0.05022803423840444,-0.0066456492219138345
0.00164881215763175,0.050401123333354524,-0.0025446409046292833
0.0015819822331053011,0.04958515891906055,0.033058325537212385
0.0021277845779037624,0.049257788295123645,0.039491683641466144
0.0021299518223257615,0.05049734400194361,-0.03113951081817015
0.0025061693877004476,0.04913999750104094,0.054656872931224794
0.0024893226589869613,0.04947569735848233,0.03433185954632308
0.0023244316611278635,0.0506386770838094,-0.007374267407008058
0.0023275567770872814,0.049859299032292394,0.03981515290502586
0.0024322425932864276,0.05017828390922891,-0.011054811869519548
0.00251734340373598,0.05051031146694808,-0.006256110854758469
0.002051583370717089,0.050756697096334,-0.026795701407824297
0.0028623877640182836,0.04995829446038225,0.010167086780299463
0.0028623877640182836,0.04995829446038225,0.010167086780299463
0.0028623877640182836,0.04995829446038225,0.010167086780299463
0.0019212470187683433,0.05064770078206301,-0.030319052470546372
0.001992307697123001,0.05005734007304295,0.014421537121393397
0.002161025686087097,0.049331134625706693,-0.009214231544874042
0.0024876918356000173,0.05094259067827869,0.005505647670048954
0.0023094812996893813,0.05105436239342515,-0.08422220685193717
0.0022214901100734916,0.05177243936041436,-0.07368180469658503
0.002477037324942558,0.05148934291347635,-0.07601437013693238
0.002006116837225845,0.049852297566267335,0.03471510245375118
0.0021048728397894717,0.050947074152351376,-0.05505558958074237
0.0028582816920299774,0.04907114274507866,0.06306798459692964
0.0025702192696772422,0.049483995945819606,0.06018540711116137
0.0018838798669908298,0.050433127954120464,0.011040703966032992
0.002125008906122488,0.04959831570742968,-0.012651029917473218
0.0019790471320925403,0.05011213543094103,0.010190456135546758
0.002128564727275894,0.0501863950269943,-4.099386976117987e-05
0.0020842914188034917,0.04974462294440555,0.013790562367797493
0.0022848837197615435,0.04917402621699765,0.03841171965844303
0.0023373517747311574,0.04920486096272307,0.06992898048154375
0.0022716012556405697,0.047092731390883595,0.1350396419302584
0.0016519917570223337,0.04792781531061926,0.1113363020068648
0.0015549279334475528,0.04824692311884438,0.1206545498083386
0.0019958179319439096,0.04763745686696618,0.1032504935476909
0.0019550002921488226,0.05013413576019638,-0.01446753751637634
0.0020644133032189584,0.05060368468959388,0.024853787645083215
0.001981124316585842,0.048481448448605344,0.12213383087854372
0.0019998808832188443,0.04754753748252824,0.09012411801939811
0.002209591825943402,0.04883135343414608,0.04804832376580963
0.0022298678129906557,0.04862959692902941,0.04475745604749642
0.0025530226158237634,0.04938467968205466,0.07740103278622286
0.002574619284086245,0.049437666060022215,0.06736597994436119
0.0026829360805358617,0.04906642485034677,0.05683484711654746
0.002670891251811812,0.04927025434359434,0.011358694472760021
0.002479662163465681,0.049434908985034956,0.03906008038567119
0.0021881510281563706,0.05050766819022652,-0.024203266673214145
0.0022745138417988088,0.05121943067165638,-0.043396964312331324
0.0019495919271046679,0.04913883559593436,0.0500788495277069
0.0021190533464444266,0.049030030563707104,0.061366330559006
0.002230964659576625,0.04980397886634263,0.03805579939395588
0.001886439786392078,0.048779841834633804,0.05049398400645408
0.0017911651299706032,0.04845431848470295,0.07146802983813134
0.0018163932808021679,0.04850333013407454,0.0661439866085624
0.0018809625800749717,0.049637808951328306,0.0447548317980457
0.002342084956496132,0.04924920085540651,0.05005065895868357
0.002483940176345804,0.04916157455766568,0.07486587287902247
0.0018269886324858789,0.04859401833456526,0.0688965301541599
0.0027795706436925765,0.051284348450632254,-0.05350009540015044
0.0016187687634680956,0.04994806402468225,0.02096572690443278
0.00279966112896456,0.05016926922096776,0.05465086181469894
0.001512753464853604,0.048667589508032995,0.028501859858268887
0.0017193314264813903,0.04829419441676737,0.04207464955731038
0.0015781480859488053,0.04912593729048813,0.08381051876091586
0.0022950875488702035,0.04852610478577337,0.10180813363095946
0.0016639734901515073,0.04916747037623025,0.04396165174017571
0.0026502143131009,0.05043333429890434,0.006560265061337192
0.002138132199362051,0.0483169170400673,0.09516177220065467
0.002138132199362051,0.0483169170400673,0.09516177220065467
0.0024656942781943734,0.047642140679921716,0.10068806730666213
0.0019776240162494864,0.05054745399854708,-0.01919883915029511
0.0020796280765965724,0.05033666549057173,-0.029020100269888972
0.0020149747281180764,0.05056781558659684,0.012733933256646018
0.002040829614154872,0.050708012150342055,0.014334278151545234
0.00252043700842594,0.04970796860314729,-0.001388398561067868
0.0027316541183411433,0.04993026530941094,0.0459405067545932
0.0021513148727724868,0.04874899349343159,0.03379347090505697
0.0022293281648243877,0.05101241759434172,-0.04348954702319262
0.0016450973925606477,0.050167780023416035,0.023743183911857372
0.0021085033139665445,0.05030969583594124,-0.02776748755929494
0.002068241732774314,0.05089473841803576,-0.029981043941797486
0.0026768656250447855,0.05019297873734128,0.01533903458470892
0.0018517528485112323,0.05029857759384111,-0.022946893635738333
0.0018599478092279334,0.05003655985639867,0.025954089083988365
0.0023639587490150026,0.04941230533710724,0.023687977688534298
0.0024685016288119757,0.049910763329948274,0.027258816800623618
0.0022269071626127286,0.050716902599874325,-0.02169407063038462
0.002209332313711159,0.049577131213896966,0.04331312671364625
0.0025264962484809928,0.049413584532128886,0.043346986941924306
0.0023403281185650623,0.0497727762410658,0.02560410501288274
0.002315605607512861,0.05005282997117541,0.007164630909799533
0.002828549374744326,0.049851011012168295,0.018428885220964173
0.002118377633809719,0.05019385978768491,0.012956884361840181
0.0021387246014377323,0.05067121010496104,0.020136152546941854
0.002186246107061438,0.04995929185237542,0.02116896075069851
0.0022011900236025136,0.04999222937993428,-0.03903574905964387
0.0021945920857152695,0.05022263038734119,-0.031782195017092695
0.0021948341265637843,0.04999713076956693,0.03648843991170966
0.002047048038461454,0.04926424614903406,0.009052073172933457
0.0020599365001110885,0.05018032155872001,0.024599187098092053
0.0021267827494085277,0.05015148701676962,0.013802593315783316
0.0020868333141472076,0.05015155375790179,-0.011471776134663766
0.0022136282581501202,0.050349208084953315,-0.007915604041325859
0.0018628398916304995,0.05026558152008012,0.0017145340293025766
0.0018160740750387545,0.049896269654348964,-0.04793732666252986
0.0018288992647614887,0.050219939384890874,0.016633831451062554
0.003281914662794798,0.05008223214398581,0.006240905773633833
0.0024529675691915844,0.05012774789356776,0.015333916286622794
0.0023575312167699873,0.04945917131531963,0.04908876923717246
0.002202525363200324,0.0500529797917456,0.07845410882997328
0.0018936221112660927,0.052335163732020386,-0.03805655512449406
0.002014138031126493,0.050580671605286086,-0.007773253465542165
0.0020504364429111146,0.050372656779891826,-0.010070730289052896
0.002059851327289509,0.050649559403245725,-0.03484520590705859
0.002643143992504805,0.049809783149153,0.017585838305059494
0.002596020173049518,0.0500804677044617,0.016755815533485787
0.002580757249329212,0.05132451819881629,-0.010036062231580602
0.0016333755861876959,0.04926988713773857,0.05868762534148777
0.002357509797750565,0.048246931520748604,0.12667943243090524
0.0015773252704866195,0.047798021208979635,0.06727288981933788
0.0015721431798773632,0.04794307123247963,0.051331713285046356
0.0017306519073887585,0.0483600858145842,0.05635039800859709
0.0025726062717918133,0.04934606541574911,0.027731837103309166
0.00265051379032025,0.05010960943346873,0.052552712808635764
0.0023755285736186725,0.04984022781128608,-0.005293098886303834
0.0027692801860246226,0.05075894589746856,0.01942968328420059
0.0027692801860246226,0.05075894589746856,0.01942968328420059
0.0024936905653354735,0.049825430237309606,-0.0020814877562086607
0.00242351886950201,0.049464424923217974,0.022289959999642204
0.0022410695061523323,0.049706455272048006,0.03681724741658719
0.002163631237332913,0.05038385212616312,-0.009603144318207692
0.0020655210116147615,0.05052925061945627,0.0028692151718488247
0.0019964347046636634,0.05001125683047474,0.010524550556959627
0.002861682683302109,0.051051167423234,-0.005230014309666863
0.002736980844627868,0.05034911325656663,-0.017789378622425234
0.002316836749226984,0.05134662492054105,-0.019736186177176703
0.002260579757241372,0.05049150909456066,-0.01310899527775349
0.0021753018348822225,0.051053601996852924,-0.04187150810554316
0.0023092229089854014,0.050144539920799605,-0.03557992190248279
0.002169707953793635,0.050824221108551886,-0.007299521721108063
0.002126400096322765,0.050769155982157664,-0.0038615140140406544
0.002096125456594824,0.05023719675802291,0.0029755349601230216
0.0024197087638587983,0.04990082654976983,0.023661253083854063
0.002588864918171475,0.05033973482929563,-0.00959757678001028
0.0022172152656581585,0.0497014696316583,0.04965073931378447
0.002126822575122782,0.050417938762610776,-0.027476098875325854
0.0026106503768297306,0.04992458473943717,0.03241998690144895
0.002058663516614733,0.051725581140776675,-0.053231881516180385
0.002483919409121044,0.05207818363804643,-0.05171455978044438
0.002485625827733745,0.0519059878501615,-0.060532438552382106
0.0018651734473067489,0.05076546174441118,-0.04652438005973935
0.003054830731380556,0.04957400856586658,0.04246448069360732
0.0024943944537867578,0.0501057303803766,0.01822921636122038
0.002436650185226035,0.04944298229270102,0.030397578417568318
0.0021088631168532696,0.04950015233272205,0.03290799535402579
0.002660721282486921,0.04983105307103861,0.06900694087479776
0.002592756544654769,0.049968444566574656,0.07929866640215015
0.002004705305359394,0.048621019164196935,0.05836534896602212
0.0021514453786975617,0.05012414812592896,-0.006046520421947124
0.0023313691566515062,0.050658754321922475,0.025565567139115238
0.0022246751710832536,0.0501214292196892,-0.003964849327294353
0.0024565099794153214,0.04926471393299291,0.049253940461194426
0.0021261679547405266,0.04967900805118428,0.057154188919376216
0.002086171204801537,0.049899453577693466,0.0671345185281325
0.0025773274999724583,0.04986025835971538,0.00419201902614942
0.0023320912509878075,0.050188253530054884,0.03772286469941093
0.002236655392872844,0.05015194715098109,0.024745579541974372
0.0019707954344967884,0.05006767602033217,-0.011265649420105025
0.0026836407262902234,0.050153731429496896,0.0023358440377486047
0.0021738998658237204,0.05083419490427242,-0.0007016818440280658
0.002245824870482344,0.04995477770735295,0.04535804626300744
0.002547133768904094,0.04974245623665705,0.008746382172377684
0.002691201267503333,0.04960688021398177,0.006684219574827012
0.0024162235878584775,0.05069452876414309,0.0018327177728246647
0.002755474309158544,0.050701768241684084,-0.021360136519671464
0.00261153914299467,0.050884849076255685,-0.004382835665465296
0.002172571695981084,0.0493975229693357,0.01364907254110429
0.001978649894335453,0.050149352788679845,0.00134737218547831
0.0018802948132617047,0.04935201579087543,0.04429824117836249
0.002308491696961498,0.05037410862612375,0.011277599430063798
0.002877903295437522,0.04974332443493952,0.020600521557326765
0.00248703654315932,0.05058856329363181,0.015006711499433913
0.0024126942881192532,0.049916419176481965,0.02231825589454263
0.0019559324706862596,0.04966239286820979,0.04717291882777665
0.0023345902057025107,0.0493821461883974,0.04943743507725944
0.0023422475395846916,0.05043986258172752,-0.0040798223887725015
0.0023095732961219977,0.05049022987970815,-0.006247762812163906
0.0023095732961219977,0.05049022987970815,-0.006247762812163906
0.0025192052420710404,0.05016355533791881,0.03174091368854138
0.0026320752415786427,0.049593465443060585,0.014239302516145172
0.002624902909919621,0.049521967708058896,0.007899982244767371
0.002559257617390531,0.05047621539412753,0.02345776132629343
0.0018091030378491997,0.050570448797320845,-0.048695009421979976
0.0030904187044618545,0.05033017681848582,0.026080880094996272
0.0025395743923191266,0.05026109499435217,-0.007325503143799617
0.0020685365850189176,0.050040514628401776,0.008596994876602959
0.0025234337594615794,0.0510018515722871,-0.02909565090359092
0.0017600192837624042,0.04993207258879781,0.004265563573822958
0.0018607985396201102,0.04979560537067728,-0.003265894915592511
0.002068546209399008,0.04977970120805776,0.014276479956413218
0.0021092966920172804,0.04950604449111571,0.032175177696288665
0.0024408191041218274,0.05026621718953857,0.006270794208733202
0.0021453171657637255,0.05031141237064051,0.021972672485861596
0.0020211072544315217,0.049244158342530424,0.00868381764179033
0.0025072552845612005,0.04989877349999189,0.06646211692390934
0.002679754896087263,0.04967807482558547,0.048433962936205444
0.0016504395529757868,0.05021629305144868,-0.01186486199775815
0.0018399621155638889,0.05021205557439786,0.04428776014303459
0.001877836385811191,0.048815136495167805,0.020300356692874742
0.002716816042419029,0.050730431346400304,-0.011980680832934713
0.0019100826334570115,0.049753566746256375,0.01008255331735859
0.0024965837702019796,0.050016763968820196,-0.005989628071137795
0.0025791585190716006,0.05056472803022012,-0.009933151398668991
0.002378310141472675,0.04980663295517475,0.016042271322071686
0.0023166861330348736,0.050637219904719324,-0.013186176109591868
0.0023198104782282294,0.05023550541623167,0.013867636551452778
0.0022343605325384555,0.05080157366716711,-0.02012928941456502
0.002793654753776589,0.05060999921597793,-0.022556319831996196
0.0017770433446373621,0.049755716673040656,0.029807675201754938
0.002095782544442585,0.050075290898247256,-0.005968739705407984
0.0024802253555599157,0.05116226814436314,-0.013213625904494267
0.002694835304554574,0.05132406296329025,-0.0024684860482010375
0.002141600510464509,0.05033092802169443,-0.00793471568334499
0.0021903385185387935,0.04990479290038831,0.007114094390469732
0.002225042656497495,0.04975927005306448,-0.01587550654823607
0.002495611334554357,0.050478826485720336,0.01089352048257466
0.002359356906788974,0.04956529618775587,0.027765721428110415
0.002359356906788974,0.04956529618775587,0.027765721428110415
0.002359356906788974,0.04956529618775587,0.027765721428110415
0.002631763433202791,0.0505627677885799,-0.05051311785784644
0.002473979128374599,0.050548179482471874,-0.029778059110077734
0.0029875031153228856,0.05069362589480737,0.0067809211982878355
0.0017058619583409363,0.05029950403668179,0.040188475192568254
0.0024207370433447415,0.04885708277486785,0.03313464934208128
0.0027653660578639966,0.05004515305198731,0.07233645280006806
0.002519013819381679,0.04907773365152839,0.032960524494744646
0.0022884088853243334,0.05102794561060245,0.0016812556009523992
0.0018164205955893409,0.049694628395115445,-0.016670675190370556
0.0019095313090468787,0.049592133667850355,0.06964921180526121
0.0026378905023339942,0.05110088602993272,0.00229263355599538
0.0021449243760786317,0.05052013117551643,-0.006412794519090104
0.0022345700408269082,0.04999007527780114,-0.023190081559336283
0.002152526623159592,0.051346068057040575,-0.02525025494930583
0.0020786235902126083,0.05041479728055368,-0.02330463254663801
0.002567256637306024,0.049503426445467104,0.03686863929546938
0.0023280811497722255,0.05011134313185295,0.02581195997579763
0.0019550477436570944,0.04993949745309275,-0.0124617202945108
0.0017914412876350678,0.05037727369717783,-0.0025385597073903773
0.0024253791976292546,0.05006473255074713,0.0018917263685547562
0.0021959344139583854,0.04992017673184379,0.015547620897676829
0.0017221269020639308,0.049778614303992524,0.03599958920817592
0.0025094721371754763,0.049994265432223066,0.03847603578623102
0.002431406724854712,0.04983931073227562,0.021594890682292207
0.0017688387337656563,0.04981897982096327,-0.025311351071398435
0.0021709965404368378,0.05034935739570385,0.003756107643556182
0.0022620684078522085,0.05003484702332437,-0.019904972134418757
0.002188928961190595,0.050041408569611014,0.009937608804810368
0.0022537584161778043,0.05024068854186841,-0.02351841045976319
0.0023980843960760994,0.050091587475017525,0.019539848735066378
0.0020609877846485196,0.04982846313453851,0.023076879084113572
0.0019738976846528,0.04960774832394815,0.03227271231055904
0.0025120834999883745,0.04925398676783527,0.06595526407460951
0.002286226254642566,0.04962152548116232,0.017701322912151582
0.0027001272311334974,0.04946901732734522,0.04093671793171556
0.0019058040480677985,0.05076248976348614,-0.027905189327360858
0.00268669431782936,0.051126681113794856,-0.03398451068760698
0.0020751487098366224,0.049454412697313356,0.014052114345197243
0.001592151723338649,0.050281635052576205,0.048016295663466296
0.0025191940989565814,0.0500446244620032,-0.03545964682813813
0.002144215596831661,0.05004260030361865,0.010223115386146692
0.002166296672913906,0.049839878497466364,-0.018330557899523075
0.0018786905015729916,0.051153450849212585,-0.05619668756769938
0.0019830081125107786,0.049952723771865715,-0.0057777463427607385
0.0023559748343933416,0.05009668564326018,0.04124188362519157
0.0020280697945616005,0.04903994395382028,0.029704345744991995
0.002624782134858337,0.05048654651547317,0.013015912683366165
0.0017565817443425998,0.049036656222516246,0.02412539388057799
0.0020509593628374096,0.04956862750048439,0.06174336855473963
0.0024221432353940613,0.04988503318610307,0.00048031668090734315
0.0023682443430977185,0.050090787833811136,0.010332271764486757
0.0024285783212948902,0.04988376061335163,-0.008949562960556653
0.0022749564421480546,0.05081823940041847,-0.02228903981914282
0.002770756541105083,0.05025772858778318,0.009692276822311566
0.002375500290404207,0.04987921021153553,0.012578136976901112
0.0026413944354572354,0.04963330415455123,0.033356430886294884
0.0023025018473009314,0.050064362969310446,0.025267962046796797
0.0020349852601895453,0.050761420079035356,0.019890765961285865
0.0020967531025564983,0.05048344904953025,-0.03784179425958118
0.0026304942253372373,0.049892453735896465,0.05294170821377704
0.0021231602413818245,0.04853268911994245,0.06609679161661952
0.0021823066159966926,0.049115306996401466,0.06218234992498515
0.001894050899101135,0.0486107327760838,0.06693046281174425
0.002058997979710306,0.049918533015737974,0.02924227088582307
0.00256177574102567,0.049989649445202705,-0.0035706735586947705
0.002439273380211179,0.04963587177968581,0.06516050698162648
0.0019610014605286586,0.04992485292124965,-0.023328435585985637
0.0018906627634368602,0.04997360516650824,0.026017419834282633
0.001921662293627556,0.049728772333022156,0.009683972688732629
0.001921662293627556,0.049728772333022156,0.009683972688732629
0.0018889019387609857,0.05004160475063468,-0.004768695769152269
0.0017864526649542085,0.04940066331478791,0.003822680990998592
0.0017914161912780501,0.050505891981523186,0.016378099425066357
0.0014906415024571996,0.05009029060682913,-0.006958268715240147
0.001412986220255097,0.049395391405190114,-0.02702788983832779
0.0018627641994515436,0.050649574844614,0.04957043222407815
0.001876517730363584,0.049907022128749284,0.037361571943539354
0.0026164647936489545,0.05087982582715947,-0.019866944260994814
0.0022879614984910646,0.050133028929841686,-0.0006302980652841011
0.0020768316176930255,0.0501568254922977,0.00746426593427948
0.0022208379822554274,0.049747882942083294,0.013094312706790876
0.002310265542086711,0.0494455606320484,-0.0006696662561926049
0.001974270620685361,0.051519235834503324,-0.018007242757125553
0.0019810078676406172,0.05077586860404873,-0.04434974086623855
0.0018983247565268666,0.050643120071284714,0.010291430730192546
0.0021249926945745862,0.0503708012177344,-0.011471478979383762
0.0021430726272629575,0.050622864492455906,-0.025321044784357025
0.0022620715842092977,0.05107487553055194,-0.041831178346198115
0.0023528722970409337,0.04947427068353176,0.05506160995914035
0.0027606976930077917,0.050084255346278736,0.03776742554821186
0.0017881203238620444,0.04870608213299851,0.04088370002853644
0.001765503009570221,0.04924528498753232,0.030942369198578883
0.0020012426283806486,0.05012277878753498,-0.021119995149860866
0.0020932371247310197,0.050802358144958266,0.005379037987792914
0.0025708054252876747,0.050338233718604276,-0.05022084925990398
0.0018587943949117617,0.05238530797842316,-0.05455939276737197
0.0016863912681535358,0.05239911654075012,-0.07804923087076626
0.001449658499928238,0.05134252507944213,-0.028403872540227495
0.0013663959362109803,0.0509000719952072,-0.02720269876413614
0.00224053765098731,0.05125774515680376,-0.057787238639117874
0.00224053765098731,0.05125774515680376,-0.057787238639117874
0.0023978214085049855,0.04871985053464157,0.08023566502953884
0.0023728158803401943,0.04886021470574226,0.044208478553795214
0.0024063719653693075,0.04921422157620931,0.06627200746159033
0.0019184180617461356,0.05108319991057279,-0.07937094944883215
0.0023936048493257583,0.04906126884668337,0.07150474703467205
0.00164814689339635,0.05129236256997418,-0.05581822920148469
0.0028111643204733437,0.04942774240094007,0.05492735796445899
0.002528858662970302,0.04974621894023976,0.037654565040839444
0.0026892833812206013,0.049755574595373796,0.028465019413812197
0.0017927079352143148,0.0500402332140297,0.032218177796610965
0.0017856533631918224,0.04969358987910538,0.012192930678356705
0.0017235938042681068,0.04965639723266569,0.008911520887782185
0.001974057445004894,0.05016344231910829,0.036344304915515664
0.0021979062973463137,0.04961882113448563,-0.00025906184653771134
0.0016137541114839768,0.05009855588587562,0.02765321433428285
0.0028942957228933345,0.04967014349486077,0.010636569713218937
0.0027125252511815555,0.050248229143355715,0.03938868824931621
0.001764430647504511,0.04982857715402621,0.04547006879248799
0.002524744583660258,0.049867154250098154,0.04344478239585312
0.0027371197239526085,0.049589368610593564,0.014353820845974231
0.002376732130792965,0.05075946530021637,-0.015804942195508192
0.002231499970143671,0.05010494277192662,0.0186108694397015
0.0028365784213043995,0.05047057661495651,-0.033771570203870616
0.0028365784213043995,0.05047057661495651,-0.033771570203870616
0.0017453983058160693,0.0495045909239058,0.01673957731420258
0.001742693366770995,0.04970677753775485,0.01953273821545363
0.002966580227869336,0.049899769548395465,0.013898109146543915
0.002484598378759469,0.049989434143027846,0.011020590778927117
0.0018594801776070826,0.05044526459872623,0.02493951486834612
0.002046986222530554,0.050202896953784396,0.024745542768161537
0.001541028510302943,0.050092047252320235,-0.02031706541366967
0.0015543355598057712,0.050105430695947285,0.006229921990170278
0.001731480206205681,0.0505875425616619,-0.011660964859832808
0.0019906099622905293,0.05028290356787344,-0.053762838034691805
0.0027526594058025025,0.05053733042481349,0.03251753984426475
0.002392570687450548,0.050086665339373435,-0.031704483078781265
0.0021363586672908975,0.04892338045029399,0.05986123748818787
0.0022993616231137682,0.04965682359087775,0.041066249851246704
0.0019447115904329495,0.050230723545013206,-0.026888062799791463
0.0018520051910331974,0.04915375101343666,0.07675266079168735
0.0018247886270402018,0.04897709371083617,0.06088590675754492
0.002648712062341021,0.048560534575626146,0.07064585850323363
0.0025377402419642864,0.04985443954932152,0.07164899581273829
0.0026168741853177394,0.049430763250749354,0.017198802965301664
0.0024836733643523157,0.049231217166976295,0.02364195383710456
0.0020840621679341313,0.05035314102859051,0.02313784986885633
0.0023751468388346596,0.05016546159962207,-0.009433016114732075
0.0021055639723092804,0.049887071649202176,0.016154948399797333
0.0027565279341355076,0.04975517154064552,0.028011091552975004
0.001814056216295855,0.050494702898687537,-0.050564002097632385
0.0016699950582407923,0.05029339996739208,0.036264084950454654
0.0017638755944913462,0.04974023278854847,0.02456237434797741
0.002693972363791801,0.05013775858281205,0.03997946481384709
0.0018614221686145253,0.04973820977505375,-0.010792115322711076
0.0018160544389738936,0.04999335843340804,-0.007396642568041572
0.0018415270987083069,0.04970952132984007,0.00889557579484865
0.0020434481486088286,0.050160466836178065,0.030069693753873222
0.001960013464721491,0.049370323557041886,0.01454063660774264
0.0020989835372435266,0.04986373705394756,0.018510383312116352
0.0020768211560336213,0.04987959706348507,0.009074829606363879
0.0024045327715799775,0.0500153269329377,-0.03150951318457627
0.002361456606837745,0.05026123089825272,0.05648013511601645
0.002547484846274592,0.04998102041768666,0.025978137809557874
0.0029090218806333964,0.05020363588605719,0.01244697837321622
0.002742884359816859,0.04950482430250525,0.04155978735486649
0.002242345424265729,0.049700759910484414,0.020134561403723807
0.00244530904557616,0.049864452319704454,0.022582952905054195
0.0023560764094786545,0.05074799453670334,-0.02615615095243627
0.001823786827627246,0.05001136799863052,-0.0036890154249618386
0.0019778283724159714,0.04972942143572195,0.019115019035483086
0.002805430661965752,0.050284497031417096,-0.007407119323851872
0.0027787102649835522,0.05079105182741448,-0.009001729457611856
0.0020698359252511673,0.0507045671444364,-0.02658591802017416
0.001957686030319513,0.049523250039476205,0.0320477448920917
0.0029008549733334694,0.049784950724563314,0.01701385679175995
0.00260371729223532,0.05000035313410624,0.03055738647329783
0.0029485416495378556,0.05010662376863201,0.042372503406262065
0.0028743266531040946,0.04987493700891964,0.03520937511313832
0.002492891816866197,0.04995691639515093,0.00041308402346469176
0.002246314730026167,0.04998910307991719,-0.013222583516653235
0.0019111541105864885,0.05016761322977701,0.0030816193421972344
0.002120576612152762,0.04967309394251818,0.01522666668183895
0.0025962084356368088,0.050058714703367015,0.0017220996148278377
0.0025862714572854237,0.049718819838580154,-0.0039024776808940778
0.00292541133574145,0.0499852789528656,0.04248444746258656
0.0023633421824576324,0.04909249775673996,0.036245582016986175
0.0021015400297732696,0.0498019741867879,0.007860781278679332
0.001779019354694609,0.05046779960272048,0.01827603469835148
0.002105704801456125,0.05004425466425765,0.0280148640941224
0.0020698605441535505,0.049961679445132925,0.03454009914415602
0.002052098853980728,0.04989514293826137,0.033106953595079876
0.0022957183113829034,0.049729999568130394,0.019691605787289023
0.001975527062357961,0.050524192404179116,-0.01092228086874859
0.0018416048002260694,0.050367787880852846,-0.010950555030314007
0.00245669022553349,0.05031717569825734,-0.03752114373471826
0.0024775162453993835,0.05035011388091066,0.01870656587618568
0.002437778885989041,0.05070251315789931,0.029645545662488157
0.002795243563317804,0.049682197266799,0.01133498664151447
0.0026581585504038305,0.04995827108141028,0.02890752752934993
0.003010387803598786,0.05047171536791895,0.01525342729148311
0.0025586321232348424,0.050367243306794075,0.007074858906044938
0.002387407614772421,0.05018459384544236,-0.023055531077494466
0.0025256624974766195,0.050147934148448405,0.009219115503871961
0.002068339021785376,0.0500485018383051,0.024619165227393047
0.0019221524741333343,0.04984931461724984,0.03948833725764193
0.0019974318286417607,0.049784333695079355,0.02503828086327733
0.0019549621272535317,0.04948747973422491,0.04566945377974991
0.002464245358779383,0.049591468840986905,0.04969058852911827
0.002025355625235645,0.049213081445727135,0.019691790528588764
0.0021255825039320888,0.04897011142509322,0.019192663811521963
0.0019761400551218,0.049933089532191284,0.030913040353491298
0.0018854929421344578,0.04944988110179567,0.01907258022128393
0.0015857116893933548,0.05030740058921227,0.026141685718243053
0.002315314425081833,0.04839489759654123,0.05043174844258819
0.0019166286705294812,0.05033893999029591,0.01801134627242402
0.001888417221890647,0.050976965516567926,0.007931165051421524
0.0023110134353868488,0.050268401235590156,-0.012617142689643018
0.002415088561258227,0.049570605050705534,0.04024710886188097
0.002021623466772143,0.05028556875443233,0.002131757949418873
0.0022941892250884074,0.05046326235521084,-0.024190755240071596
0.0019612776298788795,0.04972312102266643,0.002991654498394026
0.0019916215105857827,0.04992524148614843,-0.004602138925077703
0.0018561662423379475,0.0501775219633267,0.012123089723085963
0.0017413633433995927,0.05001554211819775,0.026952999881755202
0.0025373576339843603,0.04934031536670066,0.05847845833249776
0.0017717151453176033,0.04988427001090145,-0.00041625038609904467
0.0015401992445598963,0.049931070126347364,0.016966825647555108
0.0026582955804570264,0.04969135715413799,0.02013727469554052
0.0024875967444842758,0.05002926155649462,0.025328627414328432
0.0021336272515566973,0.05017011475220485,0.010316692906977
0.0019843909218744656,0.04980291396892139,0.008876490369020646
0.0025608535913694335,0.05081048291513497,-0.03425560698630801
0.0028130787191983034,0.05030349320196282,0.012955299366609455
0.002568669503603114,0.05067395953116616,0.024787571782654547
0.002422793284517233,0.04914722881471297,0.027991878007556485
0.002720387899144884,0.04955802956190789,0.07000202383555329
0.0024262055892756863,0.049061941621275716,0.07559420692780257
0.0015802531297501319,0.04989690715534181,0.05428240308812483
0.00313018136561999,0.05040550011263845,-0.011469504351172407
0.0029588608761548438,0.05065954859854321,0.0059198352480170306
0.001161716117799758,0.04872421806920859,0.04404891947860817
0.0011986584469549178,0.04937373482026749,0.062301724597305264
0.0021200700076815827,0.04867859213737396,0.06723455491108205
0.002079829387644579,0.04910736431912177,0.06289829225494498
0.0021669766617862136,0.05157675309255863,-0.04750862194962784
0.0018575946016995333,0.05072970959235818,-0.005333864188826825
0.0019698300275270966,0.05063321911068247,-0.008386715684646776
0.001798147207786891,0.0495199194961009,0.009990444465719815
0.00196814344889005,0.05017109812367739,0.03962047425745834
0.002458330148705511,0.04957830393452603,0.006620930447558759
0.0020557632192473377,0.049655457450027536,0.035391314698590894
0.0026600857181464112,0.05015837646972092,-0.005028070798568953
0.0022556016675351837,0.049706979901100186,0.02947961341584245
0.0023424905802275466,0.04914736247657347,0.06551438872644869
0.002020151091750381,0.05026503882987882,-0.017796433075780535
0.001986222830373597,0.05103863909816745,-0.020639892628199347
0.002586484653362596,0.050580772955070075,-0.0395348656782614
0.0023335421057721333,0.05038083576354649,0.008276063625152439
0.0022207794040602006,0.050129912467879456,-0.004566504642453867
0.002233574960773135,0.04998812190680327,-0.010242105722028326
0.002274261051100047,0.050908292332753326,-0.014462420800757245
0.0023455882017209303,0.05089873983062575,-0.023484879707340287
0.0022898023699757576,0.05049967684198896,-0.00913870029715724
0.002979119861548777,0.049974080040890934,0.0016390759948272811
0.002890184735803716,0.04990554016940011,0.004090545645165418
0.0025923081035468336,0.049969459088626975,0.0381643035699795
0.002523627170841614,0.05049180660416717,0.049318364180010975
0.0026271028716255743,0.050131391279076135,0.026752881150170434
0.0023931126155674136,0.049920800909237326,0.032567244170012666
0.002301949954824586,0.0498930527717794,0.0359473589291889
0.0025803673854026005,0.049934254326500935,0.017372707900123265
0.0023523632888792787,0.05009989687938424,0.008471096052226916
0.0022098958102274423,0.049860475163335305,0.01734402286155302
0.0022792341110348946,0.04973183558082074,0.050800574967343554
0.0023944149117781826,0.04930202417909946,0.026801820403122702
0.0023093529907796976,0.050160660992088116,0.0002541687726380355
0.002186552762787627,0.04898491598260089,0.042638906791334134
0.0023451196837518894,0.05052551183256819,-0.054396720915914895
0.0021940509164490407,0.050841146000807864,-0.030261741388174453
0.002385371767315747,0.05073036078631476,0.004459753900259202
0.0023124286875531594,0.049784574693864644,-0.004025449300986371
0.002383894773884126,0.050035995847988284,-0.01572366863429106
0.0019323234298841612,0.05097699080892421,-0.008670575770618048
0.0017402139242809,0.04968751411413782,0.0073567711631523786
0.002134096853634239,0.05053164656834878,0.017111433222277157
0.002389257417943852,0.049903858920407385,0.04665261890580702
0.0024978977062782713,0.04975415985548464,-0.017805624220697508
0.0024853416634768497,0.05020093906003854,-0.02279409424875349
0.002560394631796229,0.05028515582042707,-0.0007923747129348305
0.0019253599465884474,0.049984582465127256,0.03274800009464036
0.0022035834235886852,0.049875722726765055,0.0036026631853812007
0.0018342485956122625,0.04896420701528966,0.07532641250915856
0.0018325620023939527,0.04923732064793862,0.03675953212615878
0.0019409605588959547,0.047969660081259434,0.10707194274093443
0.0018018952544385607,0.047476500857509436,0.10334609267513796
0.001837836758806249,0.0488165283081969,0.09073692220780809
0.001771041193506162,0.04863594386803315,0.08408850581436711
0.0018188195335723022,0.04817839923445144,0.04601967769406189
0.0023872996968731033,0.051174857591583245,-0.011112243988301889
0.0027127773553470057,0.05019024479913327,0.012697958296645127
0.0021249126451297106,0.04986222673504129,0.004104073755089707
0.0021903731311662664,0.04991299773572908,0.02685263889742379
0.0021382190028519364,0.04997802822855743,0.007534629808951103
0.0023650922177023983,0.0507206585789918,-0.01849004289482995
0.0016204250939118442,0.0479482212797342,0.09464105684561337
0.002002064223282725,0.04815336841405062,0.10394395086342677
0.0021084997734994193,0.04965149333172248,-0.003534055142297226
0.002389741156820618,0.05036588341866664,-0.036984171555101475
0.002491307635667918,0.050517646503002535,-0.007981786247115133
0.0023202970710414403,0.05035769927972678,-0.00231527167784782
0.0020624067223691664,0.049640975090014104,0.030752435830542203
0.0025235812401387765,0.050671080290872264,-0.021657829248511
0.0019763462600152965,0.049549492950167695,0.029561408230692872
0.001899893196037236,0.050336197946518724,-0.018843080445909557
0.0020154724733300144,0.049146713665636325,0.06082143052432838
0.001769490030210103,0.049589987790278664,0.05302525985073957
0.0017429941935602242,0.049090697744757626,0.013607041607694999
0.0025425513009163098,0.0511996623623596,-0.03869444779431578
0.0018606230117958677,0.04943260834812131,0.05720139468114642
0.002760675395266576,0.051028671331446326,-0.02437766453465303
0.001804759615463272,0.049151133480532135,0.0490727895284945
0.0022043688443034873,0.050327020349586145,0.009946192642124797
0.002058796770919519,0.04991725577972303,0.0034310523740332358
0.0022001652646245584,0.05032818799048853,-0.002776766966376522
0.002628011319925119,0.05143830963771419,-0.05086982879282745
0.0020518373619335156,0.05008597830451994,0.017163204494035727
0.0024036992402013406,0.049899509087408124,0.0005634195387721966
0.002277113405324173,0.04924106029689701,0.03604626646173463
0.002453635008239024,0.04943615352426019,0.020405225141821668
0.0026091329386139094,0.05009451070606197,0.038305755481641654
0.002400339946769236,0.04947698538209421,0.026642597081053685
0.0025679805833434895,0.05054560321367006,-0.011143178882906078
0.0025439858632269655,0.050098720780038034,0.011484908491706441
0.0021810737545513966,0.04997075744525872,-0.01188503576177719
0.0025939080659518215,0.04959907787855966,0.0520259166579826
0.0022429103293611567,0.050021876786485335,-0.005523837467269672
0.0025457685533061014,0.05044144337366924,-0.012246510147827159
0.0024123102843879893,0.05085098037367574,0.025929054471970806
0.0023819327199751565,0.05048179715119723,-0.03343757887087668
0.002563416627940116,0.05049845296874883,-0.05091738504895448
0.0025920089006326776,0.05136435452618381,-0.012636080854229102
0.002586700428622661,0.05113067404249167,-0.011170766066201416
0.0023767639408056045,0.0501268569274928,-0.03285811045663959
0.00229214165787818,0.04982737834591435,-0.0015447151148947338
0.002532136888991544,0.050141447000505365,0.04308297505394436
0.0023878522582236306,0.049856144499592435,0.008676248992292135
0.002790573792031919,0.04991818413300985,0.027854194491130607
0.0027985481383812328,0.049648784676844464,0.033925483586783316
0.0023784501776951367,0.05032039183478132,0.02097427463581425
0.0026453752071193205,0.04904653387965175,0.04463011946362591
0.0025024671120419616,0.049934204310712424,0.03209426210362543
0.0022106791160777877,0.04976522292305752,-0.0004130380903372173
0.00234346975958603,0.04973776135851533,0.03154400093498846
0.002538431864762103,0.05023506693375034,-0.0084439219737922
0.0020848287168269545,0.05013515266478669,0.009193655260770527
0.0021061845896164747,0.05011806246421703,0.00906909615679493
0.002481262684195472,0.050728247432765106,-0.003182372721090979
0.002697192265635568,0.04941466918435133,0.03063994531241948
0.0024303231699665208,0.05005131118050597,0.021757304393457702
0.0024177113793917805,0.0498351769763835,0.04127108914851297
0.002273076583839088,0.04984545698053591,0.03306170401973853
0.0023513066444699774,0.049413024476291124,0.02352721856210956
0.0023230364610398162,0.05003689514544334,0.016975348943473557
0.0021491228252339995,0.05016697265196041,0.0191227206985908
0.00267180132698165,0.050499889386146385,0.04038320826697165
0.0023017137509024547,0.050166488405454734,-0.0039685597577205104
0.0023160122558181853,0.05051714293436204,0.011456342257907747
0.0022805905985250996,0.05052913622373175,-0.02084061054977059
0.00231078092037408,0.04997878989287025,-0.028033332958152746
0.002432385460366438,0.05045394344260625,0.023732113262217056
0.002355323644700939,0.04922884770287672,0.01012610284838851
0.002370595530456312,0.04954624989418767,0.013970235343290371
0.0024022093670096256,0.050167084606779,-0.01767414115509496
0.0023434745146850575,0.05015515032506064,0.006019869746180044
0.002320887349946689,0.05041153526513532,0.00603557921445797
0.0021600515859700755,0.0502721669963815,-0.018859839600456212
0.0026333810959587893,0.050507818288571676,-0.009867075905765185
0.0023200179822033696,0.049108313922505364,0.04099162628444311
0.0024746152094729753,0.04985409664776668,0.07307207726697444
0.0023307735727793573,0.04969790572581364,0.004528670396501388
0.0021429035109715305,0.05043725628529774,-0.006594698551157025
0.0025608826421428064,0.050210909574751335,-0.0013451279711424406
0.0024720163167368265,0.049945840637554556,0.024264341134974294
0.0025654690522618384,0.05067523877613663,-0.02419782067438495
0.0024878280068075264,0.050358431480057836,-0.02009634648981172
0.002588310230111654,0.05122541575482948,0.0009174383862627116
0.0025279260231208635,0.050360700709466445,-0.042817878942757015
0.002303472878662538,0.05051579760315295,0.012427965562605291
0.0021683334517691574,0.050198232610110236,-0.0017669423704698279
0.002025644786390794,0.04995015201948678,0.021485265525135928
0.0020500912443939434,0.04983954353565989,0.006650392960943503
0.0023201583721699647,0.04969386221328786,0.02105162767176418
0.002267787252850867,0.05016500031481519,0.014365691191857495
0.0020348800823538496,0.04890714993017431,0.05450056813292565
0.0018386918072199098,0.04913932759160225,0.029949790264699308
0.0027995453819757168,0.04991258006509161,0.04923806033199255
0.0030556622938850454,0.050139682345965,0.01952739042278761
0.0021021867947990528,0.05030157572359853,-0.006756235124050878
0.002227484047309825,0.0501083856092946,0.004571636576068487
0.0019168147631719592,0.04947854473837138,0.024963003714175397
0.002601584501441862,0.050469361378005624,0.008975282139112289
0.0022596264265861664,0.049819288041127806,-9.965928222925825e-05
0.0023537195121568037,0.04964510765869198,0.015160759668527684
0.0022409159312489543,0.0503518649457865,0.016535856558681918
0.0018894958258553892,0.04988905271748724,-0.014181538430615636
0.0020606844111952303,0.05007420586912843,-0.0032704786930197968
0.00274173817098022,0.050127848128346496,0.016911438192678624
0.002986506202245235,0.04992291623613277,0.049192807437194494
0.0029081664167570024,0.049638277545772796,0.051275936859528304
0.001812400639796144,0.05067768000661519,-0.0022364162910309083
0.0025839381227582914,0.04947108235052107,0.01615518911781879
0.0026023990834542847,0.04965299541616943,0.02350233955005069
0.002436125744939551,0.04997819701086139,0.022967913951254845
0.002266881039659249,0.05006807415476788,0.02093964843305159
0.002523909543948461,0.05051893014500417,0.007727918089127144
0.0025532293958238257,0.050025635300365086,-0.000846075265037857
0.0026013551681001493,0.05117206479484892,-0.008301394985341338
0.0028202905578277957,0.05076560851406981,-0.05112187715523733
0.001596103087659726,0.04854906798510882,0.061056594436518216
0.0021887181458058497,0.050121936414631446,0.02065838702438951
0.002092005142457856,0.04990488615278875,0.014303667884883372
0.001927968443169214,0.05098404109040106,-0.03739157867673951
0.002152350595445246,0.05143621663966619,-0.046823141569191866
0.0024104173491386956,0.04840246906094699,0.11324329517475315
0.00251965834681818,0.04858518889863758,0.08091342205216762
0.002199459268854578,0.05032735876115303,3.0393803759150198e-05
0.00235854404582544,0.05007158788302169,0.03517400063340512
0.0017372755752134705,0.049407357993132436,0.01761956393243802
0.0020453891123397346,0.049409454023231734,0.05353297981147401
0.002024996231036016,0.04904129118730703,0.032296408124077025
0.002048940563179618,0.050416469847823,0.014222942573098895
0.002227416531769442,0.05029105765034082,-0.03226850771730672
0.002240751449739485,0.050360022180283244,-0.022667380539683566
0.002056400381355822,0.04997316984124082,0.0019778511429074845
0.002113018410206369,0.051096912636130885,0.00359927246625572
0.0023631898709911663,0.048926764154593946,0.025210494649042965
0.0013947789699619464,0.05039974212538261,0.04945518008919603
0.0015812411560502085,0.049975132138401566,0.03506148472793788
0.0017559612671664564,0.04946985172830787,0.035383504728806074
0.0023099948249113785,0.049972230705379275,-0.03766893893314897
0.0022251101125617396,0.04956908422535999,0.00846076951385901
0.0024558637121217227,0.04941383083680241,0.024632978785516957
0.0023350096890471846,0.050644363112238626,-0.013260699984440266
0.0020495225362846957,0.050134263918132214,0.012411276239447025
0.0016103390074262089,0.05018587588520492,-0.006286749762048212
0.002638444764875944,0.050513291924086226,-0.015107139269228598
0.0027748267541297645,0.050678932121606776,-0.0044846980143780635
0.0028433980097785083,0.05031578462878586,0.0135672353326172
0.002524918520720469,0.050027220448586394,-0.00039023264934892984
0.0021019952084941453,0.05007649440564795,0.008232672399591778
0.002629581305446568,0.050107728252713694,0.002721593640882812
0.002134339822943402,0.05051857771073394,-0.007828633623501184
0.0022651585591627593,0.049617817722807135,0.010500287151168977
0.002310763968109182,0.04876375605864073,0.03932752136048201
0.0023242999462144576,0.04965549540347439,0.040423624447797485
0.002356204671737472,0.049825275088459256,0.0493869717083214
0.002507027119235086,0.04952715406597351,0.013804499066589346
0.0019307768196783978,0.050752610630083295,0.0005573679438807575
0.002004778819917197,0.05012219869069871,-0.025961691914424916
0.0030717202007049184,0.04982040049001526,0.04063822983857371
0.0026552359142148455,0.050208704692781464,0.03775792962438788
0.0023041444134477467,0.0495117816223407,0.03545245525001313
0.0020709728996131647,0.04943960933992478,0.048283249416861636
0.0020452423675697525,0.04949914906822122,0.02756884793847577
0.0019710162245658914,0.049498819914597876,0.05233494277258019
0.00203195436889065,0.04970675811372305,0.07185890915313403
0.0018404399520447533,0.049468863380065384,-0.01211756944520228
0.001862592800932581,0.049446462641723414,0.05401575058223354
0.001670274766612953,0.05042232634523447,-0.03296535249809211
0.0016657013664530327,0.05039933929073148,-0.03453344484102252
0.002232298692319404,0.050640144162625494,0.008119126447186988
0.0023322670948644664,0.05047359444017956,-0.012792877935467139
0.0025579589984902587,0.050852170107162344,-0.01574683055364117
0.0025488195583161623,0.050217219299378904,-0.02449781287204758
0.002877175023437028,0.05108960228356557,-0.019615191526104282
0.002511743393363545,0.050693055416478415,-0.02243946991843682
0.0022959797439662043,0.05001825713231549,0.008169668213022391
0.002359242559717872,0.05044551243845154,0.007966545002926722
0.0022633754657578357,0.049888048705251875,-0.0052283711323370275
0.0026731933668201753,0.049872425450809846,0.014448119820942771
0.0025078348361240494,0.05006245636090434,0.017391187522451838
0.0025823618437510647,0.05006352580399714,0.015258928123841317
0.0022630570938628643,0.049764914559009284,0.030912720205456504
0.0024744707818781103,0.05085076888057144,0.0131260074680472
0.0023566288982143735,0.05004070967017053,0.007244143306302564
0.0021945732581808318,0.05026444447587347,0.035452205099265575
0.0022467947639165974,0.0500331701999274,0.0428388464091757
0.002037900088202682,0.04969211284281734,0.010675640788852882
0.0028052239392172868,0.049766732368397855,0.030458255108396653
0.0021623698156423422,0.049839995344781084,0.019993216542564984
0.0021874331744541693,0.050128936260485986,0.020006774993609477
0.0017583660837073559,0.050473298307319926,-0.027104773760970768
0.0017639958377483715,0.05118852253174946,0.049800054543322966
0.00213567315013351,0.04957632641694094,-0.03437348858818602
0.0020681819426019874,0.051455930869112085,0.01744394990087006
0.001949588980920741,0.0510663593256424,-0.011884808664436768
0.0015475851272785204,0.050695292271751936,-0.056776455811354466
0.0015857584454068896,0.050965212740948874,-0.031561229189947464
0.0019160023256260762,0.050209955636684976,-0.011052851036803257
0.0024112589802930016,0.050893534343096014,-0.07455666007860078
0.002459995533960549,0.051283489707974014,-0.03729797512894101
0.002010945551316181,0.0488938312868081,0.052797758987518
0.0015905547955328712,0.049779184261806685,0.05375009903431065
0.0018038003562609716,0.04987877646296557,-0.0026604678776698844
0.002207061479770649,0.049586147360996556,-0.02331760422999141
0.002258284506464172,0.05156806572928853,-0.011018229644130982
0.0023321127663520234,0.050530331363172365,-0.06982429971631063
0.002015573578288202,0.051581169345157676,-0.010246441233759071
0.0022801534855303404,0.050732293520843144,-0.03166327448382368
0.0025260260068138704,0.05078629881447456,-0.02425890629854694
0.00264633367936055,0.05059869651726966,-0.023722388376920447
0.0019621747975901056,0.05021875646824194,-0.006174718342329142
0.0025386435705881225,0.0507553774655802,-0.0097693442374189
0.002143298848144968,0.04932098467102903,0.016913264614573518
0.002052500890765555,0.050683375254772144,0.013175638561580256
0.002087882987094974,0.04956438877826019,0.015053720766397927
0.0021231019451192746,0.05012783603920101,0.010613051079835817
0.0021736451933643238,0.05050853780894143,-0.026486037893079427
0.0020785588848445083,0.050509207335759206,-0.004197059743268424
0.0020418469967905025,0.05096769609463785,-0.016503960704964713
0.002699650892235194,0.05084774136038399,-0.0002731853478081276
0.0018273628456746032,0.05080088880240602,-0.013884150405751508
0.0021186684647150236,0.049377556466969244,0.030887537812954217
0.0026060459356760167,0.04923463745387084,0.06974202251747452
0.0028396326904988408,0.04935339918844231,0.0819937933393333
0.002283729933749308,0.04966324279928061,0.015271272657267118
0.002291339062846855,0.050254848249844934,0.017613866547197973
0.0023946685928913987,0.05058793943373654,-0.002198651408696356
0.0018322443314923993,0.04887981493849956,0.0397171421002042
0.0021905596664189542,0.04787894132619987,0.08806888745837434
0.001857401788619866,0.04710165046535469,0.0966272245542589
0.0019126575467306995,0.04718910869592194,0.10588209625187281
0.002384502442816873,0.04838073565752339,0.09569289109628008
0.002186081159096124,0.0492296973418936,0.06870426611437525
0.0022185999866890186,0.04918156011209259,0.0760718068012147
0.0017430480918136438,0.049124837709513924,0.06277916402801319
0.0024709981749642985,0.05074793116013615,-0.002191625940798596
0.0023631399588090896,0.04922451608124145,0.019936645539546424
0.0023631399588090896,0.04922451608124145,0.019936645539546424
0.002244050552074053,0.049797978319104486,0.010848385071402417
0.0024003843517357492,0.05041656325492196,0.03159981044139015
0.002298629739362159,0.04969186364559592,0.008750150277573945
0.0024639511762120916,0.04982032215546187,0.00488686446195267
0.002136578500543166,0.049638947203918836,0.056472646150148034
0.0020309833001582738,0.04940216121861418,0.015535727476305477
0.0015970350480768055,0.049843163914977145,0.02255462719364203
0.002080544866790174,0.04903000082067014,0.04232868500460032
0.0020106548345970327,0.0492874621178425,0.05253759271771724
0.0021450165258779753,0.05126336802612916,-0.045382439325573364
0.0021335261138480536,0.048723700050897496,0.06757800926635421
0.001817989868381514,0.048115652255049844,0.06752788516865149
0.0017640699903340253,0.04832279681572699,0.10636852758241375
0.0015752400568621921,0.04931075579858422,0.011349473043751604
0.001864579349372027,0.049489387324763136,0.02997820175003176
0.0024910768884131677,0.05047601519271318,0.0006540557603367251
0.0021771368025061194,0.049772164244668425,-0.007262354783398823
0.0024224927594861,0.05055035749166189,0.011754984466675783
0.0022145276939617257,0.050405667397580914,-0.008360744142776655
0.002089892825456771,0.05010107704029523,-0.005981780755914599
0.0020863435289944434,0.049971990510307276,0.022861120836724678
0.0020424415378528346,0.049648409106903345,0.017654335789676696
0.0016444298790575461,0.05059926121821448,-0.011511405465195326
0.0024538002039714525,0.04969608483665539,0.03535894829930677
0.0022555017106359754,0.0496909987368569,0.017653354477192393
0.0019150258716136412,0.05014249587358721,-0.03202456870523476
0.0022660592738216485,0.05115001027201375,-0.0039793118425418324
0.002783458366484707,0.0496859558657477,0.013799233286007077
0.002574231252717828,0.05043216618828003,-0.01939504505168795
0.002268459720201229,0.04953596231169015,0.03950622433941448
0.0022132039603999913,0.050249376208547136,0.014324316712082754
0.0022236439491169348,0.049793660159575724,0.007350555614406453
0.002270309300222008,0.05050594011143638,-0.014146435239647422
0.002248906722965106,0.05069116380666008,-0.00259655476208307
0.0019141675211739116,0.04944746628579286,0.020773916042056414
0.002203605307975302,0.049331416036570215,0.028588781410047052
0.0022100505754977006,0.049196592913404245,0.06636320401323662
0.002421093121724487,0.0510690722522204,-0.03235273864293587
0.0023130950016985626,0.049239849304023725,0.019676510112565007
0.0017460966090646409,0.04894124661056616,0.09358976149439754
0.0019322732366182731,0.048045497926942814,0.0664888522134001
0.0021153024568355944,0.048640068563975195,0.11113174235594028
0.0019402559700050597,0.0501803698320369,0.043624554626359835
0.0019790444574145872,0.050098829975783826,0.043143730160552535
0.0018713867981180335,0.04962676530155312,-0.008840987313169518
0.0015387101620532853,0.04820024209623934,0.11586663690518446
0.0015693262819269816,0.04818451055140259,0.11278174017904653
0.0014456691607179178,0.04813005777312359,0.0920097079357813
0.0014533368746093343,0.048465764495150394,0.09285717753196032
0.001273891850362143,0.04862370286613029,0.08009162091422793
0.002722495134357542,0.048067903036479974,0.09252964605913491
0.002275895978764428,0.04775017998795644,0.11392380014441501
0.002460682349650169,0.0486970449280706,0.11383452979500798
0.0022959145010043036,0.04860716254125848,0.08002824741280166
0.0019490286390570941,0.05175827624626917,-0.05206338028668075
0.0024231559619582945,0.04931287514544616,0.08556415099348111
0.002324080383783562,0.04863876488759234,0.07120314746319664
0.002347241009123699,0.0495323782542316,0.043560218984827086
0.001736690694797349,0.05023918662598355,0.023450084338664422
0.0022481354618973134,0.05094404264258973,0.004913713479363845
0.002186377965675756,0.050635167477145436,-0.015354267147944254
0.001709791242544495,0.0503193696539152,-0.018600214567336654
0.0025348355596202673,0.04927228036291994,0.06310280929765535
0.001772330408861981,0.05014377107076173,0.0030605422165645474
0.0017610449868686415,0.05023013720615276,0.01563005621064928
0.0017359335219515285,0.050366743327798204,0.018615910658307103
0.002382089258290904,0.048095622258798154,0.11477301682046205
0.002676061082617613,0.047338607091172,0.12010174818626282
0.0012667653224143639,0.05030022272513086,0.01377722207947951
0.0016389642521922516,0.05007292099219567,-0.007425989235423294
0.0014310890438847088,0.051262010405631074,-0.021462496829445107
0.0014913433741014915,0.05053791962936365,-0.032352589181332506
0.0015326570987146749,0.05051556407394139,0.03201548902045457
0.0015282416903845601,0.05052179154756452,0.0008755453295717597
0.0015154335850701066,0.050261527124146624,-0.020334548120510915
0.002579033474596227,0.050197389914459184,0.015389607067888809
0.0015852831508639334,0.04862841157655777,0.06303216417388358
0.0017416736533028248,0.04970398807142017,0.0338441978262421
0.0018822874903500733,0.04996226765243484,0.013489861823224042
0.002290515608068651,0.04965205463327067,0.00987461493451159
0.002290515608068651,0.04965205463327067,0.00987461493451159
0.0024649739258824754,0.04963074977795639,0.0148885626161052
0.002212284737492868,0.05053130869370855,0.009732025643382837
0.00224308902384449,0.049129091032957144,0.04966707872213074
0.0019324347813212627,0.05011096739801069,0.012067289828425394
0.001453610590664451,0.04934666287241809,0.046803009695665046
0.002534804768935598,0.04863358421434927,0.09503113878934077
0.0029286548245207634,0.04867357601271408,0.088385368891614
0.002107113655915172,0.048827853699188135,0.07559421219282848
0.0020814064738625486,0.048935518730757376,0.08064446943465058
0.0021022737133229866,0.048816402155530715,0.09214696106449195
0.001838343968447167,0.048568171111651064,0.05233101772397704
0.00220105670728296,0.049215402628538775,0.07407395112434867
0.002262234646507638,0.049146402187571964,0.07915600871272463
0.0021531832026917114,0.04907224830680667,0.059834283958132804
0.0025421213795541503,0.05066944807358565,-0.019812510918969014
0.001464147904787443,0.04951914250400403,0.021732045770480723
0.0016811643663830088,0.04981353305719903,0.027766204872188477
0.002001410191944442,0.050333567110275555,-0.01764138907447163
0.0016186841107997815,0.05188124393887904,-0.02858667391611399
0.0019160090433709407,0.05071547695279303,-0.03604801005115909
0.0017665135696142648,0.051088459928524524,-0.03747509739921821
0.0018431496981108088,0.05072021544462137,-0.06977914320247484
0.0018111880716444998,0.05136319762710479,-0.04180922934293927
0.001842175960752622,0.050878182064180356,-0.04846384658122612
0.002650704068503133,0.05055111589347576,-0.003532156072722819
0.0027837899255587872,0.050530100199574816,0.006502028941020784
0.0024299401607189605,0.050171837587304674,0.019078010171403995
0.0025159086943810057,0.050345922355858615,-0.0020125044075705585
0.00244682916164797,0.05054842987265029,-0.02648458795432524
0.002723330046427409,0.05031485960283399,0.021159401801177403
0.002806733110359599,0.050541245941288976,0.022102431614499565
0.0018801545481766772,0.050100142604859746,0.0025252093399657782
0.0025983741280792894,0.050008661532694586,0.00991136137940517
0.0024277280047320503,0.04989137535566177,0.02243633650312388
0.0025821554559604747,0.049230546346572375,0.05153854909540633
0.001713329467294527,0.05032064446486188,-0.01587994798304535
0.0025334117130205846,0.050382352467469985,0.02106661965741812
0.0022754946900604388,0.05074279390246913,0.01718631383938705
0.0024307957719199905,0.04976604439152236,-0.003531707716103183
0.0026864619497958763,0.049757139228928646,0.02107515223694949
0.002747374949473865,0.04958252157957275,0.010940104987138915
0.0026403147629458674,0.049920598138452024,0.018236263673580316
0.0020601724162795983,0.04964827864717292,0.026173133896015447
0.0025315199657224632,0.0498401155744967,0.02453875226946837
0.0027322083904449514,0.05043523447132678,-0.002896333797708628
0.002698740666804432,0.049546404332314706,0.05477843016039332
0.002041065656181914,0.04997996576140351,0.004928719269073352
0.0020988014663079844,0.04886687075191307,0.062375067853671244
0.0024822994028211314,0.04924578198320916,0.051085463135765674
0.0017294092877476938,0.04898806018570977,0.040614928377265505
0.0015996292178275437,0.0488256421911646,0.04743066818172932
0.0022652794849116666,0.05060970991488534,0.0022776397910903787
0.0023726152279776955,0.050276810791834964,-0.0122257220711744
0.0022782259264135843,0.05070125636862554,0.005708810844060726
0.002168230133509347,0.049674736197395576,0.028916977046182166
0.0021865871256898034,0.051028149657600566,-0.03171695295853159
0.0025855023139652114,0.050652144650106506,-0.035718627976582665
0.002775559526627301,0.05001116480333456,-0.02281328855621256
0.002335572677805147,0.05026056905509513,0.041787851615273264
0.0024689829564014166,0.04980717952253202,-0.0027781599939828076
0.002366797574897287,0.05078772115377535,-0.006464417527171403
0.0020269567851980996,0.05074838526401797,-0.04104610615529083
0.002532327869003602,0.04958274351171203,0.03122609077754907
0.0025089732162494375,0.050372191729875594,0.06067758861265115
0.002518221487991981,0.04964386005025807,0.047771372758492095
0.002427111670535442,0.04980380497750801,0.008120862059826593
0.0024542724761930632,0.04965559323564949,0.0125855318254678
0.002454696756962869,0.04947196104417583,0.0008480729614471127
0.002717653634164811,0.04956585240076756,0.018731192149121313
0.0023216880798257347,0.04995223035129431,0.04236604292492569
0.0018104318698903992,0.04926705507087204,0.0370842914968889
0.0025699614525963362,0.05026173012425311,0.02214997747251014
0.0021515817285426547,0.05008948804848621,-0.030529913739033895
0.0024057076621246533,0.050317510487221224,-0.0012730584527955613
0.0022663647572150358,0.050229721356027476,-0.004296448871049492
0.0022109518470739206,0.04995428800141906,0.03776628544165908
0.0022741525201048166,0.04961637496719509,0.01708056731139999
0.0024756610630306173,0.04967944854054145,-0.01495465378913872
0.0023505434269263437,0.051510773660614774,0.03379079440467097
0.001956134744027432,0.05076541164060558,-0.02443581524237275
0.002004455361432792,0.05051527256172005,-0.02307551776669889
0.002042808664282972,0.047558728685431456,0.10526926307397277
0.0018450393563772022,0.04727457436100188,0.12030554443874356
0.0021927341822331023,0.04858883350979434,0.07366992986842191
0.0024624041261214276,0.05048967024423097,-0.023700044852117554
0.0021278655272183307,0.05008896984674131,-0.00031365126904167915
0.0023305195971164198,0.0507561285193619,-0.021384076964856173
0.001767164838109764,0.050018601559850426,0.006491340018314261
0.0018161104362472878,0.0498591855992958,-0.025118528005246624
0.002127333897796928,0.05066895485990363,0.017127725235828856
0.002277105959752422,0.049649260356100705,0.005387852605974798
0.002285032440007429,0.04977171193255206,-0.0019475326806456035
0.002473557550890042,0.0502357614180832,0.019957479351563657
0.0027169345953463116,0.04945771389498734,0.02504768600078998
0.0025102358899293537,0.049832505312128815,0.05603972722473733
0.001764348819092473,0.04963575121762274,0.05570309872087228
0.0018796156528024742,0.048941476858885245,0.04934153474731924
0.0019976891633805755,0.04997280243369841,0.04552713104371332
0.0020211009967334675,0.04996315130664477,0.032117512493733236
0.001933020447520953,0.04997652778099307,0.007143974119379943
0.002153160234275724,0.05047967853079123,-0.005382599820533173
0.0017580238323319007,0.05023844070896799,0.019564139600462965
0.0019309758977846055,0.04961521122770756,0.005879880694008021
0.0022866778378587247,0.050007163381340904,0.002430896482037488
0.0023775370078643653,0.050226640778968476,-0.00965276643919159
0.0023376937544915713,0.049229154781900125,0.042015405294282764
0.0023376937544915713,0.049229154781900125,0.042015405294282764
0.0025215693523708946,0.04903981118808882,0.05711743362878446
0.002052329237777141,0.05085716456534817,-0.002542978783661745
0.0029444353481745916,0.050418418085739915,0.0022561387947436858
0.0022690098903758835,0.05057795633827832,-0.013813309946043845
0.0020782087962053415,0.05016566420139543,0.0020020676082552714
0.0017981312686633681,0.050277273787673,0.016977363709304534
0.002296275739267931,0.04935506643735604,0.021615296310913412
0.0020463635636914753,0.05002104560510506,0.026031696262708445
0.002414167930998431,0.05007924269098229,0.008365959409229622
0.002223840540456551,0.05047897361756299,-0.01286523120902474
0.0028546846599150125,0.05109005176451451,-0.011659727570067212
0.002168292513957007,0.05065681362068622,-0.03822230745192648
0.002332320906458355,0.04999499763290516,0.021897489935201284
0.0024447619376600526,0.05019946017448927,-0.010687883831102023
0.0021020258738399826,0.05032578518725257,-0.0050079551457554465
0.0021467152974653657,0.05033351029878308,-0.012194300209342113
0.0020619992232608587,0.049482017856155906,0.03177709629524492
0.0018244343834817906,0.05127368160961064,-0.002014824260117399
0.0016822676714078222,0.05007810584674542,-0.03406161558907578
0.001994979189954283,0.05005953949885657,-0.016325274319415464
0.002555336976335365,0.0506257261764375,0.02185345850871146
0.0022809932471255074,0.0492629137217804,0.013093120580510048
0.002961919226717027,0.05000677340494539,0.04803796752969514
0.002122895469745207,0.04983427196697018,-0.003682001840837418
0.002388158394990748,0.04996662877412164,0.02571969592594437
0.001922620426771847,0.04799649256171591,0.10950236809125531
0.001655214787189546,0.04786467558187716,0.10026652939714928
0.0017219573767837933,0.04762558486773983,0.13084367353992635
0.002755649716165621,0.05123793970445195,-0.009859114178716096
0.002581816818834725,0.05050364765013547,-0.0331820163604532
0.0018945817018315564,0.05153505431043434,-0.013492458120530178
0.001862293104353102,0.050738676987892466,-0.022825259648123167
0.0020963731800783176,0.049058486532816956,0.031234746791986304
0.0026452266817562115,0.05024020037872804,0.03185234846832454
0.002743273712712195,0.05052952557606204,-0.054083591308100865
0.0026408336322053983,0.05011756205626935,-0.0761196818865538
0.0020212443638003338,0.04982939658274478,0.03009519117479497
0.0019289982530838797,0.04868861985601212,0.05329555120967611
0.002095955008050041,0.050290224536173614,0.016087028297614558
0.002200834694490594,0.05008640060965233,-0.004407279634659774
0.0024284353905668025,0.05009205944412245,0.0024414227281587255
0.002445756142374204,0.05006368590694788,0.008571160436772801
0.0021810927770281414,0.049970670044988584,-0.007273091355755926
0.0022913567388602564,0.05025181138235645,-0.009896102877303867
0.0024279072692219073,0.050572036005809465,0.00035400087986760893
0.002259816527594743,0.05026017061183078,0.015470621709430744
0.002035701350836391,0.05043132668462083,-0.015695655048632143
0.002027865481987777,0.050604923450324316,-0.01644809972076925
0.0018388066772985982,0.0504185177048327,-0.012876126261356688
0.0018953654100767362,0.05056826196001497,-0.016264284659717177
0.0027998078796533025,0.048785815185919394,0.09752613880219334
0.0020986276331628707,0.04971137273948387,0.04267389064124645
0.0023840512412596077,0.05070825385121494,-0.013621588523555165
0.0024643406691433277,0.05062869464757864,-0.0035804092233121
0.0024190696786175977,0.05039512113679131,-0.015847329831826466
0.002481850900127514,0.04963027577698003,0.012900791319318218
0.0021589426225221394,0.050458044041703065,-0.03696103196605204
0.0021509735611704417,0.05030483632977185,-0.002996844055898087
0.0019019579782904024,0.05022212906618752,0.022685636247476167
0.0020607743449124563,0.049480514340817135,0.012553913545981383
0.0020042963524450007,0.0488435211976024,0.03596240980530066
0.002513916310265108,0.04963142640942127,0.0598882883980751
0.002539592385117702,0.049761931901764624,0.05465974477393479
0.0016419572003857391,0.049026118850074685,0.03058603357422159
0.002042885526589919,0.04991243782557652,0.03765439826455013
0.002480010461266051,0.05049982720225538,-0.013232825205227273
0.0020762528999586356,0.05003710565768173,0.01842256843014905
0.002296738897263904,0.04954320002199625,0.030408401362556563
0.0024110270142192816,0.05003553157034436,0.03407059798290276
0.002498239712225682,0.04989848490941327,0.030000082474934825
0.002216289883454418,0.05030953987820099,0.0006368509117876213
0.0021116607513665562,0.05060607135851405,-0.030490638798691187
0.0027120435880552242,0.05033584786101301,0.0064685362815775724
0.002235814705631132,0.04946930285279362,0.01717708734584373
0.0023720307105040304,0.05031691341127944,0.02572705737463685
0.0019879529031481477,0.04889497509752701,0.043858758996292414
0.0019652058897333857,0.048670092353756696,0.045951590024789414
0.0018874385501867358,0.04911277333391508,0.025772648573962963
0.0018315914513214963,0.050076370247894145,0.031286647271522736
0.002641096383774918,0.0500406696694377,0.047426480981698264
0.0027130429064252154,0.04971716024040507,0.007233413155831975
0.002116704345706083,0.05024184128145004,0.004458487733071446
0.002173847600432376,0.050565741093027965,-0.027803389865662033
0.0024081797226986933,0.04958369479722374,0.03757392524132714
0.0028447585008083602,0.0492549699594567,0.05507674767534635
0.0016697411841998496,0.05084536620081589,-0.06264365554870464
0.002112703912438538,0.05092621927325886,-0.008536796046852242
0.002363258175614159,0.04942336542152086,0.014128819300560442
0.0026510106952643236,0.04977615934319702,0.03528891145712473
0.0023079123274573543,0.05069876099625775,-0.029569976440977315
0.002604592754833572,0.04970784042154654,0.033547624365014225
0.0022820228764366007,0.049690738482405454,0.017266308198175137
0.0023770561368467702,0.050223557266115826,-0.0064218687806436685
0.002552743555724649,0.049993581122361457,0.012308129473392439
0.0030515214505310276,0.05041221412434653,0.04007724851752381
0.0013750261984851735,0.05093735373552301,0.006328324446477518
0.001758332623326501,0.049910665753955065,-0.020139644303448695
0.001917189130553256,0.049735720548634565,0.03243884253524155
0.002270235645932813,0.049555025439738325,0.05827177605854835
0.0024810753043309464,0.04898028093057895,0.05377102509866261
0.001528482265788221,0.04941147927496271,0.00738679237014943
0.0016385473130112722,0.049720415227146195,0.09025175598905036
0.0021700430394095763,0.049188709094466695,0.005198200174045251
0.002545056356389492,0.0513305030176071,-0.01574275520532598
0.0018734342900647227,0.050674217460883915,-0.007649678653566083
0.0024825193959889654,0.050516462994840916,0.020537854856381935
0.0028365554411656528,0.04921948384137213,0.028418589892284338
0.002406437424800069,0.050046031068615084,0.039531600326333995
0.002602068248677512,0.04931662895307571,0.045302352492987634
0.0019734494216614522,0.049877515188023816,0.009373003838263302
0.0019734494216614522,0.049877515188023816,0.009373003838263302
0.0023749817966996936,0.05004039261764984,0.03145325637720116
0.0023021397411919792,0.04978992231830102,0.044076189717401404
0.002624485741730079,0.049401812648482105,0.06374953816188501
0.002076986147092635,0.05155529400268056,-0.028510189290084732
0.002460723139847163,0.049976983464286855,0.029102096588844342
0.002249836739510345,0.05023607645801337,0.021939160280448657
0.002518951727984303,0.05023026692756617,0.0021025894387449377
0.0021981813892853813,0.04894237125771886,0.07502406876641488
0.0018283557961922005,0.0492535523125043,0.06640978965631689
0.002633852061850472,0.05067258201586992,-0.040052320481143926
0.002788682441892849,0.05026367016650828,-0.05234457937704333
0.0028845844295199647,0.05093589296320691,-0.036368372735376645
0.002265437516868795,0.050121060445379416,-0.009960645464167176
0.0018563957994452269,0.04982092580007593,0.012122187815862084
0.0020237799342160945,0.049899017922084926,0.018883029846737145
0.0022337932462434904,0.04941524778764705,0.03955563134535738
0.002694366801279006,0.050112630896227965,0.029564107686909407
0.002474308526016313,0.049988238416009356,0.02309239921129413
0.0030592330260825595,0.04978650208307946,0.0478952953912383
0.0024702842279969136,0.04989724170969218,0.05679477512628042
0.002147098897622239,0.049361248767283226,0.051488187203664895
0.0021301690332826435,0.049592208336017476,-0.018200185230352953
0.002054304876278755,0.05040213265991384,-0.023124857547311566
0.0021770377919187803,0.05130495966218407,-0.05886495755441995
0.0015243837896264682,0.050903007226064896,-0.026821124746660974
0.00270307642119835,0.04867033205754232,0.044386211938933065
0.0021871333520188524,0.0493748954231857,0.06400846547195116
0.0030142334373376516,0.04989037808630015,0.01833912070875663
0.0024114060067848176,0.04979701589624131,0.029469991057767972
0.002168606993300693,0.050888698886401094,-0.03067090993187799
0.0016961301162774218,0.05108515741353139,-0.04822409478140094
0.0028996897977174836,0.05055188680118853,-0.004950137810135972
0.0019322244412526147,0.049707732976857225,0.04360799519815636
0.002007023492675982,0.04989759890177415,0.06313929412973143
0.00220261200922366,0.04958659837237186,0.013653974647897783
0.0022528775156921113,0.05027207409265688,-0.012504894931329507
0.002153385930316344,0.049964406794421205,0.012042768041741411
0.0021032852721404845,0.04981106594624122,0.02246141240736277
0.00265469289935057,0.049691051383348804,0.04014720289276106
0.0017948553102040243,0.049620684613164816,0.03014716209055428
0.0022087158242673436,0.04918916352370726,0.03173954857340891
0.002178920084702279,0.050031879276875864,0.03473580756278261
0.002170372997733352,0.050004804165049516,0.03775758368205052
0.002350391649417768,0.04917953786193027,0.013690324005647778
0.0022841838093411162,0.05010899919918352,0.033010161315678084
0.002645596143140461,0.05008665442952628,0.03853610933009306
0.002124437090212674,0.05124870703663295,-0.031111076455404448
0.0017631478000617001,0.05045337781323072,-0.029910148329686314
0.0020684649642312364,0.05020703240285018,-0.002313767292882818
0.0018487812585762495,0.04988237699537236,0.06530209618605855
0.002395757481539585,0.05096868107781926,-0.03359621465872551
0.0022791521690371784,0.05122019790549414,-0.03617680076307964
0.0024297184795024135,0.0493599942774769,0.021334198061238548
0.0024002826982654256,0.04985941908341604,0.048230465188351654
0.0024000864317834394,0.04971048745080199,0.04151859156425974
0.0023549497328546384,0.049697395162585103,0.038272953721487146
0.0022595965938663116,0.04994153931535393,0.0197847438287077
0.002632209652423475,0.04980178337146539,0.018200652916861862
0.001743682555272414,0.05053563433284283,-0.0014975381664067775
0.0018434056520492815,0.05035893097726192,-0.01460467810949562
0.001480046589483849,0.04940593510843962,0.00557174143129877
0.0019934693586524626,0.050538233460381124,-0.0063100341470396235
0.002550753231314914,0.05025837559258951,0.007245797283009899
0.0020159269382400637,0.049963658369781234,0.046375894952811
0.002366090742431794,0.048960799843504585,0.03702733162172405
0.0022355282281723513,0.05011620381783356,0.026406007972643655
0.0020937051692888568,0.050376957442864516,-0.01327861070002099
0.0021083031889092166,0.050754382109636335,-0.009476124621764163
0.0021531845878644445,0.049878497213406425,-3.465749886126956e-05
0.0025099995947084476,0.050669891361432545,-0.02248076680883695
0.0024008976747766516,0.04957634432559815,0.049675769040318354
0.002368035402367841,0.050768864955859985,0.011979496139719227
0.0022218022286439997,0.04962183164071237,0.008506971731649795
0.002103565783440426,0.0503313426959933,0.0039926926359776065
0.002526714054054027,0.050545530581959555,0.004372559486796616
0.0024901462739075854,0.049961871905056715,-0.017484078219521797
0.002338131901385431,0.04979682475973176,-0.0008475576201631132
0.0023929756445109232,0.05008495951099759,0.0020636141274867114
0.0017655853095599205,0.05096548878405858,-0.03287590441600588
0.0029187522357029725,0.05045494398574569,-0.008255844181698698
0.0024908552806727803,0.05047832891524375,0.017098983482262027
0.00244711341430048,0.05004551764659982,-0.012109111767897916
0.0023218755348260738,0.050339445721304686,-0.02863806639420688
0.0023277644690059334,0.05041610736439266,-0.028415088363225562
0.002469162918798228,0.05030605493952925,-0.004250905201110264
0.002650994689267224,0.05030926148152716,0.021365024296104276
0.0023916528388163326,0.04920980251297149,0.04807166258407632
0.0024616398976768385,0.051421507695839995,-0.0787707395960859
0.002460398107811497,0.05063056126691559,0.022213739587359997
0.0026451183971067153,0.050226251264760886,0.014952810171304159
0.0018992539807083943,0.04909441921412358,0.04130134075644468
0.0018841539426051688,0.048404764273103744,0.05871105888990202
0.001875003915282142,0.0496059852804452,0.08694631965196496
0.002277175809610697,0.04906494563332627,0.008644623927819025
0.001938930220147644,0.04970908319700209,0.040197636724898206
0.0018368882303951295,0.04996651425171255,0.04202677160432118
0.001909135739978638,0.04910012947649384,0.06118870403786149
0.001909135739978638,0.04910012947649384,0.06118870403786149
0.001869405683431166,0.049329204162769084,0.06220105356863383
0.002140181776546469,0.04960190260696964,0.06638256487614934
0.0018991992825277354,0.047935506350152604,0.10658703156905994
0.002134870797197284,0.04920499449371314,0.07700835690255321
0.0026939333566774137,0.0488150996154373,0.05313820304209017
0.0022195896556347823,0.04935016255776782,0.05505829382593741
0.002409209301905902,0.05068518973755944,-0.007316003183343562
0.002358523538295888,0.05017276104471364,0.029720272399714715
0.0024319507021946262,0.04891649404336633,0.042378226417001334
0.0026865778429304276,0.049383734405360924,0.1024399802664026
0.0022742184692693883,0.049445367084808164,0.010230719452935027
0.002104482601705194,0.049939114281326566,-0.014667385631155862
0.0022886172423077734,0.05115903167490543,-0.022903096552777114
0.0019306009420299412,0.0506854879766727,-0.028156660434198746
0.0025170868082244322,0.049568606605025545,0.03003848412033105
0.002507765016632393,0.04978669895473297,0.025057632290531772
0.002336436446733161,0.05058320440676343,-0.009212066804074708
0.002549494797984104,0.05036673855610659,0.004982514330262367
0.002716239782540672,0.050456159873144085,0.009652172717418618
0.0025696130463537443,0.05023943887131937,-0.0004344045219659337
0.0023443670606734255,0.0495273706059396,0.01409187176332096
0.0019733161360840335,0.050281220552591856,0.016743802638098347
0.0018053435844293815,0.05092855072415066,-0.01478133181167996
0.00215550226761361,0.0501849822833808,-0.014585017727320581
0.0019239489082995128,0.050131646402148115,0.006437182447807087
0.0016980505760705548,0.049982347572721346,0.028723752015845004
0.002706162783976255,0.04946657898518869,0.053102599014345865
0.0022905951612243363,0.049493146559470104,0.027510566151797936
0.0016855483762446266,0.04963661586058295,0.03769160561077037
0.0015678689496519034,0.050347770922493006,-0.018698725483189484
0.0015902104255901312,0.0500975928559734,-0.004187352822389025
0.0019241263245914036,0.049626841733093015,0.03528561694670185
0.0027494604853777345,0.05027431182681974,0.013806442150046228
0.0020998974709800864,0.04933544754872827,0.019880165949523677
0.002190003485256815,0.04915316161620248,0.008778421026766204
0.0019447198153285934,0.04970757320590519,0.004673685537977775
0.0017329597882587186,0.048580749002428154,0.05072697321790452
0.0018907573733221747,0.050199131986625296,-0.027520842749278095
0.001964845597295088,0.04843570451903526,0.0921209892930911
0.0016715761820507323,0.0478696063159673,0.08526392986081208
0.0025349342934856455,0.050175942740485854,-0.011850232429365382
0.001928956462309082,0.05057670109289528,-0.030621818494847138
0.0028055341483655535,0.04958055271868898,0.03607873957206148
0.001996355072149395,0.050180484077152164,0.03272996470807967
0.0019327943935016684,0.05011828113113431,0.05838222743838188
0.00199332631338042,0.049524220534901645,0.06978871287007389
0.00246106799815033,0.049368894146850625,0.03553165473958335
0.001999637297515546,0.04948909476679488,0.03990438952599581
0.0021344258583687694,0.04993860952241369,0.006172390996063907
0.0017424881777279727,0.049261482632206914,0.05505346830453361
0.0017904301424802981,0.04953810422772354,0.06582177516633028
0.0016754417640208455,0.049054762851863574,0.008800760149044315
0.0014674043349340768,0.05095164511296745,0.0097361072310559
0.001713163120048807,0.04993495601648583,0.00502185514220655
0.001965308657791949,0.04995055112568014,0.01733591163175946
0.001849041051951822,0.05054130216805162,-0.023379614679369536
0.0029012270661553487,0.05009961796648407,0.02441755115566765
0.002410687711029736,0.04987316658553754,0.0005815777999214161
0.0026105214439384274,0.04980459652121902,0.033639629965748576
0.0027655186544862007,0.04976106314610473,0.01994262789050047
0.001892439391519793,0.04948657549255923,0.023977286748264326
0.0019518535994762034,0.04976269709807628,0.03374978646048365
0.0022810145594154064,0.0493845288187307,0.028944774463768478
0.002230088320754047,0.049481146946032055,0.034331279956657634
0.002258835240090021,0.049052951964423455,0.07155969176162326
0.001758448604747588,0.05002513679622387,0.037629252020661454
0.0018050421417786157,0.049886879659578824,0.03975745777442384
0.0021367649429902646,0.049955269271115786,0.00601220989201873
0.0019893312234163353,0.04984625731526207,0.007487231331746848
0.0018982744672225902,0.05007871374828237,-0.00965247443840431
0.0021707725264377632,0.05051143971085366,0.0015546538092524815
0.0024888693729547655,0.05025789317256273,0.017327071618617962
0.002476365784530449,0.04936611014113878,0.020613452094601935
0.0019048899076794731,0.04919564613167674,0.02933775526246822
0.002525433887894169,0.05020939121927275,0.0049072860523636744
0.0020225776330920374,0.04947212127067676,0.02788528462649847
0.0018825538979932133,0.04891115376964564,0.04551506789575162
0.002350104034054328,0.05010847778164317,0.023806477124876064
0.002233223310030322,0.04985477606013611,0.01995351918213778
0.0023518567869306515,0.04989781538175605,-0.002943707668119882
0.002197750327454209,0.05016101232577501,0.03671501162237522
0.0017518165645647513,0.0489796151625265,0.058228809716361185
0.0024999008390337984,0.05049297015742879,-0.01339545712421065
0.0024217452671480284,0.05060891101926168,-0.008424748378965658
0.002667830538377858,0.04991104141471066,0.01912887889429415
0.0024602437356259325,0.04964561494168228,0.026182455574569875
0.0019599342289278398,0.050872763045681384,0.0025974264935844146
0.002112736929937726,0.0499241958639956,-0.01915351930556766
0.0027343991079022355,0.051098834809194735,-0.023208427811301984
0.0022339156698496896,0.05048717327623093,-0.025704387405820716
0.002116505058544633,0.05020158961777901,-0.011778113214749827
0.0022093117796313446,0.05055454995918731,-0.009844372643496122
0.0026007167821307463,0.049773677502721554,0.008483290001325004
0.002520008498169735,0.05002641051656873,0.02458667075444604
0.002258493009195827,0.049623507599875855,0.001946662992101875
0.0022499849981044207,0.04952534347847627,0.0016680086836629528
0.002831291405420215,0.05016505464709249,0.039679985163672125
0.0025313277571506502,0.05029941414441645,-0.006784273496174734
0.0024012006022913167,0.04988812049698573,-0.006914141664822242
0.002293014751867793,0.050337647843167625,-0.01274743266506768
0.0029225049422403797,0.050254651772280896,-0.014311136115059181
0.002286254536022843,0.050229569474829976,0.010352101658485836
0.002243514872363141,0.050093876474368026,0.007447650659626278
0.002475971203036367,0.04992839760187462,0.019345940573973024
0.0022318326072605383,0.04995439768736981,0.009137334070092314
0.0023509099038733225,0.04961780104935255,0.023199927316663066
0.0020560026425552446,0.050707601361400303,0.004198838609748679
0.0021602693948068867,0.04926750249861742,0.029432313143026474
0.0023219072508265746,0.04863398779600616,0.07504343435021697
0.0022895894850793633,0.04872762197006474,0.04693997475539606
0.0019046667505601086,0.050231665952258926,0.033091674738541445
0.0019926874157276233,0.04949898843515483,0.02191124300624531
0.0024820867448549157,0.050000663092058036,0.011225053980866472
0.0020631787051332852,0.04997301761560321,0.003166533369109428
0.002617047336905033,0.05013033992151165,0.029215944989125213
0.002612469428154304,0.04961271822020277,0.026170005883478457
0.0022534302958457904,0.050861363848990086,-0.03149641229066194
0.002308706902544427,0.05075318551516614,-0.030556408021921437
0.0021474715068613075,0.05020071204884267,0.017262115305849108
0.0021968549595637577,0.049688813588360865,-0.015513404415935027
0.0023950450630809126,0.04955154628054659,0.000372215223338756
0.0023998306441216665,0.049874154869907164,0.0486243885998204
0.0021386849786408126,0.049559678701450734,-0.006233963328405955
0.001988383332830737,0.048997888850672154,0.05954603114187903
0.0019903683057432703,0.04874317268195707,0.037172918549568494
0.002083279641605252,0.04953397220254627,0.0036526871835504066
0.0022487081786696224,0.04975418500623653,0.018519392675460794
0.002158904270057033,0.05025004154070353,-0.004052105841194668
0.0023053974246372787,0.050272300112981234,-0.017246250372064936
0.0023104483291173155,0.04970507706194368,0.025657899530237616
0.0021991475529435957,0.050302662398113956,0.011927746680387721
0.0021017218287753803,0.05033798767138258,0.008203750397364989
0.0021665254617247057,0.049807985787565345,-0.027133842565542403
0.0020724531874898775,0.049670358888655015,-0.019218387780956744
0.0021504976275164667,0.04997536900228896,0.043196999393155716
0.002376478882365271,0.04900512497631855,0.03955197837950737
0.001879075805783746,0.05063619491638345,0.012629915377410195
0.002216809182012276,0.05091766251334788,0.0252044460763061
0.002104406787623795,0.05012153092451084,-0.01770697916028405
0.0017702024335572977,0.04976226495581961,0.03197456860977471
0.0018584530536627536,0.04939590930080815,0.025962125974134827
0.0019965431099696657,0.04942623278072605,0.03313289829474654
0.0024973037927512767,0.05018257016803992,0.012222382736211453
0.0021684711222627845,0.05020801758510854,-0.014694819064386227
0.002352003343283754,0.05004697593156142,0.038823914999336684
0.002295270938985812,0.049143014600650306,0.0508849785150849
0.002617768649852234,0.048810517619886445,0.054395012094658225
0.0025953335170704767,0.04894912698889193,0.07012772939518422
0.0017346642949389967,0.049732187769358734,0.06605921863710174
0.0025760646530564465,0.04995173686470947,0.0018291814245302033
0.0022985509579925623,0.05037357457300515,-0.009812828321906702
0.0021817458483359806,0.05100734813519348,-0.02140542559000136
0.0022364043236874145,0.0505352556895108,-0.020051505044249043
0.00238685188245184,0.049895616052192546,0.018005072419658995
0.0031597252626097225,0.0500733001280954,0.041955680244340265
0.00200059694023233,0.049658051507957324,0.01911935446924388
0.002214314668911248,0.050342617246668206,0.013026945195965792
0.002777686985903293,0.05043194872431363,-0.0009482340258736483
0.0021808207152464684,0.049252422365116996,0.025328833261366097
0.002335554831339315,0.05013380532008079,0.029484699133718935
0.002367764987288531,0.04920986430745291,0.029712069063559898
0.0021641965975797255,0.050896087047590036,-0.05702401861081407
0.0027345528051117966,0.05074980293868324,-0.017178684262522326
0.002280207065970874,0.05017283203810153,0.01630208966249868
0.002137484751642662,0.05082264272228318,-0.003373980841384977
0.002157314236909716,0.05137885192282027,-0.0442038318993037
0.0021568950842196914,0.050492075767608946,-0.029211980919267314
0.002784331347607744,0.05046067055548689,0.0011833164570074618
0.0020626396794695663,0.050336563420673164,-0.01888704066254503
0.0023283771477527505,0.04913855743646254,0.04433219309681902
0.002466454494651843,0.05023254409156994,0.005966799720491642
0.0026823662511044864,0.05052061293326267,-0.021456377910746536
0.002690921190736855,0.05110330763084796,-0.028690415955221964
0.0026507353654997897,0.05018330745227057,-0.024665907865665807
0.0025629227071285823,0.04978412893531262,0.05394297848978439
0.0019172868862606923,0.05111959398432516,-0.009875174827376572
0.0022745296264557067,0.050377046860678044,0.05067948523279182
0.0022440617335988777,0.04947524645766003,0.009058037253502972
0.0026639886306247668,0.049695568391331206,0.050992190977944184
0.0019714906546637622,0.0503238586132062,-0.011773800034094674
0.0022328004168193,0.050026701140183705,0.012522946225141596
0.002223894564480345,0.04941902248079534,0.01695489353529781
0.002077189734760555,0.04940297036614791,0.027243751526481615
0.002108368665701073,0.04930028837408747,-0.015168434026816816
0.002250013298047737,0.049414681129349866,0.009480707097458053
0.0027421945783722102,0.04960606992453259,0.048813123038881225
0.0025318088772188327,0.049117329582761285,0.05243715311291272
0.002120189021123332,0.05090990053503978,-0.01935638492651523
0.0024494086814766326,0.049451755800735735,0.030808031724634713
0.002398039071998555,0.0499486371527442,0.015607028277859307
0.002318291833122651,0.05059768606433161,0.0013595357254029227
0.0024276401017292535,0.04959427870180947,0.05447758578649767
0.0024301823068061047,0.04953103104181726,0.05359205060480311
0.0022254499782132973,0.05100658633479669,-0.02685558375334888
0.0022165997567529044,0.051530038575003524,-0.035340463085139634
0.002376773159843256,0.05134509064474369,-0.05021469971851156
0.0021545015978189424,0.0482697897080766,0.1102074242930096
0.001861237148151147,0.04791053647798838,0.08579914139328641
0.0019501389187657455,0.04860136257241386,0.10553272204051072
0.0018332644949953139,0.049567600925981836,0.015904747038959343
0.002867257855652906,0.049946374514980275,0.027144535785081532
0.002867257855652906,0.049946374514980275,0.027144535785081532
0.0022121579046130036,0.049887149596574414,0.01297777420556951
0.0024910806487725085,0.04962192916727703,0.04089966465769761
0.0025129698423850522,0.04978626564936574,0.011353056813754207
0.002191567581798238,0.050246221557141355,0.01291679208448794
0.0023913454632154803,0.04980647653410652,0.00982224277933038
0.002565321103281734,0.04951249190159764,0.02029557992579898
0.0024371212181541545,0.0497682754947216,0.04019890311046624
0.002422583337000909,0.04999389988407731,0.0008863030225424516
0.0024985465840666765,0.04994128246113147,0.018799028865696666
0.001901174767880959,0.050058985094053064,0.024380617870944202
0.0020131796407995227,0.05007892189892718,-0.01341008695792854
0.0023768065822205647,0.049708522257436605,0.04330589638416779
0.0024017599462194555,0.04892715171086687,0.047438207859029635
0.002486256022990125,0.049279569641505115,0.007748988769019018
0.002018781634558152,0.049728910192069625,0.013624898989205648
0.002247840632500302,0.05033579587301459,0.02266289589005549
0.002341028583248195,0.04991161804854175,0.02648073076850409
0.002739184379376303,0.049632917319404654,0.020068700532981886
0.0020569180840997094,0.04924139313267899,0.034324060097807495
0.0029836034390612505,0.05059366416383966,0.026279672432235123
0.0030255457401730237,0.04981565829963043,0.005964527686832131
0.0025996930149163864,0.050447983583302235,0.016593316056926443
0.002435436355045702,0.05071636951637451,0.003628007033997342
0.0023950349460480917,0.05057478791096228,0.002534148101391186
0.002576138953430568,0.05079347275048975,0.01653255308340343
0.002149536172253728,0.05008198292988027,0.005119864406180919
0.0023085033700597345,0.04948312957799367,0.023033929785132363
0.002496558760175773,0.05003148999642984,0.037397754678403
0.001969212865734694,0.049184978627105524,0.010537492503223835
0.0023572720046482103,0.05079303645831945,0.008710394313735529
0.0027688917124207156,0.04911569287073435,0.05857255403030423
0.0018638932671244282,0.051694430783770264,-0.029219162823833703
0.002561668230035511,0.050943954409593636,-0.060844415230058534
0.0028095481514546906,0.05163362166118501,-0.08304373295065819
0.002407671180754862,0.05147552478512788,-0.06099770534044266
0.0024286031815505095,0.04954734732245355,0.03081679225292304
0.002134016024178011,0.04993796358562195,0.006134892121909312
0.002257260685171882,0.04993761487034763,0.015330305441287878
0.0021077020350306398,0.050839896262597196,-0.014178068700251548
0.0024433221587544865,0.04955395442924774,0.05476870851885289
0.0017975913548043195,0.04898562940937447,0.03916122233395556
0.002126926357361822,0.05044538544570215,0.015618741032650766
0.0021480441616538912,0.05048481844564052,0.011185091306778519
0.0028247587610963224,0.04987835057853027,0.00011429661855326821
0.0017746271520843457,0.05046087404864701,-0.02971756930381015
0.0015292224157441557,0.05032758285132265,0.020623584191204348
0.0021039322480619956,0.048789438193832135,0.05353919815792729
0.0028322479746889537,0.050316707845859836,0.006975504943972563
0.0016069665406406395,0.050157230085306426,0.009007849862352002
0.0027645107603541668,0.049815055545715164,0.013049536117447073
0.0023502202289959182,0.04981174302854274,0.024345596653110663
0.002717018162739994,0.049965552433282566,0.0025332824306186362
0.002876499011197166,0.049916217183518095,-0.002014849593572293
0.002219656536939003,0.050266599429353256,0.015790620693788584
0.002403454979607589,0.049543354776254406,0.027221770655805284
0.001973583165978306,0.05048220285893306,-0.02718623167903802
0.0019289716732513533,0.05043036895196016,-0.00304245591445804
0.00192607234158148,0.049602171685425495,0.005878730222099064
0.0020783141841056096,0.05056720480195334,0.005051979897475045
0.0020032134583436987,0.04978924156532518,0.0005064260245394594
0.002283681129957562,0.049958602653315476,0.02727036059650786
0.002201154242613111,0.04974282254838435,0.02090290017020469
0.0019576628114774224,0.050223674648555205,0.006684511432008713
0.002025992596974413,0.050568393682758145,0.021119978341937705
0.002065732058909505,0.05037463059533737,0.02555207087801069
0.0024838518065347323,0.04966268631939669,-0.007468208020185563
0.0021199094377130725,0.0510394083038168,-0.009618346414967753
0.002032196608618047,0.04908402585845475,0.030036452822329106
0.0018223634788038258,0.04993143499768765,0.038796335745495784
0.0017874331612130676,0.050507401822965425,-0.0444682977227145
0.0027117360980691077,0.04974478852944846,0.053628108602431314
0.0018504518732918773,0.050517366646897446,0.0057516923587948065
0.0016520102313613185,0.049863295853763805,-0.03906070282563602
0.0026828505908911356,0.05020932000330573,-0.0057113082001088
0.0025014228370523325,0.04921162397275639,0.06126931302025999
0.0018284882279384009,0.050401633502355374,-0.022554307315117764
0.0025243202657325658,0.049397370790632174,0.05023548257057859
0.002286905447360195,0.049916935032973925,0.035241860163706645
0.00222931436481434,0.049989329387340374,0.07146016953162736
0.0027351006677481123,0.04939470814909098,0.041862911693918876
0.002428556262095659,0.05095003908540625,-0.019088159145274994
0.0024669855109016392,0.051246128326768135,-0.0388557937031539
0.0022591502497079966,0.050967212532872536,-0.037711417015184275
0.0022808768191453087,0.05051747055017988,-0.018176009329620473
0.0024473067067334315,0.04940605583473228,0.04456263896850513
0.0019054318011392337,0.05009972167608435,0.010733749287946246
0.00259459977253491,0.05029304476155828,0.020400728098564268
0.0018291401281204521,0.05045922521774493,-0.004498693260832653
0.002774491534450001,0.050119345339395764,0.013288441017360195
0.002514777507382628,0.05035280399530005,0.01248572083480474
0.002282261147306032,0.04999988525290231,-0.024961998889663748
0.002369198256942131,0.050092929434373316,-0.013254490265450062
0.002703212111191982,0.05018424188978965,0.04054216241187151
0.002532009031557873,0.050053981453475165,-0.005118800883936095
0.0021319064225417588,0.04965977848592356,0.06721027005196974
0.0023050601534487566,0.04918545542930054,0.07030859016633446
0.0022713662499486754,0.05124560663283363,-0.03174773840745229
0.0024771715662231164,0.050495585726227414,-0.024323843266556292
0.002644543705913219,0.05036578467812951,-0.017811042837794878
0.0024856692178408563,0.05095130265120065,-0.012846046463257875
0.002474100729009782,0.05108935009198999,-0.0095640401303851
0.0024191103633020242,0.05051298190765606,-0.044236848241456746
0.0023607830463913725,0.048964583448151536,0.03657670331075643
0.0019679434037145065,0.049308261387348826,0.022391124173384288
0.00237869865451677,0.05054123705218462,-0.05543083997922011
0.0027432164325630897,0.05109550555095224,-0.030326096979975074
0.0026536500946377417,0.051004332875091596,-0.030989308472988957
0.001456613296788675,0.05036920260625,-0.010790550662740633
0.0017370558159795664,0.050375072545936685,0.01895874373622473
0.0021051311092610808,0.04942776247780393,0.06566958584835998
0.0026997157315187094,0.05083078912717227,-0.0235743806569498
0.0019184317775082997,0.0497906435045637,0.027052604278814795
0.0021351571691792244,0.05006462831695881,-0.008588226009755692
0.0020713691424495704,0.050006827607630956,0.03076032030175297
0.002164328679108034,0.05022200091975701,0.01825005597940281
0.0022962144869433623,0.04924394300290408,0.013758522605711037
0.001702966495414615,0.04913935592773045,0.07629397075371859
0.0017519091822486043,0.048426981130754256,0.050563906317599217
0.002194674836706022,0.0489083251783618,0.04989189636837765
0.0021553088392432525,0.04925037724086657,0.0521295916252081
0.002264731118060569,0.05054328310793219,-0.027160337003081382
0.0020741248071450154,0.050900012490150436,-0.03193018531405349
0.0027581821907371167,0.049788678550825284,0.028199365738612474
0.002069904023259717,0.050139206241040055,0.011910873702327466
0.0019364251878308625,0.05061866172580266,-0.016455672083298716
0.0017672752165066104,0.04961862645861963,0.001156794307931372
0.0017989219466799254,0.05000539086270839,-0.022424435715365895
0.002248317753774092,0.051686551140814656,-0.03963397437846913
0.0022309521312422454,0.051705969765499106,-0.035198884927628064
0.0021680279183428084,0.051928351702452996,-0.019747600717226456
0.0020433283563454333,0.05045893153529029,-0.042214401315187194
0.0021617604097646107,0.04900377158750676,0.03056254567913941
0.0019726952595514958,0.050618722336904724,0.017557304302421667
0.0020249270333612007,0.05053938710249452,0.0204274869586564
0.0021449472528017955,0.0499142032040143,0.0019190513239336696
0.0022329511799173817,0.04931655254215071,0.030457531047757117
0.0023966240434443358,0.05041706351332311,-0.02411696569825526
0.0023872315835394725,0.05084828982376656,-0.01840552209258825
0.0025277957808546247,0.05094981252296013,-0.009132043745101367
0.002286861038882719,0.049413147353846984,0.04003748217681589
0.002286861038882719,0.049413147353846984,0.04003748217681589
0.002478839709797066,0.048975305684701355,0.024225895011437373
0.0019659496805781267,0.050231424510894115,0.03512411480557091
0.002004220424778732,0.04983132623023966,-0.01347899595210607
0.002215833932878549,0.05101350655930465,-0.026521861177429513
0.0021154347242670337,0.050318710652331684,-0.035461850243983115
0.0015390745041810377,0.050557056207431686,0.013413697247271884
0.0017172998041760574,0.05063223906598971,0.019738135966119046
0.002039134046126355,0.049804204947450886,-0.018729176575132532
0.0026332670205570408,0.05003305040585388,0.038087048950397294
0.0028144724102047427,0.049773125279425456,0.02612836547613457
0.0024839479292595736,0.049522199343085306,0.03991490572573713
0.002206981444583489,0.04981184361325847,0.049481349888351546
0.0021208417717178667,0.04961912382147493,0.01920861098419108
0.0020673288878167184,0.05009067761859376,0.03278951244758252
0.0026895707220810643,0.04885582784831858,0.05562170935314825
0.0025811535068312225,0.04927254221495351,0.06468295683845107
0.0021199663636729707,0.05093822823431363,-0.04538582495878722
0.002057785637631233,0.05100749961637959,-0.03148775593992516
0.0016613895858325815,0.04859319802040792,0.042590866734704066
0.0029715437804897463,0.05019523035906114,-0.024085860176007175
0.0026636817820290077,0.05104020479290148,0.01604523177066758
0.002139783909418686,0.04996893507094966,-0.028761661403859516
0.0019794085839017713,0.05085915009324536,0.01385367028096566
0.0020925877559021806,0.04925506277268473,0.01727443327704212
0.0021289911230311944,0.04920268087282791,0.017036574154749188
0.0019654994230170505,0.04987664358583965,0.04884006577725954
0.0021934556125411107,0.05058197460078957,0.0018688523428866761
0.002373432769953549,0.049999063154684005,0.037015448647238366
0.002519099532883917,0.05018806016689706,0.012103871686578352
0.002141882815327222,0.04967281491388714,0.028102429416644873
0.002461758565391423,0.04996231439982218,0.02483604076833059
0.0023475253872476554,0.0507803379043843,-0.01887343418768356
0.002749368242077056,0.050739395781324616,0.0018067042138712307
0.0024301496061215275,0.04990422905482661,0.003480950589737788
0.0022364721437453583,0.04965229744758621,0.020217394753596733
0.0023429978227451054,0.04997338742592189,0.020414133043682888
0.0022560349590140557,0.049892967028776644,-0.0006265210427077342
0.002059285518301209,0.05033479053240392,0.007161681668438791
0.0019597786110912936,0.05039583710456122,0.0015855503306125853
0.0026568496255599695,0.04977236379790905,0.05047704609924597
0.002293768117873176,0.050768568343676525,-0.060456891169681864
0.002242143114094408,0.050824426399798374,-0.013350202228347527
0.0025672038303527216,0.05013691165330531,-0.006362089411104704
0.0029393374508062593,0.05077179946675522,0.003125415287038523
0.003044335839049724,0.05074942438597139,-0.0006786212441217053
0.0027908371771968293,0.05020336145525448,0.011153489606373992
0.0025217166010098346,0.04998331089232441,0.0010267801430414128
0.0019906850452737243,0.049538137050296284,0.060683638223153674
0.0018273611082704777,0.048864841599115076,0.05135850938031608
0.0023080471842693933,0.049575125311828026,0.020000523157960148
0.002037897992602217,0.050020600097891645,0.011372346226749673
0.001949147772984164,0.05027769902777233,-0.007618232085705933
0.0016473126986503248,0.049844242304998995,0.03153481602844197
0.002192060020751872,0.0501014960507128,0.01435502755759819
0.002208805340192707,0.04991432510916226,-0.011944837862171638
0.0024979594420164917,0.05004557306246756,-0.027905450491716333
0.0015788331637171954,0.04961399088598231,0.0751563267446835
0.0018888464236828891,0.04838883521388885,0.04226324799699053
0.0023922929769415635,0.049824282812862254,0.07477055612955279
0.0019891048538042354,0.048466358351299345,0.055601210000120936
0.00189163095029074,0.04888297360290234,0.08468234299645874
0.002101115810435093,0.048368350126863816,0.08273599226938065
0.0017911241398692746,0.04857272722026149,0.06472760808203819
0.0023993262378999157,0.0499090416754161,0.06716873650877693
0.002505278883662699,0.049263750603512464,0.03868465271320606
0.0028780520017598838,0.0493560708059725,0.07618955855847082
0.0013750583383418554,0.05003689316177922,-0.009477089656631
0.002310108446067501,0.051242457759171814,-0.023718434846291648
0.0024727884764077206,0.049769753970855,0.015988518924899147
0.0026579073795335684,0.05003370442496809,0.019744425800649595
0.002338756541935963,0.049482849574824836,0.0008556015573511349
0.001953548020783179,0.05135957579120491,-0.013359838668147625
0.001884950907541811,0.05072227001381502,-0.0681094658612318
0.002018999839535059,0.05093427145245081,-0.028131105150404654
0.002176495534161057,0.05091443802891964,-0.023288964117646877
0.002075494835299611,0.04733848733964528,0.12368449979387222
0.002534133617455987,0.049750801664833665,0.012520825395483772
0.0027390274997936936,0.04984593971712557,0.03870960546519343
0.002413894864185925,0.049840411270224545,0.030249500991128896
0.0026216458974139896,0.05004032418011659,-0.020992215298757923
0.002432678908598929,0.049761347981524415,-0.0353193499121027
0.0022063771091192738,0.05040259511736823,-0.034502271678612646
0.0021497032523462487,0.05077619790243014,-0.015223426955569238
0.0019906592813527476,0.05122200512816717,-0.029539820671095694
0.002473955030216251,0.04908322406715978,0.050647307609688656
0.0016624495228031596,0.049181589747788176,0.04979015514051198
0.0019011254612969414,0.04946329965246649,0.042844059547602294
0.0017997315825072104,0.051025719832339105,0.02894711552441763
0.002649382391284745,0.0497473465942052,-0.017127001123555564
0.002144339834239067,0.050486758627332776,-0.014897989339723932
0.0019510150991722218,0.04976471065252972,0.0017650414555578718
0.002678449644770098,0.050731840122122354,-0.042426209682386515
0.0018856889998454843,0.04962597354942443,-0.00799813659346868
0.0020079076583819464,0.05084426122768161,0.006661326322031463
0.0023065291386241854,0.0489857576057441,0.0057795813735929645
0.0018288391771104989,0.051007376586572645,-0.07311126414594414
0.0017578599138672248,0.05086484944252153,-0.044913653854114895
0.0017765830931635391,0.05104500578865195,-0.04017266409387448
0.002833931881308818,0.049505590466441506,0.038215510351888145
0.0019118963971781358,0.049440185043900985,0.03601483367875865
0.002180698479278259,0.0500236425520337,-0.0003321395571802136
0.001985339852293743,0.05007460465615304,-0.0015448482176436105
0.0015417009566913178,0.0496889367010423,0.006177053885473379
0.0015657459124423278,0.050243477233248866,0.016162644511485746
0.002854307301725077,0.05014857093780888,0.06159676163974945
0.0026186896038422184,0.04953470648765831,0.032378314292719416
0.0018811509810290224,0.05037113476534577,-0.011486817972408967
0.002519604640014977,0.05005787587181125,0.00406681626405169
0.002152871972534391,0.04982554909960981,0.02843730805939486
0.0026591568052559333,0.05056122633771978,0.014317826429315988
0.002124495348274888,0.049841528058755157,0.04127666177374538
0.0017613532213501411,0.05033811567859187,0.002563047878008304
0.002015508145437527,0.05020414597264353,-0.022341383427791232
0.0026236915320825118,0.050213717095574414,-0.018933960887040996
0.0022006659923971433,0.050946771655471845,-0.002152163335939726
0.0018145867020825776,0.05016040365685814,-0.029599462204304983
0.0028405760653705597,0.05008207732979867,-0.007319984182675672
0.002878657264885458,0.05014452193220086,-0.004750867574667734
0.0016135191561944674,0.04859043436622401,0.06873324909488114
0.002002575300630131,0.049201288724414025,0.06639817263448575
0.0020329556380701023,0.04880698801287215,0.02672549739307654
0.0020115367379528516,0.049532263236792454,0.08713987726682904
0.002454444820650212,0.04926802418738758,0.0014404256033581722
0.0020348381494247137,0.05068883322237919,-0.00887652929945375
0.002531399520806609,0.050791576838247005,-0.01233985951114332
0.002372501308838979,0.049579822187349555,0.0023420364696484855
0.0025944964452780995,0.05102826304302364,0.019898946973275513
0.0028369924589126566,0.05070950211169296,-0.04455292402741473
0.0025642970975862395,0.050469035380591866,-0.005493137774271408
0.002465416835637593,0.04975080285977765,-0.004517021973383177
0.0021254854439357413,0.049390501548020216,0.08301237406399059
0.0023445108814952975,0.04867082986857295,0.08200692522910367
0.0022722950637515775,0.048551396635672234,0.08541063791010338
0.002473074943547312,0.05024452160672125,0.004012253695841804
0.0027197896801277343,0.04998136591355958,0.03665941247626153
0.002459269388510478,0.0495034306728035,0.014065786769424611
0.00211018030845732,0.050378923211399654,0.023421589099676277
0.0024320774130055702,0.050123570494601914,0.027520770885645945
0.0022920597229212345,0.050220273482276215,0.0031202140726058515
0.002295812552281862,0.04885937663199368,0.0607703419440022
0.0016891043026637444,0.050388542697383736,0.01395585639129659
0.0015737567847489249,0.04999804040750566,-0.018621236068096837
0.0019086236107224094,0.0495067093901222,0.05223566776463356
0.0028156270697131934,0.049626323359010134,0.015527967552038122
0.001967056072842214,0.04991007224818623,0.024321472399881677
0.00201477782231235,0.04961565618204915,0.008164312390022362
0.0016240943100467979,0.04976305623941342,0.040338978748907406
0.002226912241108177,0.050306972328920015,-0.007446178666317816
0.002400476184358388,0.049879714816960824,0.01253573830092574
0.0025241073162673745,0.050574844045965454,-0.0064245781929239505
0.002522962055654492,0.05053877340641035,-0.02070820615916251
0.0025775507134256043,0.049733531203340064,0.023221953541117748
0.002626141967614435,0.050134754581016405,0.039963549095522424
0.0020507982582518287,0.04936545172287093,0.00651254778397
0.0024616288933315936,0.05132680996694985,0.015004149423639559
0.0025058431832529083,0.05123871916558748,0.009371338439308536
0.0023841083871553813,0.04877817608297379,0.0618155294949849
0.002658712147413608,0.04930323955222051,0.057220385884395056
0.0025215270614370035,0.05103055047284344,-0.027412516579205674
0.0022426940167885566,0.050673069133527614,-0.026528890553166665
0.0021310193450486477,0.050878750541353164,-0.025940533589357592
0.0022356423233226724,0.04981627965445057,0.0077669802559123605
0.0022211149476365094,0.05014529414941302,-4.8822009986339976e-05
0.002441919000817212,0.049291640339211816,0.042095029436260256
0.0023197620939785953,0.04998124380234454,0.03443777581728346
0.002078343457502942,0.049668618757953344,0.010978775313042729
0.0019475321001915938,0.04938900429952496,0.005016149258799898
0.00238649976302122,0.05018859942515692,0.04652685228573564
0.0020661810123534206,0.049269549186201,0.02598165128561554
0.0020558690793148426,0.04915333062680903,0.07205981726238728
0.0021593222958199297,0.0489265125942797,0.07616518368087097
0.0022049425601177526,0.051083678788064274,-0.04994609469445378
0.002334650172999546,0.050447298110751417,-0.021310607210286932
0.002054902750207074,0.05062771064309493,-0.014241792124542981
0.0020155764853573774,0.05082836007568328,-0.016538317075424174
0.002065432054097779,0.05012068010921439,0.033078316070199135
0.0021243707890539034,0.05029236409785276,-0.0327700715866885
0.0020549047863627525,0.05013405348252461,0.012266440405438448
0.0018831925124258807,0.05124811220797827,-0.0251394167820521
0.0025936327518777343,0.0498282114669119,0.02380452428542463
0.0020976749844020515,0.05033794022022056,-0.010254352134913606
0.0022341037750255796,0.0496560568155956,0.029074524898130512
0.002634301593008002,0.04965103455127197,0.042202746016427574
0.001746971184304917,0.04917726760559799,0.037648535064175065
0.0017019651870873998,0.049530560625977736,0.025388208971740066
0.002122916376606188,0.05051222596340449,-0.03694999210626056
0.0026898745297614913,0.04883717328892461,0.038105418405293516
0.0021464184598329605,0.049482133428225585,0.06841515849202562
0.0023724459292744924,0.05076528193228524,-0.03850337387433898
0.002433720052889776,0.05029167207756155,0.02517006235240422
0.0020921700720076793,0.04925408927546116,0.06917047942598926
0.002088946467152823,0.04956524148305104,0.046591266655629175
0.0024021426795259333,0.04997866628708649,0.005019049481682162
0.0022400630401423712,0.04913637885798252,0.03620772204099269
0.002113711531096825,0.05029443256585392,-0.01229693578722848
0.0014936264164641432,0.04935183143767764,0.036315028163632176
0.0019043832251144886,0.04938797613123365,0.048260829793421854
0.0016361102209656575,0.04892304355808576,0.06211908203488679
0.0018222239105721485,0.04867692740458358,0.05030883883228765
0.0018841741760694244,0.0497420680011203,0.029927991841780917
0.0014511554189997643,0.04976642926461094,0.0060451623146145295
0.0021476240162548463,0.049725447925719646,0.029964182730924643
0.0024754895865571652,0.049427347782328705,0.05414767546804056
0.0024775116229893536,0.04938982710518962,0.0552468363821032
0.0022996688474401033,0.05051064866729803,-0.016922788341341713
0.0021103374248160793,0.05093087277702284,-0.035796798791853664
0.0021354407120465634,0.049754898176379625,0.021564779147646238
0.0027017695675477307,0.05025646309086378,-0.005093220349171185
0.002565812185503844,0.05056890534539264,0.003355634211521096
0.002281879581564901,0.04971270713550839,0.031143000148030932
0.002562260984536989,0.051153243925908594,-0.026972248340474236
0.0024179833796342328,0.05092332719633835,0.009801368171490596
0.002154318342708591,0.05064388203984857,-0.020915164218041037
0.0022515796698744563,0.050432522264329406,0.007095866942245076
0.002500734384609951,0.04965112190022984,0.006731235295226093
0.0022790127852807423,0.049778752896648265,0.03907377106218602
0.002464530132611106,0.05018204299901907,-0.021058037607012196
0.003274597872719923,0.05121073917565556,0.003849254930516541
0.0031296051189706967,0.050986481247753464,-0.016455086485757157
0.003059610382325921,0.05051264726864934,-0.038548136598702626
0.0026267669924504773,0.05117154059857193,-0.02507725426558184
0.0026045631452785885,0.051083413153293865,-0.02915859836626113
0.0019474264296217333,0.04934555225764619,0.03571729471897864
0.0023524146426885106,0.05000496852910296,0.016226828812686084
0.002355859589585113,0.050328079097406817,-0.007912079332323274
0.002155754471529516,0.050008443068318593,0.0003174535097337927
0.002444713559791017,0.05034744602703584,-0.002285237206496461
0.002418745995866895,0.049253453628295696,0.036966156376847824
0.0019601703504404174,0.04949272087408761,0.06190509716750146
0.002024793277245885,0.04951682459671752,0.05559186932321437
0.0018798169167291864,0.0490096549817711,0.03847238686390004
0.00244101434455449,0.05031735048807653,0.011373147668722043
0.0020953606909919825,0.049560165355661046,0.039550385161571104
0.0021465960227276958,0.050291968476941985,-0.0285219593058933
0.0022299821026346717,0.05076195850313918,-0.027400812794909447
0.002993869318522143,0.050759552457247496,-0.012132360733315266
0.0015849715560541096,0.050343317436469526,-0.01845941231960157
0.001640581981055454,0.050807722498690054,0.0034357446873040875
0.0018484010285080871,0.04966055718295907,0.0037823849460725833
0.001698995564919793,0.049539108779982924,0.021138470550292797
0.0018084319546445484,0.04953164049735216,0.047958384965236016
0.0025021180778046935,0.05003274149162347,-0.00920291007719888
0.002483675810784142,0.050099590894647876,0.018812148497485175
0.0018186665547799336,0.05062262518356624,0.036955136222950866
0.0019261370341447418,0.049709034064109855,0.02524238324694036
0.002362440016789355,0.0494699574317909,0.040146090389257816
0.002362440016789355,0.0494699574317909,0.040146090389257816
0.0020507818133143558,0.04950259322319996,0.03335497521927619
0.0023680690048118163,0.049177468257522804,0.056833691574000894
0.0024877917243393403,0.04993429919324375,0.03156577696355405
0.002391907419432271,0.05019277065123881,0.03411768530240025
0.0021012808031984024,0.050275577294302536,0.002944017315057295
0.0021064535618480935,0.049907549498403196,0.011045662379488343
0.0021030934243498963,0.04992922086790409,0.00669407224172374
0.002488223694755955,0.04933264129783156,0.041645124423634626
0.0026420689112872774,0.04950189007353539,0.047964964666978804
0.002214111181056059,0.04850798787957015,0.08445768156686216
0.0019851385912895416,0.04995931197370673,0.011177320049571164
0.002009006092144765,0.05003888179733281,0.0260140968790818
0.0021086897646881934,0.0500221401388637,0.005931226019831408
0.0023093497434952984,0.0505916740168744,-0.023415809460172545
0.0023733273188402647,0.050418086868695096,-0.016663074614243246
0.0019050931863839526,0.049353495399361694,0.03658958871925204
0.0026319351621007575,0.04940434362726356,0.05320582894830329
0.0021899660230564554,0.050735056358596674,-0.03583012655693895
0.002278789196789458,0.05038299860246608,0.002566353585511178
0.0023317418530409504,0.049800477446701186,0.01977253443015176
0.0025815539738068567,0.05017989595537512,0.013498319794015431
0.0030676117731146097,0.050606217853244186,-0.025466805417809064
0.001471526569699106,0.04993095135648629,0.006405054304061446
0.0021316930032161912,0.048820466801695966,0.08466327154854492
0.0018009924280214824,0.049396608155325664,0.022008666308330028
0.0019815376814800757,0.049741068436798305,0.045514053406935644
0.0020217335025738904,0.05013229558886748,0.04489422671168686
0.0024225295491363767,0.050038994534993206,-0.028514073690191315
0.002151962120800744,0.05063882252097294,-0.006913454024906747
0.0021586463353392635,0.050548005566969416,-0.01101637338904566
0.0025038010860178673,0.0508888656583208,-0.0359859106896584
0.002414395617477179,0.050712707827404814,-0.07238825253895885
0.002368791497096298,0.050651248352417425,-0.06810451196813429
0.00275695390613887,0.051420028434494,-0.047228887416842516
0.0023934716521120257,0.0502968514813324,-0.012355196380615921
0.0019165156675941225,0.049371316988580945,0.040369425817975625
0.001978659036941844,0.048625974637598546,0.07590051359481467
0.0020628205242567447,0.04869540585138761,0.07248578326030218
0.0021585978622869107,0.04841380819475952,0.063693362303904
0.002338116482535286,0.05073195963719461,-0.055570460497238294
0.0025854273113921564,0.05068546336730541,-0.02199173378809772
0.0025449020543430504,0.05092024619677679,-0.03612750070907566
0.0024165594272070007,0.05126673547804238,-0.04772339748931696
0.0022275990257994258,0.04930647240950401,0.051084039661242635
0.002433718184210118,0.051003771649992875,-0.030419450660926155
0.0023270178368493205,0.050792777845484964,-0.04823422515782255
0.0022519376711480797,0.05136726929843808,-0.03344733573733119
0.0015235722532825563,0.05018930540987042,-0.012286953743632938
0.0017061315572661584,0.050596283980591156,2.847375711651293e-05
0.001992233610060402,0.05030423169778967,-0.02798982626270436
0.0026455834967217882,0.05001234232008717,-0.010565160942189636
0.0022686710158492883,0.05103169143052191,-0.009242984648890184
0.002009993741881831,0.049378433528269136,0.04538694253173638
0.001970035903316736,0.04910896457102799,0.04776073639711755
0.0021864259696253202,0.04931959818891279,0.05992285527116174
0.0027197547940466067,0.04970543412223602,0.07477705109188662
0.0027528745753389637,0.04946072644600119,0.00858440135433797
0.002629584434951143,0.049484439439454575,0.01079780574380936
0.0021669757164495345,0.050665270061984034,0.015392472688870262
0.0018128328172044323,0.050856381285160596,-0.03794839272730468
0.001836530417335207,0.05090775203590213,-0.029318305049024093
0.0024012369443430523,0.049252410133616864,0.0517465836976009
0.0020533543297326876,0.04923642653394248,0.04285726327751119
0.002083159036980166,0.050151392691315744,0.03083919359492834
0.0018406914237311194,0.05004222845361819,0.0004575470602401817
0.002486193748824954,0.04973855131969807,0.022461597208721283
0.0030062214697139985,0.04952830731348446,0.089522747566354
0.001963600345913566,0.04995486494651847,0.013266231636748704
0.002664034763811225,0.05078315127684759,-0.014784963524653505
0.0025799605492947556,0.051092486710557786,-0.022595968567546757
0.002064368013718239,0.04959742388129577,0.06665661446109637
0.0020888194830238236,0.04950554709829665,0.061768205176918556
0.00245705098465278,0.05047302819322243,-0.05349128695040118
0.0026613984747046126,0.05051008036767491,0.021240960896969675
0.0025503009318022336,0.049847009403371945,0.027102885173938936
0.002236663872020078,0.04988682991540326,0.051228209683665975
0.0019221380832249836,0.04965898251677131,-0.007730129278368708
0.0025845854787293013,0.04951324728926092,0.03153452500267918
0.0021198295380902878,0.05016999125882369,0.02437802628144853
0.002474651410202965,0.04965116852441446,0.005909141212646322
0.002582739215606248,0.04977146394484179,0.04611697502986781
0.0023848842642326404,0.04913237473635696,0.02674455110697418
0.002391138250043688,0.0492536274356104,0.030007948183077872
0.0024814904934510875,0.05021033006154011,0.021848930181827077
0.002573999405296633,0.050248995757271965,-0.018585672137150518
0.001836200512268995,0.048826587087906055,0.04662530320391636
0.0021442003526134156,0.04794327440693169,0.10410280037777392
0.0023998446600428185,0.0506211012173965,-0.03082758952908239
0.002419670457154689,0.05008931922775778,0.011410777010120795
0.002696234631839698,0.050324023435349995,-0.004888637428152591
0.002267937269906517,0.050343596079953784,-0.0042233028721883935
0.002217524170580536,0.04994203198035929,0.014685269426363504
0.002484901860822455,0.050116526864575156,0.025573886226867994
0.002786640162692486,0.05015834144623968,0.014643406449939354
0.0026422956085755183,0.04899027331307639,0.0531055572630041
0.002616481754490986,0.049052221295868996,0.054039556818910525
0.002198927482491388,0.04959698069782704,0.027361063133107374
0.0024842245240883215,0.05084358863657974,-0.0181527988798316
0.0025217881871389793,0.05070421037079948,-0.0367364896787719
0.0021070249180284413,0.05072923543662925,-0.00794169572119569
0.0020719469194445173,0.04955713913094798,0.001010097610766305
0.0020719469194445173,0.04955713913094798,0.001010097610766305
0.0021590480237024174,0.04987164033315481,0.011052844557595861
0.0025308223788747487,0.05001880951434613,0.005357358916242482
0.002665467121731758,0.049111570750062845,0.0708692201796141
0.002713310946413111,0.04964245716551161,0.03377209015933131
0.002527386272460059,0.04995809645078612,0.03842357560519574
0.0020539281282293998,0.05024068220158179,0.007679263026176609
0.0024510996653153705,0.049424056095193646,0.04505079823096148
0.0024539619090101143,0.05003082697490883,0.0322684170546704
0.0025782699518113504,0.049183439425915174,0.03144365470754332
0.002315906370606149,0.049606847546625726,0.05580099948781475
0.0022883995573545206,0.048690677061076444,0.060501735787656226
0.0021926796240348476,0.049784710469558444,0.04854199030399752
0.0019600495837783652,0.05142892635119262,-0.055635397012593506
0.0027241338854911306,0.04904608945439824,0.05048539338066878
0.0026312433510506765,0.04963056366473773,0.06623150598816757
0.002206453529877446,0.049450082344923256,0.07501381012310149
0.0023119354958726647,0.048727897501774455,0.03449573355355482
0.0022834725867523394,0.04903748124035451,0.03819266541818434
0.002118287358995127,0.04861754400373861,0.03211407299203328
0.002771067556638796,0.050340791453428214,0.03692448729440761
0.002817597203925449,0.05003835871212277,-0.00939423554234753
0.003251670080264835,0.050761609951752176,-0.0022525294545001906
0.0013673257653725654,0.04972017634723361,0.03899118841358483
0.0023561597803492744,0.049577763849710375,0.005864982173673052
0.0023040786312321987,0.05067439480251905,0.006618368150710904
0.002013008583992388,0.05011888251862301,0.017677136222083535
0.002360732921077814,0.050672136164124776,0.00738337244323786
0.0024362100488061035,0.049923110066413645,0.0029307319831718844
0.002429349798382364,0.04989225300089365,0.0030083137226198735
0.002268706532659103,0.049883476734800994,0.021990980904963982
0.002491884526839737,0.04990666266843347,0.016154589533110632
0.0024555162644341166,0.04963828624935841,0.006256066051509885
0.0023711361920572536,0.050128060204089615,-0.008991757067162896
0.0024016562805672433,0.049363127120673325,0.05359351253307192
0.0017632376450301243,0.04873481620197713,0.08404890767781387
0.0016398133722398938,0.05003513380841698,-0.0030846955730406654
0.002814018170588964,0.05034667717699195,-4.6817659584781266e-05
0.0017350517817743623,0.05002858006234632,-0.014783235655809614
0.001717157598229816,0.05022180476518408,-0.003615301890657952
0.0013066317592308467,0.04970853928188934,0.0037581740855829296
0.0010736999121505276,0.04968436885225298,0.015739822011655948
0.0019836504980189807,0.050576511691511776,-0.008643847400580756
0.0022309476784678132,0.05033270071474115,-0.018084224999812104
0.002404278580433311,0.04997116972066901,-0.03234384757619572
0.0024281087366740937,0.05001658247073094,-0.03521078702101938
0.0022278884490906487,0.05070725747004094,-0.016672346222901747
0.0022536407156635418,0.050170306481199675,-0.01635173106871094
0.0019910313142697473,0.05092449786926964,-0.0183484475427617
0.0018742486277762709,0.051254691626787016,-0.0699380198190232
0.0018650269193032662,0.051045004285811386,-0.03686934448972952
0.0019368418648824373,0.050945404143400666,-0.05856496329103496
0.0016883430870923259,0.05105180387820579,-0.06678142884573411
0.0023263696439313926,0.051241860188052435,-0.03672211504038434
0.0024708938739894746,0.0497063757023058,0.009983062291185603
0.002471052477380603,0.049802134772670176,0.03418839804956479
0.0026906772754286,0.049743837625263194,0.017245617551560944
0.0021641068258199496,0.049461775798933766,0.0461104401544912
0.0017886087334078769,0.05023923194993447,0.04836698228801813
0.0026331493496345557,0.050088310326713965,-0.004827720827040417
0.002150588975741285,0.049549637707318836,0.027807383199328167
0.0022697088829676574,0.050626623099457445,0.000360152062817535
0.0023593662094112127,0.049369981204540225,0.06839153264059038
0.0024629694082537973,0.049005132543531664,0.06378921309712642
0.002306489508003258,0.049104217934152386,0.061633194976103464
0.0026722012078939155,0.049325605780907084,0.04733201334975342
0.0021624117602263584,0.04951622097582045,0.04703680761112608
0.0020612215196537088,0.05050255040057932,0.001658398126352166
0.0022440356528415028,0.04979894830704579,0.03458062532390801
0.002350682878203491,0.049657708405667,0.05051477639967706
0.0020893506428880156,0.05054997191747193,-0.003911014246163697
0.002163779812657902,0.050232290108627405,-0.0002629481169789497
0.0023504910734955474,0.049815958682578314,0.024346527826578944
0.0020607409095511156,0.0500992417115137,-0.014791152002556221
0.0023025474518488477,0.05049241933368471,-0.02679544922537871
0.0024275255579772293,0.049642180680863464,0.019563388690591373
0.0021567053862781736,0.05033575793735879,-0.02926205601991479
0.0021917303433239455,0.050347452341365576,0.004905112291009586
0.0023273975224131897,0.05053743785337643,-0.025953105773151026
0.002940430837581136,0.050729458459243516,0.0054496738012451435
0.002968048183540675,0.050344028837570234,-0.004019529514012432
0.002492617953227971,0.050057105421911934,0.012153526020126624
0.0024024861767146426,0.04987467961612023,-0.006607279789624798
0.0018700322642399925,0.050065277391106874,0.028007076797322235
0.0022384169945588827,0.05056802401348289,-0.010815407887978726
0.002453163766632183,0.049962586521756766,0.028916209212441854
0.001909181803971131,0.050510716020930616,-0.044010710522132394
0.001962648250909026,0.05041512110815349,-0.00477513569093818
0.002515991973375176,0.05039988314379733,-0.006266328078906934
0.002362016922662129,0.050323514760658085,-0.009826533248965761
0.00272082103137232,0.05006930968085374,0.002688908167960207
0.002006014806530908,0.05037743123714342,-0.02997190411292228
0.0022735331153938367,0.050103190226263486,0.00605008367468474
0.0022941925048588106,0.050455663939571814,0.00506796173413138
0.002325049394181025,0.050023719473235494,0.027599542405357908
0.002325049394181025,0.050023719473235494,0.027599542405357908
0.002479702521114548,0.049374446995184194,0.026371645485291677
0.0019517161195044032,0.05060612020915653,-0.027723159686597543
0.002113763605969739,0.04970564515054632,0.031284207476220544
0.002113763605969739,0.04970564515054632,0.031284207476220544
0.0021659778733822,0.05018006194208825,-0.010064269041999828
0.002755971006345804,0.05046141674981634,0.006918946216713604
0.002263424857588295,0.050704900538649365,-0.028733229765933673
0.002654352547736024,0.050500341864683315,-0.02859141194944308
0.0018905944179985821,0.050480020105535546,-0.0019138228871315784
0.002903096686505015,0.05085292802065109,0.024147590341091766
0.0022349678468303585,0.04943533204863067,0.0013062394388790647
0.0019986317489092383,0.048760298332982656,0.023398323529068645
0.0021331045340252826,0.05026747514278914,-0.01946928654865579
0.0020831737335054376,0.05062773577466684,0.004874749061734403
0.0024837120776228174,0.05092034945228723,0.00025954285087481785
0.0016689892786045833,0.04853589937319611,0.05879482459934386
0.0023953004861456207,0.048641499345195356,0.0966981192586485
0.002054997266822887,0.04865858003679429,0.05181690225103606
0.0019244892218655864,0.04900400441468151,0.08860680148781389
0.0019847886694933444,0.050881731769918795,-0.0141989836242721
0.002250468474832522,0.049543206806590426,0.0463106456902107
0.0023931988440649677,0.04982530235034974,0.011307734455256842
0.002342167152941978,0.049983779148542545,-0.009792398789779999
0.00252438415037311,0.049620125063743276,0.021352950676894134
0.0020268569550723286,0.05078607391098554,-0.04641354362850742
0.0024235240437426478,0.04925715600716482,0.04617967609145933
0.002126533863251588,0.05053665271454748,-0.02590260211317882
0.002412193124164915,0.049659531637363766,0.040218191239408736
0.002279778353421842,0.04981946758199045,0.030806990477270937
0.002314352589803915,0.049602906435647014,0.07669110108620204
0.002101154639711378,0.048598585998353296,0.051151576555421796
0.0018799143987562525,0.048735217251256985,0.07095861569581026
0.002362199361799686,0.04969079515178747,0.025806283566684515
0.002322374785853688,0.049894224075203844,0.026099174604462382
0.0017788500178378126,0.04811621625943337,0.07470300096962194
0.0026112286124141807,0.0502936107585188,0.002789534576485971
0.001907459904835637,0.05023015175339534,-0.004026907119885806
0.002081506299536398,0.050588515140872585,-0.013122326312169311
0.0026548918275006083,0.04969046525891833,0.022481663015700877
0.0025227901976901893,0.05079785376568011,-0.0196532914132805
0.0020560342685269316,0.050420744505064084,-0.005334418725251314
0.0019783562485262128,0.04911015896386198,-0.019333431381418242
0.0018110122585225615,0.049328847261665976,0.042834765292636655
0.0018957445748329397,0.048393630485663336,0.07315166269965397
0.0022798556699068213,0.04836682088082094,0.08416639764826936
0.001392186817608206,0.04952655189983741,0.08115132705565122
0.0031894183617606903,0.049997223739489255,-0.029756316937787027
0.0028756478413997,0.050373066533531775,-0.02894546803904988
0.00273546304202728,0.05042860721876908,-0.020154074666953056
0.0017778494038421064,0.05007830567548676,-0.003176594500373379
0.0017343005126735451,0.04960082335882602,0.027462961281296314
0.0021607996792025698,0.04914530231793017,0.05407717926835911
0.0016191206230405165,0.04819772848804575,0.0765966554934988
0.0016197337550357801,0.048516218227981744,0.08671142817443686
0.0025889655019143967,0.0488153698479595,0.06980041509689433
0.0021629470452954446,0.04969011621352418,0.029346287946732996
0.002198232615981194,0.04959162545406473,0.034067643683401025
0.0023294201504542263,0.04939856081521497,0.07348700620549836
0.0025693317140564084,0.05017210038783276,0.027257744756660603
0.0020341449923862165,0.04986979459466758,0.04379534323357687
0.0022103772642532897,0.04894438033571876,0.05980712247220806
0.0023627421322836616,0.050183862261007246,-0.0006880687993317116
0.0023926558238309115,0.04933003445304141,0.04317394513616369
0.0026927727739870996,0.050072685669610574,0.01878431678460918
0.002186289468364731,0.04990970042977639,-0.001477559600000316
0.0025833666123397554,0.050466813391595346,0.03138127745835623
0.0024079602000806927,0.048969304778471286,0.028222516915232185
0.0025599187005324897,0.04928869098765596,0.039074223623021584
0.0024022794972926326,0.04950931368975858,0.03167207928715455
0.002142598149854266,0.050227007693719225,0.01748890404289572
0.0022472770742329173,0.04956837404984864,0.026019983882907632
0.002758361209434351,0.04998101281049797,0.01546874810475889
0.001821436814012239,0.0495586768474073,0.029635311896743406
0.001802259022601518,0.049701976054759726,0.031074869859146908
0.0017903093836140918,0.04884946004339041,0.04190818101611223
0.002524907891325988,0.05011189077309369,0.01322449780893406
0.002132338108622625,0.05040918292368694,-0.0053409313854162616
0.001925573931771145,0.05051942190832964,-0.013503963177126372
0.0023298029358678938,0.05077078268525911,-0.03281950514026658
0.0018417977124695708,0.04999146406445716,0.024911180895267317
0.0019001297397672784,0.04971783050048782,0.03868170140737442
0.001986343601836357,0.04948086726477168,0.020007941610140516
0.0024170331461494895,0.04884514569198789,0.04604913607217694
0.002466787227092475,0.050664014921318626,-0.021446293477583894
0.002635462226087357,0.05108389680999885,-0.01328278737578207
0.0025648281946270583,0.050065878383724234,-0.009206351681960045
0.002645302175779589,0.050508723790772356,-0.0070284606619505354
0.0028523643244036485,0.050028849332559036,0.035777613108272904
0.002336163644647287,0.0503964173106588,-0.011544429402379089
0.0026955459174021106,0.050043607574957585,-0.023442297388234654
0.002234602884505132,0.04962648698171052,0.06824703686130096
0.0015054082000882868,0.04938530609512554,0.02595203214196124
0.002773562894909938,0.05085590308876184,0.023344224973091035
0.002735566463399755,0.05065134959114289,0.006198366860308973
0.0025105565901372014,0.05054649618117669,-0.006340018939286557
0.002441223439903968,0.050146982863531364,-0.010361954461498086
0.0025228476285418713,0.04998984361166494,0.015827769000901198
0.0024569430916956867,0.05011090978595629,0.002283348592252231
0.0022350770956877162,0.04972112419081596,0.017810971912945138
0.0020685423953005965,0.050290758889769506,-0.010792886905599626
0.001702959147073955,0.05029450090810575,0.002386266606544758
0.0019929348944400576,0.049725774083721176,0.029416377961695644
0.002360789276832665,0.05018018565261228,-0.007117197823073513
0.0023363238376811254,0.04998823157900328,-0.002201848684969764
0.0023944065013840493,0.050954485440027376,-0.03127580238884567
0.002537023842990416,0.050929843776370914,-0.06347051743006504
0.0015302211591747077,0.0491838466375909,-0.005015510450477666
0.0018132194713597035,0.04935125320342671,0.06991074328593636
0.0018132194713597035,0.04935125320342671,0.06991074328593636
0.0020066790931533938,0.04906239230392897,0.04948070358315822
0.0025609949734130767,0.05000749596225229,0.017872679600903163
0.0016800869223332386,0.050833902144312694,-0.05040235239749613
0.0019974058302177364,0.05090713065417567,-0.04156617695870877
0.0021038895707853845,0.05112243719005507,-0.05159121442010308
0.0026662549515972475,0.05001763468767687,0.025440652261182754
0.0019032077607019284,0.04880372612638029,0.06785927007153983
0.002498162926848726,0.04888048171348187,0.08317897884192939
0.0027094577452780435,0.049117665502209265,0.06941923247281052
0.00268787631546886,0.04918739262951444,0.09185582066255657
0.0023974377557178955,0.049435903250275845,0.03655524943703067
0.002483982156950041,0.0497643944092486,0.032790064739160206
0.0022765420821030274,0.05037036925717814,0.0029288894299619272
0.002583224632617007,0.0498735049650709,0.023550668437744917
0.002234282073233225,0.04927578191827467,0.052741937538451106
0.0022294161835115776,0.048990826802839636,0.03004706746675768
0.002431016037398127,0.050313257213296936,0.03679074728287721
0.002579191924406734,0.049361087733591394,0.0018153413489589623
0.002670140517332507,0.050770310428747266,0.016143965768783027
0.002362277399480995,0.04945471649825097,-0.011090344459792319
0.0023854712049103124,0.04966043187101696,-0.004448406351895503
0.00247037662123333,0.050039356991079614,0.03108228657750981
0.002220801378669762,0.05055665431429962,-0.007028799493253075
0.002300137310732798,0.0506095957758962,0.002867515049216595
0.002300137310732798,0.0506095957758962,0.002867515049216595
0.002302624638782208,0.04934243144158233,0.06992337813937288
0.0024644170788327272,0.049186677152287445,0.07522709430572885
0.0020655346564517727,0.048986760964965494,0.06302462911793345
0.0018394794019566366,0.049045282385164736,0.051586909512583705
0.001712134206844195,0.0489288079459282,0.022699740812451723
0.0016803715409351519,0.04876108508057315,0.02238704506005031
0.0017992853424531588,0.04898198262848157,0.04324385114242467
0.001918711202436237,0.05015785229856573,0.01626507281352058
0.00217710942116321,0.049189846283311134,0.03157066596596354
0.00256930160448964,0.04985413072408122,0.0052427321637894
0.0018690705230194964,0.05018778109526407,0.028293487127819542
0.0017715425768078613,0.049320774483317786,0.026722386701609507
0.0017720348417653016,0.04902894558945412,0.024331623924510947
0.0021974632989859044,0.05016127604984103,0.0414229184339784
0.0023540231698762158,0.05043656528933445,-0.04348072979800887
0.0017659467242135954,0.05106729223001603,-0.00793968155301935
0.002103869275131049,0.05064854850605729,-0.05236471995332042
0.0021781544338889546,0.05070442186818042,0.02215206423248916
0.001944741812392063,0.050505542367996564,-0.026658960513967912
0.002264036841674098,0.04968767426668369,0.03978922686647077
0.0022862908788752498,0.049470881536729135,0.02209627054878849
0.0019271307111794864,0.04959162325402408,0.03720106510312388
0.0018655816914463091,0.047795103540178775,0.10811520292350912
0.0019080328628972398,0.04822181094558464,0.07770966659840198
0.0023470338038384304,0.047942444918223324,0.13926818770364885
0.0018435306624542188,0.051337152046424035,-0.012756400600443021
0.002847957911483347,0.04984505622257798,0.021040231947795487
0.0025649470435325965,0.04989591927618334,0.019396107410657056
0.0020541019352784623,0.05015036519270959,0.05461600273491861
0.0030165759077609845,0.049633034946731325,-0.0035383313742407066
0.0014860089468063625,0.050564648786152105,-0.06070560790713071
0.0014844674326650053,0.05136670629355846,-0.06496425403105503
0.001598536947988552,0.05133965585084081,-0.05434782401631738
0.0019841986439074486,0.04968657543382136,0.018713977466222498
0.002856384056921792,0.04934025428279952,0.04989076195518342
0.0020022656627117293,0.04899668826302646,0.06411616527761693
0.0020319485603211285,0.04967357115069781,0.02874921054705147
0.0017608466779723184,0.05066376887492401,-0.037491056059255
0.0026315152428382426,0.05079558679318999,0.003815659752868764
0.0029553600615857527,0.0500807951676151,-0.02256655153840276
0.0027725746572021728,0.050673605171820194,0.014423400084498396
0.002634188325750372,0.049475186765568384,0.005157042180094382
0.002208662468731981,0.04912663048761668,0.013283624511479655
0.0023729096275497065,0.04991198190038943,0.026257019006575504
0.0025709283051608012,0.04978755319114887,0.02611771263305485
0.0025420826755702085,0.05000237500038123,0.03452310243866962
0.0026232354339397303,0.04980406150312919,0.03831550864807322
0.002636731933249418,0.05001657809789173,0.008089437118321023
0.002508272915436567,0.05030064859507161,0.002847856620262447
0.002766600843291988,0.05020751837546489,0.031892544835707935
0.0020820628331132216,0.05072931333169874,-0.037888550174342756
0.0020198724165946826,0.05065771138811789,-0.0058567442963229814
0.002691407776106349,0.049714166538864665,0.005083505197198544
0.0027021257192608485,0.04987322932038336,-0.0007508264663935373
0.0027436012569489483,0.05015988874578493,0.028973753095400873
0.002490946646775316,0.05003913858172291,0.00285641318711937
0.0029296013930195154,0.05101043262971341,-0.005307545831481596
0.002949769496184301,0.050612330913451534,-0.016587768183711944
0.002739726516039349,0.05086294108825383,-0.010644450598369224
0.0022614174007402977,0.049304232746878056,0.03082460349899208
0.0021195018050594377,0.04964939106374653,0.04143823376795412
0.0020516089304258678,0.05018414331808724,0.07282057530699157
0.0018840798772786038,0.04929781491776213,0.04079081563137782
0.0015465693472168469,0.04967403942342476,0.031208049645099937
0.0028557566548065016,0.049908041506568045,0.010064667174272332
0.0024496049480460923,0.05031605215881821,0.005021816701174382
0.002192988407523263,0.050500066727456515,-0.004499088171274869
0.0026987633552166827,0.05011913856931304,-0.002000852695950552
0.0022649580045200055,0.05089612675488126,-0.016432208521141453
0.0020206294593004687,0.05023887567505559,0.03653994151008335
0.002305834158465997,0.04925285705487447,0.010050603745676016
0.0021829058536706153,0.05052583115095226,0.006602420861543154
0.0016492157239599286,0.049857993254396354,0.059018890284632926
0.0022717064942343896,0.04839462114260821,0.07465172220890204
0.001856627331233266,0.04895144507915812,0.054101428840019866
0.0014355500710413827,0.048922896068155364,0.06415420532649171
0.0018554315590954458,0.05006312860762655,0.017583977638987135
0.0019592041369685892,0.04976039912855492,-0.02032927693612228
0.0021425550355610528,0.05060851202112904,0.03182622910098365
0.00229165378817405,0.050259761275672284,-0.03223764061997269
0.0020443999457170165,0.05017860483497132,0.03820231951908934
0.002053299673277612,0.04957569086659849,0.038308137344375506
0.002054988742410356,0.04841907770419674,0.06336944900220573
0.0019294566363584147,0.04931443390977913,0.09438776157674202
0.00224783144920212,0.049435004406664894,0.02282570958882349
0.0019323907940205977,0.04844190001062167,0.09052575073204992
0.002511558507177235,0.0494184946355101,0.0574563990087199
0.0024204455845596223,0.04946332632181726,0.036773826041710464
0.0025857366308304677,0.04930134244767472,0.026171803135209133
0.0031079076350453336,0.04990675790862643,0.06080332524729761
0.0023430608873125417,0.05030882170476805,-0.0022400686869236807
0.002523249445672111,0.049897489197206935,0.027341295308644886
0.0018750336384836131,0.05026481533463507,-0.009149216267709499
0.002232595112999842,0.05057966079907321,0.008872837413138638
0.0023708080449318875,0.04989043222915227,0.01177059391008392
0.0024258718429990074,0.051018227941124775,-0.05738589918632653
0.0018591061064208692,0.049606414561166004,0.0052714455317542765
0.0024734002598132115,0.04920180997436974,0.031812647084208
0.002191974646015261,0.05098215344553913,-0.007096115124246175
0.002697373293800465,0.05100862834264393,-0.049288484802369206
0.001911208623382775,0.04861421360747114,0.05329158363789738
0.0019479484171422824,0.04885423338802785,0.052310993496395855
0.0021735490210218426,0.04945350281826036,0.05144399936178646
0.0018028876138234304,0.0502376160157657,0.029202008705611456
0.002593358694386376,0.04988936196673803,0.014392946445427211
0.002593358694386376,0.04988936196673803,0.014392946445427211
0.0021875866118076714,0.04952125599012769,0.025737371002200346
0.0021875866118076714,0.04952125599012769,0.025737371002200346
0.0027653010287573675,0.049535371557341334,0.036983189989347263
0.002749110436583858,0.04962928789837973,0.035377052476808335
0.0025576757196649424,0.04947776740556548,0.042878192375013675
0.0017931159716131511,0.04996193043695118,0.04816968761970199
0.0018612542660667235,0.049991139306710466,0.010013950476899652
0.0020398999386886814,0.05033174022732848,0.024486822894610048
0.0021251654858787925,0.050098280612675995,0.006037249921383477
0.002342145216336835,0.050015905742094774,0.011659302327149597
0.0023557757001960587,0.04947093256442895,0.027938747648122177
0.002335826265906547,0.049911502429035796,0.06982231623696396
0.002763510577218664,0.04922956591161778,0.03044937087283107
0.0027748222012557596,0.04994517133703211,0.05642667729400975
0.002867893768947959,0.04935240182408645,0.041951802885655504
0.0022492050917711872,0.05001844331615567,0.020201572331995776
0.0021208601391140497,0.049880843341761676,0.015116264239618931
0.0026666502827751293,0.04999462715729666,0.017237053026202348
0.0023794134058870917,0.050276563979614164,0.024514281031253575
0.0024259255143635724,0.050019460107414176,-0.007739078357457525
0.002247271058646759,0.04997252206847366,0.04678114528530936
0.0019011161157119906,0.05057852250881774,-0.020863143189802556
0.0016516913014970227,0.05046880201837631,-0.019897709080081163
0.0023068892348371227,0.049330475661175106,0.04657379109704499
0.0022589435249214807,0.05020050657041058,-0.002875118135097208
0.0024836261305305617,0.04986329386560752,0.02543667719653371
0.0023226951671620985,0.05023894161310111,-0.003958477864482112
0.0019586697796445374,0.05054231868095422,0.005855697954023497
0.0020869741307709025,0.04868369955286629,0.05366164713118447
0.0022024158162820776,0.051785115442080754,-0.05120589852285119
0.0022343202288657906,0.05136059051130136,-0.07942620396406255
0.0023624481706060463,0.05087846906660352,-0.020316669621179353
0.0025227855140613226,0.0511217746973852,-0.043772142918863464
0.0022724677289378543,0.05069697364929395,-0.02206584198931398
0.002360874331532485,0.04936537715098921,0.0434729456370252
0.002538251814015655,0.05069205263459858,-0.01896056302195101
0.0018480519289237876,0.04934239176022071,0.04570281948312967
0.001994031380182379,0.049700641555825265,0.009575272252329639
0.0029022234954683345,0.049875399236042006,0.029834081819729494
0.001821565655466188,0.05106237084040668,-0.0214273373474293
0.001710310347671729,0.050720285488490266,-0.018615936561135644
0.002116138296483326,0.04919148009024015,0.043911152295795355
0.0019455460324532723,0.04944723120483447,0.05028502753790492
0.0019190150524241252,0.04933378522573819,0.05394949098768648
0.002206115944866431,0.04842589393847394,0.11144465287928201
0.0019703726676804723,0.047863511510817164,0.08107702535669102
0.0021425262320953443,0.04953650741423274,0.00631145981837977
0.0018693540510482836,0.049984264637832246,0.02509579716110946
0.0017857342135186279,0.0496766866851363,-0.027839928283983198
0.0018570146077858845,0.05029164340371948,-0.02163792896165428
0.0026247720760585033,0.05082228082253096,-0.016168310369966268
0.002500501336133528,0.05000002565819712,0.021379179761336454
0.002572181280754686,0.05064590447411632,-0.024411666397105285
0.001908418652916316,0.05061649574281724,-0.0270243025570283
0.0016635398021516345,0.049907876352924714,0.02548678136201039
0.0019014459244890902,0.050076597081812065,-0.008434407215951654
0.001987249991851727,0.050197266715609784,0.008420486659103771
0.0022963721388831286,0.05020416952837824,0.008507556523649302
0.0025406022099028055,0.04950437533824481,0.012358912588360834
0.002605337840280998,0.050170318185048454,0.02992566256035349
0.0027290466275894324,0.049340036194134115,0.024244352133390414
0.002257954725987118,0.049452080732260546,0.058688661587125955
0.002257954725987118,0.049452080732260546,0.058688661587125955
0.0017937568579606984,0.050282499782745176,-0.008375230257690536
0.0019827297151599433,0.0496236671217594,0.02980738074611632
0.0020883621658144926,0.04930566776840703,0.015165913676902868
0.0021574188804096405,0.04952572583982106,0.023198988222637832
0.0023177128363764924,0.04982537002370426,0.027164467259727914
0.002325387377065246,0.05043333354392696,-0.016704587866947933
0.0018939079008666476,0.04938763439658697,0.039120813115740345
0.0018764991034271336,0.049332783396116936,0.04031795313580876
0.0018592682278584754,0.04889648103617549,0.06413233709750428
0.0021962276543117014,0.04841467598087472,0.0842622295759456
0.0017903454472700722,0.04899321489685739,0.09793142025350274
0.0017303605663306337,0.04898534665458571,0.028255169459497995
0.002085352732678373,0.049420329814978854,0.01993451522563258
0.001975880747339611,0.04964152433358245,0.05480977133413709
0.0022367286931533636,0.04972171950751804,0.036176496762496124
0.0026129423802268956,0.04935178105472492,0.020060556550832498
0.002352734691210288,0.049482281829204416,0.0172968535681144
0.0026385797511445375,0.04927456461550858,0.06055562002174797
0.0026561992341687262,0.049137595025286716,0.08087544391030155
0.0026633111010615864,0.04898216991272794,0.0768232647982332
0.0022841442625827924,0.05010242225160724,-0.006993254479292399
0.002038185630819868,0.05060318652295279,-0.011413698626853515
0.002337805791338506,0.04945306625206026,0.03141295315057858
0.002953525732599611,0.04983566489199017,0.03395581420767296
0.0017043337959011906,0.05112206527343494,-0.05317265008289094
0.00160309786010572,0.050694378289747606,-0.04520696103061827
0.0021480666166743385,0.04909740776185092,0.04752962001909418
0.002470543439833848,0.05046706334175302,-0.017951932231507328
0.00234182208481032,0.05032383496392676,-0.011858803290997593
0.002170078194508047,0.05036315925445505,-0.013650953228806757
0.0019221379211740786,0.05116444109308758,-0.025794599690378867
0.002425298715100818,0.05067109785723079,-0.053889449985145714
0.002039711961967118,0.05062654287747328,0.024257671156542978
0.0019828078031437226,0.049969173423052106,-0.0025539355074810388
0.0024515866367422288,0.05009264181987934,0.02294964983242113
0.0023994664518276684,0.04979284976877277,0.026738297081964867
0.002681439249820823,0.049580389111731425,0.03004036545589066
0.0022827986133438618,0.050058473960192265,0.005005566998759299
0.001959863256186106,0.05026852651242407,0.03703862962858297
0.0017594801873756245,0.050023477120382166,0.0359452454150186
0.001496291378503566,0.049809159387374256,0.018822390764509946
0.0030132495824465883,0.05087547489123415,-0.033869019937861296
0.0023590146639210887,0.050422674082261275,0.00981418569273958
0.002287455107686333,0.050154317714340986,-0.024260012329513705
0.0026769253553951384,0.050360717754067995,0.01203404141410181
0.0026698395970109717,0.050792903977969,-0.047073529708782896
0.002596788369866308,0.05121673247304346,-0.039121603777211966
0.002525300286812397,0.05000460836652823,0.02576583845285087
0.0023040307128901526,0.05000002390291275,-0.01859319988428804
0.002067227255842099,0.049180815006948216,0.045368883000208284
0.00217248422745517,0.04906977502003255,0.06413118788408455
0.0027867691304513235,0.04939771450946702,0.05943262299955883
0.002600870286980369,0.05000956612727594,0.026545621267805637
0.0022310820758770877,0.04956125476061427,0.03406954644295475
0.0023571327985567733,0.049134661952709865,0.025921619509340393
0.0023571327985567733,0.049134661952709865,0.025921619509340393
0.0024025791601264617,0.051027781992808365,0.01682481184991423
0.0024919350796981754,0.04961668868910916,-0.0010438871344947112
0.0023327945651381394,0.0507489820709683,-8.829602812771914e-05
0.0017235538695377388,0.0499833245648349,-0.017546111327717964
0.002008449956514164,0.04932697104346315,0.07237478553259209
0.0020863938927750286,0.0487502287149539,0.09398037229275213
0.0015812810690631377,0.049345582754557,0.03449040618244475
0.0021770122737924617,0.04887615038879781,0.06956657281704848
0.001727946970031207,0.05029693269681722,0.004637521097050038
0.0018292737139200205,0.050069684168894124,0.0026684810891382423
0.0017884165717098482,0.05002831076872592,0.0009252643445852355
0.001749319241740826,0.05036294568686847,0.02201321978160251
0.0016334875305070123,0.05071691709318874,-0.054990983938541696
0.0024389501634924753,0.05181168539658524,-0.04350455498417068
0.002633825973488138,0.05221561481798676,-0.04755600019420168
0.0025405807575617782,0.05207649567704519,-0.05855017284484492
0.0021572229918276524,0.051273106385736025,-0.05155124691799842
0.0022875473200730224,0.04997269612420817,0.009242786286736023
0.002207172485328039,0.05090079993645858,-0.019349714280530162
0.00213745569318712,0.05081698030654995,0.017759934029008818
0.002423015076960028,0.05085474599568595,0.002174256404485328
0.0021819917307447432,0.049047486479390806,0.0393120308893012
0.002241990675462542,0.05096702178964088,-0.02592443323627286
0.0023881928071020618,0.04964462187910938,0.055495975749721524
0.002327236646708952,0.05050133612692797,-0.013896998632817091
0.0027623667221362506,0.05057697748283717,-0.01527964269991653
0.0019202553696490198,0.04905302024926891,0.0580859196213332
0.0021772162878908423,0.05008508216906216,0.031385006343267886
0.0018898785896705752,0.049752611573248756,-0.007146480116064529
0.0019420315819118515,0.05016523591660358,0.007993395424666722
0.0021067205957116097,0.050325852301951815,-0.004339675549027951
0.002328730378574368,0.0493053014163593,0.04123690804662158
0.0026235839432879678,0.050612117017297786,-0.009324978972151328
0.00239933534594752,0.04971528074417243,0.022423636563645422
0.0023833684892470247,0.04949226287983016,0.033157891584296266
0.0025987560013431207,0.05036311028092246,0.01763365774113231
0.0025846302833435835,0.04993562153914217,0.012149895735759432
0.00203755495244026,0.04943720371453669,0.013177841523126822
0.0022730533906145,0.05037014342330755,0.018036458043177845
0.0021237353722155096,0.04951826773240171,0.005802946121338488
0.0018458313022491181,0.05011870685811527,-0.012372861562814266
0.0019846455231167953,0.050473610328699556,0.002008019854017145
0.0019103122761958313,0.049810186698214694,-0.016086033019694135
0.0019103122761958313,0.049810186698214694,-0.016086033019694135
0.001765084066328188,0.0509613940115686,-0.018047375960772206
0.0019519763633807552,0.050118691007977494,-0.02529286726556811
0.0025531626250929686,0.05044471510769378,-0.01580082625893373
0.0023149516613982252,0.050545274440934054,0.013567503445793841
0.002576751799416488,0.050105673041888024,-0.027909074843957063
0.002210520630762383,0.049916340699039684,0.05251988284534024
0.0018746839406276255,0.04953093983414092,0.01562335033920774
0.0018338025905723797,0.048934202406976074,0.06244110511605504
0.001730039698304711,0.04986637561790159,-0.02536202920486224
0.0018900222448308382,0.05033785530230025,0.02001427578869963
0.0026549904004492765,0.04980171790036598,0.05067258454489001
0.002459513125303059,0.04980811782347557,0.03363399313122636
0.002419428953052075,0.0502598378452145,-9.380443037838233e-05
0.0022138021135577448,0.05028952045759296,0.0073624027013116065
0.0021897484602256996,0.04962404960598057,0.028999660095418003
0.0021748811141522094,0.04982992667568504,0.019676191526136613
0.0021934017222904586,0.04964145838154054,0.008129180029152848
0.0019698843758975486,0.049918524082734436,0.021219757377782887
0.0022588560791738967,0.0498118826291627,0.022256194705376188
0.0025162369024391714,0.0495259651595335,0.03438414715923147
0.0025162369024391714,0.0495259651595335,0.03438414715923147
0.0022156992664592447,0.049806212265246376,0.01965240082769582
0.0022539156725507993,0.05084864348176804,-0.0336429956011161
0.0022107888757063217,0.050933323018623335,-0.03675826079129435
0.0025642643523020123,0.049046872021707315,0.0511034784401889
0.0022787556449405362,0.04941210997448782,0.06452492329008547
0.0017258498133081823,0.05051086476126044,-0.04291768779098925
0.001974650548031715,0.05026427428237035,0.013164761439457247
0.0024199128609616012,0.05111901112403434,-0.02783803956432769
0.0024094562218006294,0.05115614187313523,-0.030923868304933218
0.002345197821636723,0.05063972458030416,-0.015588601374063904
0.002521824167315384,0.05071256706364658,-0.02166890765064479
0.0024060772383265525,0.05037176942286664,0.023938978036147137
0.002330609360662665,0.049682212547475804,0.008367542475530834
0.00211666527184672,0.050642456004788304,-0.014021829672839006
0.0025243382666500537,0.04950899410296682,0.05299047106807667
0.0025141995988622935,0.048960331348493494,0.06480013852335534
0.0022407207060684245,0.0492538673066551,0.07108522145109467
0.002009556766809882,0.04903699086968058,0.04762423616126612
0.002372305265055315,0.04967606970423295,0.034027437050910415
0.002421573746744345,0.04965923690446161,0.032596482670378686
0.002342621934938057,0.05001356878888848,0.0002577167728540027
0.0023747628287338098,0.05024526212657131,-0.014098242730210734
0.0019506163307864085,0.0502333755430268,0.015512160548611507
0.002306587056352322,0.0505732709210095,-0.02767508119869466
0.0024114496075136748,0.05150131157360306,-0.012730837217347062
0.0025952844637674214,0.050470777674697674,-0.024453035715264696
0.002323815591150105,0.0506208252477592,-0.0033592457867555056
0.00221244709880026,0.049438252188334246,0.01826194812471117
0.001639839472206232,0.04877525802732541,0.08986519029862258
0.0019251332982959848,0.049537155443553055,0.006598312892720697
0.0019632568196135233,0.04963707042059644,0.015597566785462643
0.001864783838697091,0.04923184452265975,-0.003597176306417977
0.0019079099125926032,0.049461525120472645,0.0233495543357207
0.0025057014299904065,0.05059842096042192,-0.009793061076165645
0.002445104204665356,0.049705278523987886,0.033110402776838715
0.002252349203865304,0.04924859420438468,0.035234571591894616
0.00214853714600811,0.04992370142680369,0.009087557089488286
0.0027074060999076367,0.05018392176014241,0.025988270705261225
0.0016471817263394996,0.05055441824108647,-0.03295630463686076
0.0016996328136323815,0.050472387659148174,0.0011364975422842425
0.0014477339412593882,0.050489009632491075,0.04546240380613883
0.0013437489296189843,0.05029472867927993,0.04373679074416071
0.002341606452188994,0.05057952188503106,0.028428574657634043
0.0023692889683691247,0.04931618401833403,0.01944281823522953
0.0021659972998179255,0.04952885055556216,0.026369337632898344
0.0022121986964876088,0.04999432194716464,0.008310656972476797
0.002490978411990129,0.05006226304900616,0.004042454940602307
0.001978022786853922,0.04949785633905298,0.0757189600026771
0.001466579749661729,0.04950810946993759,-0.025385518133806045
0.0014514074132526622,0.050936635225262365,0.027025605244399495
0.002080680364484964,0.05038247819507532,-0.0345293643842983
0.0019247975024328091,0.05063483272403496,-0.05033011383199294
0.0016494974051772528,0.05025992060291318,0.041038810982123974
0.0023388851626895166,0.04853976056297608,0.06518970341824663
0.0023301469948750434,0.049034732720146385,0.07235678719580711
0.0023562554229397373,0.049384491059610174,0.03508374272840257
0.0027538052164287606,0.04944624711384251,0.05568905077145222
0.0020515326416276026,0.048478827870157136,0.0619619530694862
0.0018530980108389845,0.04923129870260372,0.07013155121408211
0.0020502445364063595,0.04940095925881067,0.03651918748862742
0.0023344490719078856,0.05061247750267942,-0.028950584505338793
0.0022886750838975556,0.049880163147244486,0.010767418383090201
0.0028876961077341405,0.05042174217216396,0.0032439055593617354
0.0024272126533424194,0.05021733637811552,0.01197882092368035
0.0027898870221656847,0.050249012608473,0.01839739675564222
0.002597413674215216,0.05014799004634387,-0.009548699170970513
0.00234918914337856,0.05036245417888449,-0.02763813605299285
0.0023033214530372276,0.05096416492611073,-0.007112494241764634
0.0024167231709902627,0.05011097145572855,0.01802518736834095
0.0023513401039327777,0.049994182134749376,0.036009227368330274
0.002260427820823252,0.050208052185701645,-0.02603795325992682
0.0025886573279987495,0.04977995007509986,0.031036241914420046
0.002067742025423308,0.049991041450165044,0.015504692677543017
0.002067742025423308,0.049991041450165044,0.015504692677543017
0.0022288052467741943,0.04978968446291328,0.04078878340096446
0.002004044091088077,0.04921455222300457,0.029165412876147885
0.0026069699259957508,0.05020739156913853,0.000437639173825618
0.0023195198962954887,0.04989010713516667,-0.0008230538536423603
0.001987912553475351,0.05017114247991952,0.01664257294423887
0.002466606643183405,0.049522762225247416,0.014055493468938189
0.002607733468582532,0.04925862358176025,0.034498063903516604
0.0025096953128059545,0.05047591987330815,0.016284680493227587
0.0024666425005509026,0.05017882015535299,-0.0038488303326634954
0.002369625457047098,0.048698026794209655,0.0888317855269799
0.0018326180121521541,0.04879094918685662,0.05156628717822307
0.002365919659481183,0.0492413310476816,0.04177823871360107
0.0018508814172696563,0.048125512660228575,0.09233226717752556
0.002323417492585212,0.04942641655642161,0.047796984776412345
0.002310376262209091,0.05003971898415677,0.033479872576380944
0.0025119247218085006,0.04958078622682922,0.005984441370134705
0.0018482298227758904,0.049272953101207495,0.0701344799307414
0.0020851396587639173,0.049161871779313936,0.04371835305682958
0.002554725416131186,0.0513433987756988,-0.024464153192694463
0.002348531291914993,0.05078679565192172,-0.005116632069490949
0.0028433251422640055,0.050236619601143916,-0.0160329523498475
0.002485255575617251,0.050347844765945345,-0.009729327931483348
0.0021880770190248833,0.04967373364864019,0.030316457352185768
0.00191145691398489,0.05024393898048497,-0.005177104020177272
0.0019888908225899424,0.05084155268275366,0.015369784200394882
0.002657670387370718,0.04994506726719585,-0.0058336070568937495
0.0024656973077163353,0.05012928539341865,0.028358974595789666
0.002459626142118865,0.04953006979919185,0.004552041098077624
0.002079959874050958,0.04988408945252135,0.04002563982948709
0.0022539858189062094,0.05043850807303281,-0.007121879234539293
0.0025943626715385433,0.05029043975006183,-0.0029580386565102473
0.0025206179018545907,0.050098803165284006,0.01534704714785733
0.002226950393825373,0.049727696911310175,0.029621742770060674
0.002498106603595315,0.05041256202287048,-0.011969122333039576
0.002475165707042598,0.049828957801033,0.00951984750672202
0.0025203774590594023,0.04975670946359715,0.03885709022308452
0.0020352456603821415,0.05023520990126629,0.004013676643163742
0.001925014329254898,0.05069633880975961,0.012638434210748067
0.0020542681553091927,0.050349687240172,-0.018453922390407308
0.002511505663758134,0.05009959904617422,0.010514899378958375
0.002421902600572312,0.050273839776425445,-0.008851320407280898
0.002184612543946863,0.04969775965919891,-0.01127473977518937
0.0022617842459524964,0.050325647407021,0.029652984270744
0.0023128792214702674,0.049306630200999256,0.01322595579626295
0.0022753268160402053,0.04971752455277499,0.03520088463256424
0.0022827454006259127,0.049993900890429745,0.019979952606687498
0.0019595753906171266,0.051472897682108366,-0.07265402772566429
0.0020174259628403237,0.05090999181078817,-0.058732051800744305
0.0023707900998326654,0.04914278971971472,0.05573428847851714
0.0016941192206236869,0.04937518125714,0.04308008334861142
0.0020581079599961655,0.04976563551121205,0.00981290869484968
0.002604880789799108,0.04978107051805758,0.01318477974723357
0.0027699759655483575,0.04999309483653758,0.023464128367064584
0.0025292412880303823,0.04962903906797239,0.023360621900109887
0.0020762429548898216,0.04937858677156827,0.013498425849316414
0.001750454708620029,0.049746164602534795,0.03412778287996945
0.0026772109155971265,0.05109772857724659,-0.04764630626689704
0.002212066512309444,0.0512518057549821,-0.029983362833710083
0.0022069333651803624,0.04863822123498128,0.08671229087459127
0.002576033433730335,0.05010362719973851,-0.004696909846237622
0.0027441864532752437,0.050136900268181205,0.008383272387905929
0.001989849848550373,0.04988419219140586,0.018147539607187717
0.0028495914644494054,0.05006248756221872,0.01208068767476281
0.0025532740910585465,0.05043475800956317,0.032039998770618715
0.0021425869615774216,0.049065344705131,0.0031401031777202023
0.0022405332479715997,0.049508572390288115,0.05709515667438017
0.002228952840985264,0.049385728659142536,0.052475798436539094
0.002139546459460898,0.05018738740936237,-0.015935202407863048
0.0023588233337731414,0.05111985913423694,-0.0313198674960791
0.0024411675548250246,0.05099302758721579,-0.04922471000984663
0.0024083562522286437,0.051208861762551884,-0.04327346425028161
0.002365208528332596,0.05114913690068723,-0.028636050974953413
0.0023647380684088453,0.051106679219600694,-0.025572889268308828
0.0025347265594888517,0.05080157028314528,-0.011321164356889332
0.002378871757287345,0.05069074032973004,-0.04703848646016138
0.0022508806868485744,0.05010569569930889,0.026040475583365176
0.0019929683324761923,0.049806434616557774,0.03190116971514763
0.002090636338170386,0.05016739491966668,-0.007191642787293439
0.0027184777201951444,0.050033466625873525,0.018267626058309238
0.002917676707441399,0.050126084148447235,0.00580705296868959
0.0021017907711160634,0.05018475200755926,-0.009633169011710269
0.0017951596064150585,0.051087679152672504,-0.03335406119785211
0.0025412264528687557,0.04962128786822504,0.0583224603769048
0.0025409791178372526,0.04928247055569194,0.023179851297544782
0.002380805346571039,0.049319797834884285,0.0745568704552379
0.0024879846408316143,0.0494171245669784,0.05771520282937719
0.0022503770631479613,0.05087138751923808,-0.04879661942396143
0.0022086778804698603,0.05139658163506241,-0.02303109638625039
0.002553775594942453,0.049829934179406586,0.039399502207998344
0.002071580612979227,0.05006635362799855,0.0016005279559634746
0.0024558119022973063,0.05044351669959354,0.025739242245540195
0.002459692183324763,0.04978349764401361,0.037279821050332645
0.0023856153201844083,0.04979955289387938,0.00496660048466752
0.0025241571921429356,0.04982165362094902,0.0085833477593506
0.0022834415805955523,0.04986329520169372,0.02713631818562478
0.0026008944875345265,0.05012879545849857,-0.011345361738459228
0.002145172638225476,0.05127035466635856,0.013776151979952274
0.0020264137191261535,0.050049916902375514,0.001946774804386354
0.0020741509711548127,0.05063643779532496,-0.054467053675603866
0.002074317618259461,0.047788547566103734,0.07005007360238966
0.0020758003222540082,0.04789811526963965,0.07966853658730284
0.0021076456231192385,0.04918190379068943,0.04129796255148144
0.002298976155396783,0.049954146178777976,0.014992990467826069
0.0024529626759928974,0.05009129689751553,-0.011030039914119863
0.002040787690456582,0.05100738175724843,-0.00020179308391804487
0.0026575395072170075,0.05066919736736628,-0.017568101080810077
0.0026346123432872143,0.050271008056166015,-0.020382967617427562
0.002563001497935461,0.05163484831995359,-0.05477067304634414
0.0025010406053297134,0.051606739514599896,-0.04504496865214309
0.001510513538665404,0.050097893926797095,0.0009709534447760401
0.0016862505797298293,0.04961223973484128,-0.007274726870826462
0.001631847076902633,0.04978716596890973,0.006490933532481185
0.0016486596933000355,0.04981067115541924,0.021961712125718805
0.0028177966773097946,0.05104996670519627,0.02291362075980636
0.0027709434536549453,0.05027134469491963,0.016798190826963315
0.0018704982593016383,0.04970183502927637,0.03701300931245491
0.0028816539376057423,0.0496111879070456,0.01097823131786093
0.002392228087538308,0.0497005439352794,-0.012096300391778132
0.0015647956794997255,0.048265379193615905,0.03579273301743037
0.0016076989410087012,0.04902215307120337,0.04510097149622659
0.0029932554257619593,0.04939899808565782,0.02749449597771743
0.0029932554257619593,0.04939899808565782,0.02749449597771743
0.00241477993415718,0.05008244604490993,0.05752423054066204
0.0024068952296983368,0.05064437855991603,-0.045727253357591535
0.0024909793776791652,0.050625920615670734,-0.012592960088374358
0.003094118836823004,0.05041037557555798,-0.021283728674376192
0.002441571279322295,0.0508301964944097,-0.017053239736600573
0.0022706352455149847,0.04983478647607905,0.002230594332715931
0.00216841556164256,0.05026171538733595,-0.015334835957190228
0.0025962484465406033,0.04968908261160877,0.031303409282967994
0.0021450098002328173,0.05022662655049214,0.022474423526007124
0.002175772626658524,0.04906107705388399,0.04526837825049993
0.0021479361901986715,0.049295587725059625,0.05718180558419541
0.002458672081161549,0.050842554047728056,-0.028860301745227163
0.00277664384368967,0.050166236699126496,0.009878067968652123
0.0019651125016869166,0.05125512819894864,-0.059955631884070035
0.0021966456981261347,0.05009037990179816,0.025223616754436778
0.0026288998656111263,0.0507275660454475,-0.018647196620466225
0.0018209286180387236,0.05136181481877868,-0.0195210542204552
0.0020349126122273,0.05119239959384088,-0.03152299842884214
0.0027819802647999136,0.05048196672825204,-0.027733664752601826
0.0020451282848480447,0.050440229048817876,0.008398292127567143
0.0021449299234240636,0.049889168034692274,-0.020189158942975554
0.0025616499071902657,0.05038738080883614,0.015995800806118256
0.002176528781136993,0.05091484648598405,-0.056716392023411485
0.002342070034500294,0.05166335174633059,-0.026653457255649816
0.0022320111045324533,0.05066534183230488,-0.02099919910975492
0.002364853341957434,0.04979436228701688,0.011864233110052151
0.0020918459070216593,0.050376220680927675,-0.022489137846963433
0.002151800698835928,0.05064689270824658,-0.026818092347337123
0.002054591137207713,0.04983281711596669,0.021539594321823282
0.0017413641024904226,0.049766207745553515,0.017280851833613105
0.002050074441314621,0.04977124529916159,0.007756127570871913
0.001847308030545608,0.05003954989177254,0.019886908525982506
0.002165851252029414,0.04999796863996212,0.0161680730908447
0.0024233242522933847,0.049871145451639703,0.013844265096623093
0.002047130465694428,0.04990771939263101,0.011822445105956694
0.0022542277189484226,0.05125797157337534,-0.04572360171068404
0.0020892587549252006,0.05066222144397841,-0.017817970197962687
0.0021210257514872296,0.049347897724554855,0.05195783153710963
0.0016031564771006182,0.050089994357442526,0.0018042744965263374
0.0027265040920265837,0.05068024999835167,-0.028029016716743807
0.002206366667870902,0.049457610784532716,0.044371461597514435
0.0025443973998549776,0.049827535707976704,0.03656783646386398
0.0017933377294891651,0.04898335788931617,0.06034344517292888
0.002740982250073602,0.05049564600364847,-0.013285237814189945
0.0020346089245406296,0.05023819257247554,-0.014571558840120513
0.0020072228758185704,0.0506670302422643,-0.021404389689405726
0.0020239949175366702,0.050219436676274674,-0.03414920445702885
0.0019506622570488004,0.04932197927351596,0.03755756230079622
0.00198707653082485,0.0494282104559993,0.05132508719394424
0.0025623302724500155,0.0499415690164784,-0.006824127784221975
0.002576722303923177,0.05055769454521927,9.295846058879822e-05
0.002549957509148855,0.05023244671536423,-0.010804309769676937
0.0018876277552905476,0.04928495410602005,0.02598041884799631
0.00223234568318148,0.04935599271751035,0.03816086714341255
0.0016984113013567737,0.04976238499853419,0.02658799352875928
0.00222811006221911,0.04922265743708448,0.018055177819559412
0.0022590467783978416,0.0492746407313897,0.057294871962708424
0.0021719497987113968,0.05076667397932245,-0.02166800524327515
0.0026260661485499343,0.04985906434562924,0.019463626944292753
0.002105328530618988,0.050515605007193376,-0.02626620251410632
0.0025635838143975723,0.049824377419864806,0.008131512479347396
0.002631864574835589,0.04987738816895912,0.03934957319715491
0.002783700531702071,0.04935577484509416,0.048662305079885566
0.0027476736080505465,0.049744064837973494,0.04776179250829544
0.002480117934831245,0.049986301956041174,0.0038121870128872797
0.0022013282020901578,0.049321213468231984,0.023534239875187955
0.0022365686129022745,0.04924599880062614,0.025029757311843013
0.0023284681952279707,0.04977474502559819,0.044990782182074904
0.002279710908224697,0.04950628708445589,0.013214025478125169
0.0021199326683909187,0.049884858235146275,0.010169264805714366
0.001612961610511046,0.05027037776896795,0.017079796072986292
0.0013373665185670524,0.050122396348155775,0.00028986764183939746
0.0013795456418580776,0.04965873336140631,0.0013989946877876625
0.0014506346666220973,0.049742851494594814,0.04009838557126223
0.001748674224647201,0.049260934063608895,0.023540201066384978
0.001816893153959414,0.050622581432462226,0.03413655047965666
0.002145140387787594,0.049790909799962896,0.0008406798536141166
0.002210983240912486,0.05000784167013973,0.023626897236210923
0.0021007716025258057,0.04953841193151216,0.02843115242973815
0.002761834852560751,0.050727251350133284,-0.013966178058607195
0.0024137876875521738,0.05044189219918787,-0.0006861459401232974
0.002034859676311863,0.050062877409728694,0.006164820280806333
0.0019049859938726726,0.050887070350891114,-0.009827542620329335
0.001983131645026801,0.05083395948186296,-0.00011822834056269268
0.002413400294016818,0.050241896023763846,-0.0338826828612857
0.002104302367077376,0.05112465226287364,-0.011651926654860737
0.001738265981394936,0.04907865065537369,0.027510494469338734
0.0020401327797555627,0.05021614009002456,0.02909442250027862
0.0020534555156492473,0.05025566673941312,0.00888221908739096
0.0026005759449633436,0.050288432635915,0.01425135605533129
0.002577754020978421,0.04975640312596533,0.014936093179636881
0.002120942069331307,0.050296609117990276,0.002447351351333848
0.002483838742403856,0.048518460866463664,0.07110827114934395
0.002051197692707487,0.049588875730544796,0.057609742754929874
0.0018891485713222085,0.04985054750022504,-0.010931808995833195
0.0022668315697810214,0.049999973830740965,0.01471429107328117
0.0022486308925221826,0.050162922662502434,-0.020354386862063215
0.002352171619073897,0.050739467292150155,0.002185529976596773
0.0023460872038408164,0.05031692310755255,-0.008251620413098692
0.002354768208612379,0.05037931443878562,-0.009641878963078856
0.0024009249226541484,0.04958048951279546,0.04916608406059611
0.0024257958571561227,0.048899211518705944,0.058477053093049444
0.0022524013041881493,0.04861423439352596,0.07270936840186071
0.0020674353881910386,0.050559285218609036,-0.0023154709660407557
0.002421614998646716,0.05034951812681483,-0.00455937447286089
0.0022349274386906253,0.05026498232248369,0.0049440644850163515
0.0018092842313826398,0.04972336257810126,0.03633720326769409
0.0018623654493857091,0.049769755225989275,0.016133907768692828
0.0031461224003303855,0.050161098561553145,0.0348995098412702
0.0021815536846890617,0.04938033341180302,0.017871045601314767
0.0021449444168198887,0.05000277251125493,0.02828633685153409
0.002394475270112096,0.04973172885439196,0.0094544870320352
0.002644126125065846,0.05062687009548583,0.015556142130056062
0.0017832744744682837,0.049993057481195265,-0.01117884302067904
0.002134607267031423,0.04940385598677134,0.06541202516810385
0.0018357629222910661,0.04897645256085404,0.037067777503660936
0.002363710179173938,0.049837759779236025,0.030897222385034423
0.002094189044347663,0.04964416198396575,0.03995380066256324
0.002806563546712561,0.05049643337148429,0.0051312115991121975
0.0027173336840820212,0.05030198888122059,-0.024890125380556676
0.0024601347636068914,0.05013781421707285,0.01759882656919674
0.002562167385023439,0.05034622999379048,0.008404164095759205
0.00229913267931589,0.049678852346035876,0.013770770595490452
0.0025849390496225514,0.04976761565902973,0.031022843204913875
0.002349295468899006,0.05027073286244166,0.03957033922773513
0.002516797447324998,0.04960446144756943,0.013353827748050775
0.0022017757370438227,0.051113735839973085,-0.02794777399262117
0.0020931686705901145,0.049927229993487914,0.0009366289782174525
0.002355455233302871,0.05037566633119754,-0.01070822008143242
0.002816516638109531,0.050130609846502666,0.010853222564217412
0.0027140444080481062,0.05031184693452651,0.0053964690434666705
0.0017958448939086266,0.04847634324495347,0.07070210527791079
0.0018716788658276894,0.04879917034577595,0.07962081022897947
0.0025194274737738794,0.04899682670227108,0.05400918456262067
0.002409470703908899,0.04921813990480749,0.08940460336035637
0.0021790611751374743,0.04930451578511951,0.04553715708726616
0.0021840817212852026,0.04949474544518928,0.03338647673743002
0.0016868424978239845,0.04969610841605925,0.033008127170253324
0.0018530580178844536,0.0489277462283696,0.026155450325832483
0.0014062302586867583,0.049658553691737474,0.03252339277050294
0.002676484410603355,0.048293925433573956,0.09961693680916715
0.0025781151390583436,0.04830266080037395,0.08440174210677157
0.001704581063214486,0.04911142929500588,0.06750954255676603
0.0021886148536942036,0.04875689512074405,0.04777868338683932
0.0025556673857736784,0.050329044132675825,-0.026662949520726963
0.002348086931346126,0.051121933207075164,-0.030423800002757108
0.0018252320003602175,0.05019669189652908,0.025859249096975682
0.0018458742611831352,0.049349503487131345,0.016148708360846375
0.002619995676631933,0.0504620286165785,-0.033451461854105344
0.0024774880120412533,0.050264765664793806,0.023646239719588406
0.002285409300187899,0.05023722839589364,0.026035693373439403
0.001974417465790944,0.05044717468262672,-0.03365577189509889
0.002581287240411034,0.049051786406239535,0.0931369902383261
0.002660000188960584,0.04830295538295967,0.06467796599945759
0.0022176779355556524,0.04867160905531801,0.07832923171067054
0.0024502885683922774,0.051298570415150756,-0.04195619863319714
0.0024503554574056264,0.05045223531113112,-0.024961023493051016
0.002160119513734509,0.04965402997622239,0.030317578072348833
0.002003776764101621,0.04976543325819759,-0.014501455148284485
0.0023650049131903046,0.04879144719412744,0.04454833527660844
0.002231333170252658,0.04947115658424551,0.044232579066228114
0.0021012141862000967,0.05017222301756843,0.0021376082524862433
0.0018251199122203334,0.0504424593554614,-0.01330377556721095
0.0025961883902485302,0.05036459856152471,-0.026173531574822016
0.0017897066356438798,0.05015534682516391,-0.019807010791403915
0.002570033477723886,0.05007667581849495,-0.03488063517869696
0.002463037854677262,0.051013884558447214,-0.008852116935375869
0.0020507966866926434,0.05044770263311533,0.03119397686867431
0.002154035081572685,0.04983365000071677,0.024057711317293812
0.0022169150777517307,0.05024464529223898,0.0227478804204829
0.00304425317361605,0.04990326122471288,0.034516464683603
0.0030277332250020625,0.04988187353884328,0.03173183052873585
0.0030277332250020625,0.04988187353884328,0.03173183052873585
0.0022818034396920378,0.05004895142099491,-0.015585286928839997
0.0018260196412341306,0.050970378668571084,0.02518506107418037
0.00198244602558775,0.04850360306390076,0.030453598686371892
0.002049506699234193,0.04885622925811537,0.04297449426396428
0.0018657874389069662,0.050080142463142116,0.024267092663245927
0.00170600899261518,0.04910795683431576,0.01770499984986159
0.0017934392035135545,0.04862480941433907,0.06803555589648123
0.002176208188295362,0.051228942172608184,-0.0506755798803748
0.0023052134454088547,0.05091067247625254,-0.035484587380144796
0.0024287926515496536,0.050815206450152535,-0.0331549730753227
0.002270152678435939,0.05026449184929958,0.011126495093849696
0.002433595656656696,0.050523244869413494,0.013052270838870941
0.0023584920832380196,0.05042860164610646,0.009116302873967709
0.0023179846271765073,0.050379778712264185,0.011961221879384263
0.0024042518375535548,0.049879888344125864,0.009807500344645868
0.002359138810472401,0.050489478110030066,0.020672476229646766
0.002063359842096661,0.05011406412677885,-0.03440064240912453
0.001962462423592076,0.050100659966233356,-0.0071598673388595
0.0016779392454380827,0.05036876876236106,-0.003377856688724449
0.001512920748109149,0.049744295881266415,0.007916773236961683
0.002952398590001946,0.049755542597955726,0.03442783641859731
0.0016871995415017567,0.05030926953087858,-0.0048390923995423355
0.0021338153779721777,0.05023036692855437,-0.0017627895302086169
0.0020687494943486475,0.049274751052563424,0.04772831710092677
0.0018516601062661068,0.04884951274988944,0.05672761675287464
0.001737612440393884,0.048942929419999344,0.07328920908926011
0.002190217769825204,0.04907179501761373,0.014692906894175566
0.0015171328560446063,0.04920827492586045,0.09340531328786818
0.0024340197941658493,0.04899475298621723,0.06906276268331553
0.0018932896489296488,0.05110445611972983,-0.05548206837929531
0.0019453416552095105,0.04945212837105146,0.05314567473544892
0.002247285579236633,0.05117885147337779,-0.06521981193481513
0.0023820569806695157,0.05085340694132364,-0.016762349153664625
0.002060958579781753,0.050236517872133776,-0.00916146163761895
0.0025330425606711966,0.050075186738997315,-0.0022135623846799885
0.0025852239516393383,0.05044654672504963,0.011435550667014183
0.002333861494770622,0.0500894935057809,-0.004724812380838244
0.0013498731146187166,0.05006278589404869,0.013760620938540852
0.0012245221488333268,0.050100759886836585,-0.04921953339643941
0.0013412863519588827,0.05027172993505218,-0.039387633307284
0.0013942134169891932,0.05069679962974936,-0.024307165822324766
0.0022618881634292286,0.049543836454728284,0.03132632306855479
0.0018085320259373207,0.050444169216504714,0.002223163112608305
0.0019269416519311828,0.04985084407797768,-0.041269266440586615
0.0017204775755089734,0.05094482877766597,0.028294484095313457
0.0017913589920803064,0.05048685867240215,0.03590976109302984
0.0019994733886877472,0.04970476593902763,0.023005556984657227
0.0017796953980252395,0.0503846089184513,0.04010729124830467
0.0016246037396537199,0.04990781253109494,-0.013460239485155838
0.0023517485963248526,0.04934987932243279,0.06104481565065692
0.0020949747296009746,0.05054280188509567,-0.005840610070227983
0.0020949747296009746,0.05054280188509567,-0.005840610070227983
0.002144614844290735,0.05038806354849203,-0.022566922962732716
0.0018980216935492982,0.04918710805372353,0.0317825445159682
0.002197204189282334,0.049734779526676154,0.04597226283344022
0.0017567424029484827,0.048444472825627874,0.06457962920063676
0.0018820464462215407,0.04928182724765745,0.07472981091414448
0.002241467901063186,0.04963505408054714,0.05222319379677282
0.0018578690163638793,0.049999642734466616,0.03955331558281614
0.0022783301542010598,0.04970205422308918,-0.004213697539489685
0.002633899148132784,0.05119619349690734,-0.03301479886442461
0.002433364902587185,0.04999615845723914,-0.009016733431971432
0.002428213906238574,0.050637099040734816,-0.0009064390044215885
0.002240765915331582,0.05003442465635398,-0.0017198602379144866
0.0021525270748367097,0.04954519659818154,0.025039424943105244
0.002162994067693775,0.050195284842843114,0.006134022132777095
0.002522749644283482,0.049557355860113485,0.04447658237757272
0.0024124211717899426,0.04998600696566882,0.04941953261683949
0.0019151629264483074,0.050246105267209885,-0.05608543405011011
0.0019151629264483074,0.050246105267209885,-0.05608543405011011
0.0019290138505074583,0.05035435280326276,-0.03239442696845002
0.001971932556615064,0.05023681283922905,0.008906294127843646
0.0019673784786741967,0.049352797831070876,0.015473318603417597
0.0014620170735232926,0.04942632923183016,0.046551499998782594
0.0018499045924587894,0.05058618602879104,0.040080176675319615
0.002105359734020551,0.04982006262915279,0.03211142044691439
0.0028330760428155206,0.05066283590611736,-0.006545065467938366
0.002331313207548726,0.049933355963115295,0.0017221808077478573
0.002530740358080388,0.04942055543345415,0.06457572851417989
0.00235861804120949,0.049511264483167484,0.02936813633993503
0.00226142894600654,0.05029506532408047,-0.01620814386026933
0.0023316258186020363,0.051211047740732034,0.0013387602627652898
0.00222978167430291,0.05032748230437299,-0.03819640210557274
0.0021568638084057826,0.05047426804072364,0.01782885726305777
0.0022045722436300364,0.05037813783844013,-0.0012564671765194217
0.002623873755399224,0.05036769425881169,0.02323770002043138
0.0024132225369883097,0.050368994174939986,-0.028494944566146933
0.0019327403857917864,0.05088740718475334,-0.01520409573246569
0.0023735943118807835,0.0493753652276944,0.039536296507034656
0.0018584882312965326,0.04913289744341318,0.02559943230684618
0.002308931869248952,0.050297206661163975,-0.03704471673349193
0.0022465735781022583,0.04957572888991688,0.00395817089592399
0.0024842643752597347,0.05070494406429448,0.01709849625824075
0.002019372048605891,0.05042789074301484,-0.030998109780264523
0.002311847294946291,0.04942528093552392,0.03522761776604365
0.0022378484825775306,0.050107376732648236,0.00435590307099829
0.0020188153223133854,0.05025406968898854,0.003254632309790676
0.0020573724851129975,0.04885705427853583,0.08124729616065851
0.0022892647568692067,0.05073707262565337,0.007509565348357711
0.0020766058157798395,0.05076323568853098,-0.05176153095646158
0.0024391535576079593,0.051272639343196945,-0.032859366250065324
0.0021006841918327504,0.0493296761608844,0.08149557062198212
0.0024945936562919104,0.050319367788940826,0.0418176383755433
0.002474733541521211,0.0504045492448272,0.051638711705286666
0.002070848435683976,0.04961582750244812,0.0016783676857540244
0.0018598527136728777,0.050137343371144893,0.017872913030130853
0.0021727454856346486,0.05033904580284544,-0.021246302679215217
0.0019050855311888066,0.050476005930351384,0.016374935376516877
0.0025370550421474005,0.0498551106967491,-0.014164900396553626
0.0024322845039572685,0.05044027264910646,0.008619096540633994
0.002350467487024179,0.05036570685894994,-0.020358668670473357
0.0018633823805973648,0.04993466377026623,0.015530653064530059
0.0022346425364868252,0.05034657143050088,-0.010548792020647837
0.00222176582040418,0.051010124672844534,-0.04319765044682537
0.0025420927710398554,0.051341955782142464,-0.05814868841351087
0.002498910184915715,0.05089696236049703,-0.08612170874992822
0.002350185492694982,0.051290244308519736,-0.06584569261688289
0.0025704833324416954,0.0510681913303676,-0.016527888701097365
0.0022237889953100306,0.04980540060125741,0.04960543668880596
0.0029842422011855437,0.049690633689181404,0.01944553851286757
0.0015705022328818445,0.05121456522091447,-0.01667004352420854
0.0020554533595287076,0.05037938999632405,-0.03523649973784316
0.0021153775548671968,0.05069497071321336,-0.010434067079239372
0.0017072302802032817,0.05060315440058888,-0.03435408485805585
0.001748149675957345,0.050444551608203284,-0.000623256417703948
0.0025394975134353675,0.05001018000622797,0.013285540372954782
0.00246667800419552,0.04974878421948935,0.03663585594654845
0.00267334078076982,0.04972701255870991,0.0344167863929332
0.002455404062394115,0.05001788853474198,0.009747300037235236
0.002079439495347342,0.049385513305948245,0.016537859958630833
0.0023369213692795276,0.0502722437411253,0.01809440117740223
0.0024519423082168218,0.049562076906657766,0.02381390162763623
0.0018019652071814888,0.05075050183988592,-0.020927626567956506
0.001741820203564728,0.050815761941300865,-0.06331843042748367
0.0020944063951554076,0.05091439758481191,-0.008919206740552394
0.0021453397009360644,0.05032264712993921,0.004560295401890252
0.002653928082988705,0.04965554685246204,0.030891103565987583
0.002455568929227847,0.050134502725717435,0.004417178147953218
0.002165682804940456,0.050042946694712126,0.0008827894470421267
0.002121764802134272,0.050638036037350884,-0.02720136616251821
0.002466573852824614,0.051029839020820984,-0.00397607081730255
0.0027357277434739867,0.05072316100451014,-0.05145757401641946
0.0021100621149758017,0.0487780798405991,0.08959069049537902
0.0020324932684924048,0.04881987469992227,0.07341762410574135
0.0024784681968830426,0.04979059569443098,0.0074623163226999085
0.0025624936814196506,0.04975313819161554,0.035348526447401406
0.002370408149746319,0.04931120212719958,0.033989643570133725
0.0025293002761648687,0.049389054260804366,0.02207164375158549
0.0024382211210908626,0.04995879083721662,0.026520610365732656
0.0019879343405138548,0.05027914566605782,-0.006539685661769272
0.0024008045701704897,0.050325184191989614,-0.014178768351238479
0.002125914676560332,0.049954351462079244,0.0206294889990716
0.0021082911246034057,0.04975053676733177,0.006382947896154367
0.0020129721425814788,0.04994455956474054,0.002888872995885503
0.0018179299171747476,0.0506238658067992,-0.011747791763157465
0.0016107305875725985,0.05145846325907717,-0.019725138885890996
0.0019622992818764534,0.05038206330708743,-0.03097809637948471
0.0026717536996355177,0.0493989412105814,0.030269022797011987
0.002162697635680789,0.04971778558969455,0.04726409910557534
0.00233966775660761,0.04973706414087319,0.0197377266499662
0.0023441396116645765,0.05033330625952831,0.006506855911525586
0.0023777344058734775,0.0493239283951763,0.04736959615355667
0.0022960207851140026,0.0494531200383445,0.04377556342727846
0.002356233796514963,0.04987630658566079,0.042057968614134966
0.002823949618418535,0.04888831067931964,0.06514232403633005
0.0018505891506670547,0.05040577795916713,-0.017573199313965397
0.0025296170785654233,0.049231946513320586,0.023903592203603375
0.0027060934079526926,0.050086191693177906,0.039309057409060745
0.002403423879999099,0.05001541221345409,0.0027416315665841863
0.0019265819183400894,0.05019259286603939,0.007817047555047937
0.0020159010750612494,0.04995788315875474,0.004717198283566194
0.0021906310946832766,0.05008932042113434,0.02053859641921031
0.002340110580554315,0.05031048049055705,-0.0007700427334111424
0.0023766311194358927,0.049980543657474,-0.010383928498489766
0.0021483997004435452,0.049305064722794126,0.04400032223632472
0.00226590261636119,0.04930266426168688,0.02458226519234529
0.002332579086398461,0.05072344714718259,-0.0039620972411650145
0.00217753553660002,0.04954142691169528,0.05413885211310665
0.002139687990533338,0.04954042090607949,0.058752685259654075
0.0020761950821289385,0.04960285156248999,0.025472273048328317
0.0020552891206986708,0.05058287005140989,-0.011317790118553736
0.0026301302879629916,0.050121705736388744,0.004876761788452545
0.0020294830133034997,0.050393364426016586,-0.00849468175539581
0.0021720871527652072,0.04989500651957502,-0.030475991363191967
0.0018987306585570812,0.05118784107338698,-0.0008622211881434594
0.0022862269651156408,0.05063574056087576,-0.016104891764142995
0.0023978746786464896,0.04961196459288667,0.05438307223009503
0.0023335042524010733,0.049177313261391,0.03420985131307357
0.001931792177383964,0.04890997393741592,0.02933821937202081
0.0022831984937065025,0.04988386376376803,-0.01930575293506155
0.002491042591227055,0.05047454506693881,-0.0011977392491076136
0.0020465769727293077,0.05012837143222467,0.015819519274427093
0.002216002483314671,0.05019104465187972,0.018926876410015437
0.0019539428589377054,0.05057194707695057,-0.013424781530179123
0.0020620664234548797,0.05081006213844844,-0.036229076374381365
0.0016567590303860774,0.050529826692396806,-0.005649747661568782
0.0016683941489788463,0.05097916613376695,0.01831817299081578
0.0018034340565316036,0.049248511971474,0.01873028377435003
0.0020311840252762057,0.0495203461288765,0.03242765280114217
0.002204964727786052,0.04968033509953821,-0.008618415450594706
0.002296807278186041,0.049412684107251505,0.025829651896158823
0.0018982175757011604,0.050383870552649535,0.010099315000196857
0.0024345648790561844,0.0495412807465419,0.05304782659487567
0.002192229309460984,0.051285194319503444,-0.06119625978285962
0.002399677334292248,0.051431309237215256,-0.04649404754908369
0.001988860242126359,0.04920186667451193,0.017653210526415688
0.002114056001707036,0.04960122158573786,0.039717387950514875
0.002516004442300476,0.049645006906547315,0.017289099983001256
0.0018882198144850205,0.0502999671875557,0.025010134845729375
0.0024946186234200687,0.0501870841769449,-0.01082649996480587
0.0024765799979715297,0.05051480596993106,0.004814874350757585
0.0022889210805428794,0.05015520493610298,0.044419427590821306
0.0022252840235778546,0.050358235188706385,0.04387587144174114
0.0021032573584787483,0.04986492546425558,0.027782819434465426
0.0025225643256001663,0.050962147186642597,-0.009971222150988815
0.0021403094872061586,0.04967120979712975,0.01596532540359674
0.0019788117056434517,0.0495281542791681,0.024069510051787583
0.0021763334395237272,0.04873501595579053,0.01506910069733025
0.0019853591576714626,0.04958207530083512,0.04448624998344098
0.0023485782615660913,0.04984133047336391,0.02811619311197828
0.0020400948608505615,0.04965785134408339,0.01829772417238435
0.002250533933764832,0.04982538386128945,0.004131903968503802
0.002438666956097808,0.049326791100852065,0.03577844986739699
0.002252415973128551,0.05034739607393342,0.005837271712993839
0.0018276010584718095,0.05079324277949477,-0.01645202388720811
0.0018912043676212774,0.050478358083048395,-0.016871013343821028
0.002606974309606696,0.0503887857138089,-0.005409590661542757
0.0021739212721769118,0.05046626741150889,0.02423933636116805
0.0022099135367136978,0.05054190583219389,-0.01396962591714899
0.0025246195203314213,0.04991747704327326,0.04717751086462227
0.002325847834553889,0.04956975042052312,0.00985519748192843
0.0023526750463596265,0.05002108875141516,0.023533869578604802
0.0027000043123300743,0.049564010011482834,0.019036141588388098
0.002122260751640687,0.05075362401164074,0.0005793744951170884
0.0026152080493118198,0.050216875282286084,0.01851287006712765
0.0026709514046863265,0.05029387639229353,0.021940476710682468
0.0020813728815599506,0.04940121400344262,0.02960726637647755
0.0020331857640727494,0.04935102174893136,0.03316426725427697
0.002522739129137019,0.049339979384933015,0.02992249006107969
0.002245394936682107,0.05068894453043944,-0.007193780583174367
0.002351719850356918,0.04960343619660555,0.05111320471243897
0.0019526483125313868,0.050871721153616774,-0.008811608687723488
0.0020011254132636367,0.05096300813520223,-0.01690768072967693
0.0022326035126304846,0.04931035545691469,0.03306906565473957
0.0023550859043480693,0.051117558206337795,-0.0170402374497083
0.0023134311352230948,0.050911832907947235,-0.05614862627181891
0.002288692993483883,0.05093277861561444,-0.0608785516452474
0.002399599066539057,0.0485912275073231,0.06236998543641539
0.0021952085331884215,0.04868641397531184,0.10555085593009597
0.0021254273047244233,0.050980942716022874,-0.04095994817837278
0.002614152296387838,0.0505481218919403,-0.0168996628880541
0.0018433462842229692,0.04886582643013142,0.05208191809410232
0.001881765641623943,0.048947420598811124,0.07228313481369138
0.002072847091624562,0.0483623064858509,0.09929749964641275
0.0020286915460791767,0.048875430113982196,0.0943138302091334
0.002592288384930959,0.050270863121852784,0.026003256182915067
0.002352155927930449,0.050218313126530974,0.00894931087020359
0.002302146905352738,0.049803785059308894,-0.0027081013514143
0.002332499292640716,0.049970356549665154,0.0077172373866843495
0.0018201846321068188,0.05124758767330585,-0.04803727817806017
0.0026205443584733845,0.04903447137839451,0.08233315437265208
0.0015951146240613448,0.05135177480079737,-0.05508523775533869
0.00285777126728805,0.050520614017573934,0.012375030310434887
0.0028277921168266065,0.0504489025766958,-0.006553193338437419
0.0024275151202501105,0.05007137648331919,-0.000330711352372409
0.0023654139257610154,0.05015147517176364,0.04470558354308181
0.0025546446395278114,0.05063217785787243,-0.03856008830138759
0.0017364410344901707,0.05084832697084692,-0.013097048709248245
0.0017382911106029442,0.05156324963148748,-0.05832191555925184
0.0021125810661501406,0.051359950782033634,-0.03603085956498195
0.00208450391736633,0.05124939945241858,-0.03383689934557362
0.0021720592602786112,0.049679703246091576,0.0317884453113609
0.002614542643341015,0.050029896507057275,0.012115872934667964
0.0025359699912786272,0.05063555633721302,-0.008192297711859019
0.002457814525002444,0.05062869303033374,-0.017903232773952595
0.002398238225685976,0.04947189781819288,0.03438326350414733
0.00241904863437437,0.05058991433595924,0.013318946024341638
0.0023497760286388704,0.05030715363138621,0.009273385634183022
0.002310136317204715,0.04964353487441704,0.00658469029858999
0.001907108014351326,0.05006620062985105,0.007873566018133145
0.0018923070038041451,0.050012452413619284,0.01043896534137659
0.002370976618809701,0.050274122020764984,0.0007666643289411064
0.002125859061912562,0.04984816444513659,0.026197764780825344
0.0017725593989311433,0.050027631090461835,0.004668158967414072
0.001817686931295765,0.050107436049891235,0.0023208070830036927
0.0019381587110100995,0.04951913482151591,0.034785641041594074
0.002863963421918062,0.04971771989216097,0.050034358965222084
0.002046867912627303,0.05091406082385699,-0.06363095567100777
0.002181139046456111,0.052768618674774385,-0.09138247945496056
0.0016559582365696897,0.049711877484936697,-0.012855709974683598
0.0015042066119469197,0.050070487070989676,0.007136072341175503
0.00169448590658516,0.049956964928361464,-0.0003094300084455906
0.001966690009908362,0.05037031649206202,-0.0013082612984770758
0.002771628214087616,0.050223981858202184,0.006273763507539703
0.0023411602861381545,0.05001567919454362,0.0012416105228069544
0.0021309656441142397,0.05075399584403575,-0.04456827072685509
0.0020262327586034867,0.049282059841957736,0.07901102948460711
0.0023112712463953396,0.04947672426794321,0.008330896933022643
0.0022791028462803556,0.050037842824922685,-0.00852477617004154
0.002324519884226484,0.05065755768798603,-0.036726852056094536
0.0023708510897714505,0.05086747732839475,-0.04350524093892342
0.002168012205276323,0.04960053757869141,0.0374258643690267
0.0023396142334881735,0.04982104364453951,0.011814003309868787
0.0019301637133673911,0.04885537481644265,0.04440971852802209
0.0018967725393970191,0.04943232360593702,0.057871283018106706
0.0018527821405395514,0.04884469816408826,0.03400741069748649
0.0015036432967679748,0.0484449267174513,0.09549591336695448
0.0025229848426725015,0.04791375705501399,0.11658521451379247
0.001582400633135424,0.04830399170130891,0.08699048474679562
0.00174000113184739,0.04765633417305723,0.08953057130372362
0.002637129733787492,0.051632779762296514,-0.03392691036334898
0.0024060437368086606,0.05006204303476974,0.015616021984609372
0.001960162787667545,0.04901685779315103,0.055718278312410496
0.0019312232133727766,0.049268400577495756,0.061369135798085124
0.0019447350675938994,0.048753844074491445,0.06293647060165526
0.0026419970156351725,0.05081969494411767,-0.05071588886938724
0.002535975375683251,0.05090800370641628,-0.028621392043520093
0.0021383432497786028,0.04928924369699194,0.048413090459838964
0.00237723845517041,0.050761954284618625,-0.008613629673863456
0.002236220598304076,0.049646449579746496,0.04387521979242124
0.0024023239823622203,0.05066340662764677,-0.005389354888004194
0.002205286622052689,0.050331654695874584,0.017626496613969953
0.0020665586612278997,0.048800515657791164,0.0699676691957265
0.0020423493979713184,0.04866512025020178,0.06785490059911997
0.0020068950390145085,0.04975142762869067,0.029494472504943442
0.001922471210513758,0.04907062637631571,0.03341302761675792
0.0018117262645649921,0.050450207006557155,0.0010874571595397516
0.0026769766278938074,0.0507135060324549,0.008430786302874029
0.0024538693419709654,0.05027273897621874,-0.025155798522266837
0.002161506560064901,0.0500838534651768,-0.022354132950930757
0.002482965650084189,0.05026051493386708,0.040136749481285636
0.002253061101710014,0.04975615173864771,0.015982881660886135
0.0023205858907818745,0.05039740795655352,0.008750252941260755
0.0024995833677547157,0.05081924522014228,-0.032593720849823836
0.00231370979167125,0.051224191120649826,-0.04858716628201352
0.0015942026520979291,0.050374593769267326,-0.005722417423609589
0.0030632141341348897,0.05032908536458319,0.008570035954546047
0.002725742958642069,0.049911635193389856,0.04185356336804235
0.002634525954589756,0.05003730991024494,0.0512970323250118
0.0017737430964237186,0.049998591020716264,0.05077334847229259
0.0021425751801214723,0.049872986737998184,-0.017000206910266533
0.0024198441283250377,0.050328201174887746,-0.008703735803101086
0.002354373839760993,0.049811946604858263,0.016631434386737972
0.0018211082924558344,0.04983572648985677,0.0026646954548363248
0.002326523714192989,0.049362415761729596,0.046157982043353585
0.00222612217439137,0.050555009962980235,-0.022146928035248967
0.0020142587584695408,0.04923236109668146,0.03440935419341192
0.0027835120349901194,0.0495040610906946,0.06087175923976418
0.002290751144187588,0.0494511958244244,0.029965602645949708
0.002366417554024261,0.04977208702999188,0.004896337058610844
0.0021300848040999706,0.05081207837351045,-0.02925625455697594
0.0025756843503735327,0.05039743383643233,0.017564456284065978
0.0023238287150855693,0.04978681165114974,0.008146363391084264
0.002083381201016768,0.04955341734600269,0.038084484280517944
0.0011652577879388084,0.04840008979482054,0.08763838045008093
0.0012977113954685641,0.04906361984509877,0.09255734379106324
0.0023430136026859204,0.04770093639895714,0.09503207726171473
0.0021421301531282244,0.04783453652410756,0.11390605879950262
0.00223676225359281,0.05004655458406128,0.009634704090728547
0.002376966023755793,0.04878992982496368,0.08017388429767615
0.0018408349977364297,0.04926532659432577,0.05966774644584815
0.0018219669409324647,0.04923592813896898,0.07095066292811471
0.0018756138803442837,0.049025656615697126,0.0641397664595761
0.002567049113553911,0.05047878934613674,-0.0034673647817704367
0.0030361766015508146,0.05031772276268177,0.00870574102628183
0.003155157378139135,0.05019487871333463,0.02219301985424755
0.002877534067955232,0.050680248847686266,0.014450194775543749
0.0027437950771363436,0.05010454706234287,0.006359318819872747
0.002071051213633071,0.049812644581774077,0.027149890482920623
0.0018710597848037697,0.05004844034520807,0.06506419368490973
0.0019027927983141341,0.0492612635235679,0.03195629913477368
0.002665186726722941,0.05080549373651398,-0.02484111569489003
0.0025188423222891124,0.05067691161988249,-0.04315785460717745
0.002315709439368174,0.05055267252805285,0.0009496569287545365
0.0018176138020116223,0.0505781323551055,-0.06309486855161718
0.0019225746433146767,0.051372752574097964,-0.023022324585686406
0.0020093609611457237,0.050714673260033226,0.0004354702060579458
0.002605451817962752,0.05063949612999619,0.0002891415285108587
0.002264934810664868,0.05043560207060756,-0.01830116778247656
0.0023188273156746803,0.050890317504399915,-0.01584729808120896
0.002350299927684434,0.050030726348189614,-0.007423267580161781
0.002284223114180474,0.04990807496442544,0.02726656527859205
0.0025033524410856254,0.04968095164996207,0.03776522849876769
0.0025722352852708113,0.04904029001661164,0.061852493029244414
0.0022964782429757487,0.048865865936226265,0.047877758761279345
0.0019945089794083243,0.050321740728924515,-0.014444899853489186
0.0026523469480958903,0.049477617672871614,0.030021502238029095
0.0026067539321345114,0.04977955274437957,0.02754786323571293
0.002188588641200172,0.04926846227205251,0.050406746750766986
0.002279514458459604,0.0493509640744664,0.047446044636890006
0.0023675663857935514,0.0493480323120862,0.026677244811641302
0.0023709218572312064,0.049545809241127135,0.007090365892654279
0.0021036812839581123,0.05042088803403467,0.008402989266920775
0.0022057715806831904,0.050621862652515975,-0.04203078866893219
0.002117656218210425,0.0509346809771272,-0.009372466410519888
0.0023471100625610452,0.04997479522921535,-0.013480118051163417
0.002660410946256684,0.05025679558319812,-0.01201454208522374
0.0018675465112555514,0.050021721515054664,0.012495783823479469
0.0016725508454720028,0.05039285732618557,0.006454688331814234
0.0017423325714345569,0.0503046732287178,-0.009063096228963513
0.001952154222655024,0.05056204419096319,-0.012463328109971025
0.001917754954297019,0.05005957643440105,-0.008815653086858758
0.0016168048949978104,0.04979757133975733,0.003454756248269569
0.0017776409033357194,0.05030155236940233,-0.020628796735636144
0.001879013950601685,0.05081273745148984,-0.017524685550750187
0.002453787288782411,0.0499513084132234,0.04230670693357898
0.002453178103957382,0.05102387340543493,-0.045701738315763414
0.0023516852161211787,0.05144014180018214,-0.022387998138525884
0.00241045247796083,0.05145907124898863,-0.021181291851902102
0.0023674465901171973,0.051316819426532954,-0.02602761835848079
0.00237832232534835,0.0488196893828103,0.03524774858343258
0.002192138679077784,0.050665295621678465,-0.02300596064886059
0.0015024571890856738,0.04855278902861182,0.04766201713223423
0.0019526596809020997,0.04937415908402514,0.06437014859376047
0.0026940474501522,0.05025741503327769,-0.003710177037082533
0.0017914212861144913,0.049766663953587316,0.028756083051522933
0.002263322781264091,0.04887081870642708,0.06281972073841931
0.002240105162317389,0.04901742041706375,0.05692051037217853
0.0022874926717302057,0.04993903921282751,0.008617820796834824
0.0021117600492511035,0.049817928463933986,0.018065911368851734
0.001803175892970764,0.05033742680327665,-0.004680226223289953
0.002768978643767391,0.050770458714840205,-0.017940558856032785
0.0027314991608031443,0.05053802173306863,-0.02551775877214348
0.001919994237893751,0.04929045595244351,0.038528489607165387
0.0020586112421205815,0.04965551229981807,0.03974391298523075
0.0026347519734423817,0.05050223412459388,0.019337286428365828
0.00291631521607556,0.05031300842029233,-0.001521112984365247
0.0017587516367906675,0.05048958517097459,0.029238776029955966
0.0021953747834261806,0.049772813632022475,0.0056858339807781206
0.0022419341590441326,0.049638875020157236,0.025592672028105577
0.0022265558739686026,0.049555026223606205,0.04489590397487801
0.0019564885623958553,0.049537429103412835,0.070510868788921
0.001678549402540395,0.050789333345217215,-0.041847190173688986
0.002142611431717822,0.049932987630542616,0.02472331907392707
0.0021924324612153773,0.05029973806252708,0.028332789336889673
0.0021918939228896786,0.04928580459437453,0.03126446179610272
0.0027260373804856002,0.049917109968719085,0.03474201252023692
0.0028604750504850488,0.04957135705882489,0.043629240389775205
0.001791657671938372,0.049470279804636565,0.035444700233278885
0.002719598319214363,0.05029288354529112,0.015876396041662213
0.002284592531361038,0.05029152199649659,0.007160816620630885
0.002126810368383319,0.04928421536117249,0.042947186056028444
0.002117911665903575,0.04952538923275189,0.008368074145406773
0.0030888108287807693,0.0508878983159419,0.009698891833504057
0.0027381492044894354,0.05037422093689801,-0.017534882621083214
0.001592515883339879,0.049841274809254245,0.037330724860971436
0.0023791569790208252,0.049485708431974126,0.05115617503224196
0.002711934276115484,0.049204700268825556,0.046223041192543335
0.002568349174695066,0.049670543126862914,0.0513688793199871
0.0020893021875154055,0.050084639356585414,0.02592583647949883
0.0020496749649778173,0.04987849157774718,0.01495754175507605
0.002139798534754066,0.04996363075070648,0.01133894918586562
0.0023093133668556035,0.049931946240130004,0.01636383218016311
0.002170829239725427,0.05080410436993498,-0.004089573031598185
0.0022643992261125474,0.05004285602326861,0.032411176656587014
0.002162087945513209,0.04962034634540956,-0.0033736323847686723
0.002287864963405066,0.049738410513365874,0.05146298333964196
0.002362982172394709,0.049656912606164956,0.04336266259944757
0.0023626207953361157,0.049875089782193474,0.01933639677290942
0.0024688746211913217,0.05000110830508203,0.027449215795477277
0.002638100478912743,0.05008905211446387,0.013526655548701723
0.0020851576727606612,0.05038245037896288,0.0038496483725242257
0.002702184819213011,0.0498296817315719,-0.006994236557844963
0.0024858122001544546,0.049561386698448055,0.017065317575354712
0.002087179266739152,0.049123161354978497,0.05150184640582957
0.0025691217884435944,0.050725068112212335,-0.023006478995964766
0.0020618210151668584,0.04947815620899548,0.03911418911538023
0.0029956521427402833,0.04912628491259985,0.05175342760144243
0.0027850531098931484,0.04990914210717631,0.0677430422242135
0.0027850531098931484,0.04990914210717631,0.0677430422242135
0.0026259759376424763,0.04977837663326873,0.015732887152696627
0.0022780453427209326,0.05050250629053069,-0.026811456497770076
0.0025034599516891103,0.04863891088224536,0.09707924993495183
0.001901250836559011,0.05163690499754309,-0.07207040190532525
0.0019411891625353058,0.05084234303279315,-0.008198217437134437
0.002649078825228609,0.05002061764745916,0.04059885237642139
0.0024383867734060717,0.04995446007481238,0.0027621641868069585
0.002708865954118595,0.050144148809783566,0.038723933417883015
0.0016326320818065886,0.05078954190144195,-0.03099018508570645
0.001878306952885961,0.05053153333322221,-0.021168720714687433
0.0020767018547756186,0.05013437277345843,0.009744599386751087
0.002383500282837157,0.049633487409701256,0.02482246466788862
0.0023954621413734447,0.05003090743638095,0.040974702768350274
0.002112867643480796,0.04964908277520763,0.007384706071834424
0.001808485010018617,0.04900044504755579,0.06956484910709194
0.0020284326529515216,0.048024566293836814,0.12919280713623807
0.001986090238595422,0.04807154370716179,0.12782883087575725
0.002440695267956893,0.052471850383034306,-0.08156784014484794
0.0015759482032156609,0.050741003177371354,-0.05438151906746512
0.0020463680396718125,0.05012477881432479,0.025491186876804413
0.001908584606883521,0.048535977520824364,0.08646377910504989
0.002168671390786518,0.048348014485818804,0.11282117034285818
0.002107220211906885,0.04846419750069645,0.09681653022425465
0.002023148453848641,0.048043808223645776,0.0926523873665244
0.0023815303105807098,0.0493230949538901,0.06289376996172451
0.0023312308827358207,0.04804237674426252,0.1049773746490302
0.002016880400810881,0.04828123074793271,0.09585222445372144
0.002368582927402504,0.04871293822289186,0.10959517630232761
0.002446843060676929,0.04923044313377678,0.004279566721320595
0.0025009491559524707,0.049399890776847345,0.02535944062446779
0.002233807494697389,0.05044333967728601,0.007115761549184551
0.002031997022050594,0.04979325652083179,-0.008350956580801778
0.0020378652018810096,0.050849861142404744,0.013561991000788464
0.0024723817386227147,0.05068126856255726,0.014188084814748985
0.0024873336165293913,0.04996853729071599,0.015300694360664679
0.0022959390133628754,0.04973695830161884,0.04925689133638095
0.002244647115465253,0.05088965650086362,-0.011319020761388509
0.002640363557539932,0.05075789246583376,-0.05582472645444764
0.002296004048862547,0.05122758712250953,-0.05093770698300311
0.0020788165434172698,0.04884977461625831,0.05460541722762738
0.002060693195943551,0.04888072688559379,0.05648609152677885
0.0024464911880951942,0.05068556901659195,-0.0031480511766230424
0.0021560364220216963,0.05116172881829827,-0.02587196923811665
0.0023807144473496377,0.05096407062030558,-0.04850851750406984
0.00194644755750406,0.05025722919131972,-0.011498041728473036
0.0020513334370822686,0.048838397761161584,0.0553375567125043
0.002470895657199669,0.051021024665043865,-0.031131255980941467
0.0017860334455915001,0.05056341930528205,0.002602437829250061
0.0021003414304312466,0.05020547800074823,-0.020161616636752228
0.002576120740209541,0.05029794476549911,-0.01591130325424731
0.002660456291271066,0.04991214805532301,-0.024393141998731136
0.0025176485050597175,0.05040981858940317,-0.0228632106628074
0.0024785701684759136,0.05035081526894823,0.028527805524895707
0.0025684444763947774,0.05036211234473518,0.02798046044335929
0.0023510980527911584,0.05010068431627133,0.009438664557381883
0.0023060629018024676,0.0507008366546633,-0.03338404718883964
0.002322893599862615,0.05061031622605886,-0.018028475223117513
0.0021747645104750394,0.049739405861462076,0.033666032919797216
0.002708196163257282,0.04974483820853954,0.015035805480110916
0.002496289127413916,0.050233196765044785,0.0321948395566624
0.002441821430491187,0.05008741143939407,-0.008788559078629526
0.0027123229508121435,0.0506469513975167,0.012229966882979861
0.002720553994245428,0.05064160507722158,0.017996146627029832
0.0021145794134717196,0.0495695082290594,0.0318716213059212
0.002793166565281712,0.04996481545415498,0.022489882482835885
0.001991580822838986,0.05002602330392084,0.022750568657306375
0.0022915637748960973,0.049165329533704547,0.021736900083194226
0.0021968482291413096,0.04975830480449909,0.06577315179376646
0.002268319836506974,0.049836337265422644,0.003818216399335985
0.0022718556394798945,0.04995038710082813,0.039818790539838264
0.0024724428710766765,0.049428125276064896,0.02327132589606848
0.002472450833153777,0.04904158788295157,0.06202700596322886
0.001982441513996605,0.048804232758616936,0.06607057105796416
0.002133701145663212,0.049223564338795454,0.05118873406181103
0.0017519203405043841,0.050397542462896794,0.0331456651920532
0.001882781570054574,0.04967509050337036,0.0028751511937293384
0.0020851937351624044,0.04977306007887807,0.03240573053777499
0.0017047416216423334,0.0506252417697722,-0.010319259931095087
0.0019104145678008925,0.05013233001437537,-0.017544963247683808
0.002263872269259388,0.04979955824884662,0.012735532257683941
0.002353178965375012,0.05086190975770448,-0.03393814610514254
0.0024527246056827755,0.05022848320254725,0.020125634679780315
0.0022179846858705814,0.049136361720960475,0.0816839248223724
0.0017872432845721967,0.04829878456428801,0.11909783766979207
0.002852898314959243,0.05089201120028517,-0.029567213750830466
0.00295651804270356,0.05070716328416146,-0.018468233724135658
0.0026144585595863656,0.051114559292731856,-0.014139263842723638
0.0024150024437203364,0.05043682910341017,-0.04309054806415089
0.002386809430434258,0.050353264243492,0.04808894988071135
0.0021716801407041623,0.04956691641086931,0.05337672960417866
0.0022572813921321096,0.04981298849446381,0.06796498301802437
0.0019789161525787954,0.049824409513400635,-0.01558187399602429
0.002323964930352888,0.0503853264609594,0.01752983037968755
0.002323964930352888,0.0503853264609594,0.01752983037968755
0.00225933079000224,0.05050632933240018,0.030990869972420506
0.0017111186235564957,0.05044418575779528,0.015375280418274306
0.0020110986715336098,0.04951319715452082,0.018672355487025716
0.0021528812642873244,0.05027709658616226,0.02260968273125742
0.0022790891014950734,0.050152586625879035,-0.0030429801777996186
0.002570238694370221,0.05000807737788143,0.007062778053092054
0.00248070676969269,0.05015707657382843,-0.0009528642012575062
0.0021347280514274324,0.04992092477121473,0.011518453193431226
0.002263190155640158,0.049998655569275956,-0.007192954970218213
0.0018849335320425182,0.05029145213821168,0.012885239786204214
0.002841586330432809,0.049781283823980706,0.04800948295555834
0.0016114845610331165,0.04908129220109541,0.08210593950230832
0.002194257092658477,0.049989394274849955,0.015889458152190446
0.0021282751639816653,0.04890505278357232,0.05738080545291897
0.0024360290549461133,0.049958679394206236,0.06588713295532564
0.0021994885558215957,0.049777575808275,0.04763489180175875
0.0023193987974862514,0.049553679847090734,0.03962619140478483
0.002043625419180497,0.05114091301432421,-0.05653412286671822
0.0019631490921891395,0.05034191893553721,0.013135983561227096
0.0022855193117802737,0.04974854583859447,0.0250189883470425
0.0023013794333266004,0.04890334649422725,0.08094781156118777
0.0018134451943915258,0.049681903232464866,0.03949201760496098
0.002416838556362853,0.050180937519474514,0.016170366660010416
0.002517938618395246,0.05047985772206398,-0.012194717302644521
0.002527245952856395,0.04998632985497701,0.019032674330652526
0.0020470154756101603,0.04930728687679741,0.04143441853377327
0.0019938327639019804,0.04998055251913034,0.06224798995508561
0.0020597888433819423,0.04950684210149111,0.06494878589409284
0.0017945659263885957,0.05022838658234281,0.06001994389536724
0.0017528546414794209,0.05035369568689836,-0.02112480405535959
0.0025529558828357424,0.0505759400110781,0.001912067726808618
0.002405739654336945,0.050781013795227765,-0.0029829665646386445
0.0027353737637364384,0.050136112413684666,-0.03406321487331919
0.002603706526530046,0.051145714252707794,-0.017870287446409824
0.002027998175566785,0.04942172846608171,0.044615949371869495
0.0023956909521851777,0.049734000651218496,0.028565290384065443
0.0023385380989228016,0.050470623600103987,0.027887817122285004
0.0022012023492876173,0.04991295534197472,0.032671517950212024
0.0021350892150805273,0.0503755207398294,-0.007345576506421941
0.001919588861121145,0.05048829533371198,-0.0153011522983794
0.0020117766261689186,0.05051855824718481,0.0009870854996807932
0.0026690057557331626,0.049270443093070916,0.0750561847581577
0.0026550060873409753,0.04945974546993341,0.02940634955948133
0.001879309011856408,0.05057317902990251,-0.02790755533479003
0.0019803808840514695,0.050669579506126904,-0.012118032460291937
0.001821723262934197,0.04983747663981027,0.005869665196731119
0.0026867331404592226,0.0501801793126196,0.0023902754414983005
0.0027651163025322768,0.04975832703746768,0.004485608480075176
0.002206023296704365,0.05040065772452159,-0.037748188586307456
0.0019092967205532891,0.05049275851911191,-0.02542715432792145
0.0016255135414182701,0.04982292626965361,0.03251509884196736
0.0019052059260256065,0.049802601958102995,0.01699241691057211
0.0019255207750794147,0.049826164704274145,0.003713477785412451
0.001881334968282105,0.0494908490715771,0.08294702768501917
0.0019487669948104226,0.04879783440151299,0.034089691674143524
0.0019299323202271225,0.04865451412200122,0.053848640306511895
0.0019319098740938723,0.049293399752217366,0.05829192072149527
0.002408838625806763,0.04999600158892743,-0.003899077545858313
0.002177050485802978,0.05069783260857654,-0.033703671369683955
0.002435618746897216,0.0505128279184511,-0.03300401976561893
0.0023770499978179017,0.05037521769858176,-0.002518970458874767
0.0024713425369154887,0.050380796950951115,-0.0030501970316379507
0.001946799506162357,0.04982761864899021,0.04698899094120358
0.0021152886189298877,0.04982490743710989,0.02625232555832117
0.0024440165868304946,0.05077862479407989,-0.017487879069444077
0.0020237350519104855,0.05087587092230337,-0.023701928573470456
0.0022010310102235815,0.05114978782815954,-0.05893257550406333
0.002261619182323985,0.050536181019065554,0.005399934710625505
0.0022819389408284996,0.0499682561499269,-0.004042751658247392
0.002079673245903053,0.0498570102187684,0.001892746314536206
0.0024507037297382644,0.049870252019809845,0.0389040196493771
0.0027449227984095875,0.04967890862142965,0.015595504826629579
0.0031360357157091635,0.050491422989365,0.023851721189021662
0.002304816418295444,0.05023350895938377,-0.008583279932138357
0.0020679307102170947,0.04995543524718531,-0.016423940243203206
0.0023676319691269664,0.050361633595257145,0.029335985578060542
0.0016796709050917865,0.049573764819561536,0.02930352997627572
0.0017826604378637333,0.04943959744947608,0.04213328481003454
0.0021477518437141734,0.048269343625168576,0.08251327522319242
0.002163934247127838,0.04831800828630623,0.10665847875706883
0.001894757481319951,0.05035457876383708,-0.007720905597726609
0.0020636043356006602,0.05005995736314862,0.015945743221714697
0.0024722176685838507,0.050549974577302974,-0.007305337264828545
0.0022434027042258224,0.050537430015741486,0.006328972154701867
0.002312306707428783,0.05039738378139249,0.016559731029903157
0.0023220464292521854,0.05023744707818955,-0.02034149592831535
0.0026447660065959198,0.05093455019797397,-0.039702363224763317
0.0025762605007734612,0.05009329310418288,-0.008019650664296503
0.002632707960362327,0.05032591938936309,0.01912946565713949
0.002166774859574531,0.048903665100822565,0.0540406324075001
0.0025084547746630228,0.04919446650346229,0.08668350419276913
0.002854187182981,0.04924412356678694,0.05987972265463913
0.002930218844771952,0.0489684493740089,0.04679044950355608
0.0022019530624621804,0.05121749559593078,-0.029442487279614956
0.002359819065060168,0.051000530745504584,-0.0726768647615856
0.002236949531568717,0.05080544581377509,-0.0641805694477438
0.0019715367184438104,0.051523864729866344,-0.03701740978627185
0.0018281488046599866,0.050582358154039206,-0.03364496413831717
0.0024034417668107903,0.05093425681480183,-0.011043967509535462
0.0026005356866020614,0.051323253848727005,-0.004071926419271195
0.0017874951874910744,0.04896682019533244,0.08302713617735807
0.001972063207027995,0.048185708137533666,0.06819503587219912
0.0017901957148222483,0.049721400463359794,0.07027206389417631
0.001868254765850101,0.049064866526457335,-0.002083884213144129
0.0020763256830716526,0.04983712069422329,0.023528326678049792
0.002088489971223731,0.04954686605095839,0.008829274688850268
0.0024763654465519667,0.050403265186500255,-0.00601488296397862
0.0023697994836145795,0.0504821368294969,-0.039392385611726886
0.001996405370783186,0.05117778442652895,0.0007648384577561442
0.002062402116994443,0.05067180704448157,0.007874672641394676
0.0020604081633672183,0.050482034548735205,0.0034633407177431298
0.0029437435051768183,0.04938575979726714,0.04140553921440697
0.0019154568991088248,0.05046463819079161,0.03401837416863018
0.001973893699469681,0.049623468199015544,0.021248025114309507
0.0019485474162262261,0.04913662231801639,0.059479902335789654
0.002094358849833649,0.04883375738894821,0.06398214797092532
0.0026797165601870013,0.048933757500290116,0.08898940240930284
0.0026797165601870013,0.048933757500290116,0.08898940240930284
0.0018462799111972834,0.05143911484474281,-0.0443526466048109
0.0022676043370380575,0.05084388427507287,-0.04626827727210537
0.0025161656608795675,0.050704476606353625,-0.009362665085044486
0.002368360217592894,0.049640496038399734,-0.003344389551933618
0.002368360217592894,0.049640496038399734,-0.003344389551933618
0.0021359903020605102,0.04939885246041487,-0.00703304777216657
0.0020076453661084692,0.049718697884633366,0.0189277332926905
0.0020745202319652615,0.04974754279572464,0.0026246486439978328
0.002483503794576714,0.05054088897355379,-0.018846147192243857
0.0025924147225180882,0.0510683900320129,-0.04528372571186895
0.0024949333162803144,0.05070301319143112,-0.025310293854128925
0.001987853280586185,0.04919145471201938,0.03474163524113526
0.002072453843131902,0.04944726490968737,0.03914103769887455
0.0015241862956525403,0.04944645717174322,-0.017453933314421334
0.00262763352458999,0.04826609486597471,0.06165662991311297
0.0017186274489060524,0.051062232502279085,-0.010137324871970459
0.002067150103089702,0.05068194660733677,-0.05265861841760286
0.002037366427208658,0.05052324550355463,-0.07335047778376297
0.002372740705189714,0.048813097801126734,0.04448344681771909
0.0024166324614318586,0.04879598142638094,0.038325140377365105
0.0017491252339484555,0.04961815087105525,0.015998082247754338
0.002030711261053003,0.04989560164432103,0.02771610794758647
0.0026576106298739316,0.05024354272273943,0.02639344469054835
0.0028380900223174926,0.04892477846946167,0.055288010066819326
0.001655303025043836,0.0503016163958849,-0.012520768932717119
0.001655303025043836,0.0503016163958849,-0.012520768932717119
0.0020545675586842844,0.049268193841127635,0.06476126564140461
0.0021049721668023632,0.04889887782953292,0.056117131074764286
0.0021138386105640193,0.04904698351702642,0.06726878209085085
0.0022608220145569438,0.050737748347104546,-0.007069022649387235
0.002493273884439359,0.05073725856465385,-0.006739010220288482
0.002168050112241129,0.04937670371357508,0.05632927017298821
0.002250106416867298,0.050988266878917735,-0.03759113354624192
0.002106719433687395,0.04888704549748709,0.04896287328595233
0.002304962147301825,0.05111017089181259,-0.027142407665996883
0.0024804839883448998,0.04992652027722439,-0.008268119796022674
0.002202580918750596,0.050052970653227065,0.006702438179363314
0.00224774069669003,0.050117988066273794,-9.673861761665124e-06
0.002059876967448484,0.04976888466492511,0.03125427563542211
0.0020089472222707444,0.04927398405404386,0.0104570339848184
0.002691058046579175,0.05002455607899358,-0.010852148479115276
0.002847443663752342,0.05032310708809296,0.012268739568600775
0.0027696524456058825,0.05023942048726526,0.010070942183067344
0.0028991139113729533,0.05014307083428054,0.0005098167474366538
0.0022272665547792467,0.05032577860457367,-0.005744893252445057
0.002073593096991503,0.04958218656311064,0.026668350053635187
0.002067171056981715,0.049194987461019496,0.04462818156023157
0.0026922947971455675,0.04978300018147136,0.01619846235967926
0.002817909077278489,0.05029950727645961,0.015341860000316596
0.0020228643536308035,0.050022322009072064,0.00511686492532082
0.0020345569950808557,0.05022265932660079,0.009357625310279167
0.002089896731828294,0.049544120631467264,-0.025062997518107515
0.0022450760939855584,0.04957806861711292,0.004096672263185511
0.0021211022754779128,0.05007415165806312,0.013367575136553391
0.0020058811327730566,0.04979669707356591,0.010686989196890054
0.0021635084966683776,0.04992760043641195,-0.012170205151724758
0.0020645446852811653,0.050078224428380634,0.052467334208073785
0.0017350407878062451,0.04939280644923607,-0.007216075825035551
0.002409642901569154,0.05036618650568613,-0.0505282455899909
0.002232801880491891,0.05104243224186983,-0.03404775075771669
0.0019814922649538033,0.05027535071394304,-0.007643158078390649
0.002015000719573295,0.05049218396644895,0.00278405569344039
0.0023620750226925873,0.050351583608459836,-0.01734983490911642
0.0022446391194043064,0.05090095785699835,-0.023422409943959308
0.0021970493537612035,0.04927491309799435,0.04260472898021326
0.002213987895243155,0.049271774206592005,0.05568201970205583
0.0025908820399280713,0.049885250330956456,0.0041477709498456165
0.002734030106547861,0.050046976075537854,0.009889794926493228
0.0018903610602255473,0.04939524179980994,0.0320810975945287
0.0017909671407431642,0.050048172559120786,0.05309460005450206
0.002574610787391965,0.049655643462602886,0.018580883935166374
0.0022695023870218586,0.050309502158498644,-0.0007438793531292274
0.0018227881160874449,0.05019871187805726,0.007748997358223273
0.0017046560848411742,0.050095372941404134,0.021257612801549947
0.0017572630611312047,0.05014776468300891,-0.005022166372734521
0.0016291050149589532,0.04976931494285074,0.007424126018651598
0.0015692854956724993,0.049064712805026195,0.045976214428949856
0.001353728877095117,0.04997121207478548,0.01928131026900174
0.0013580285908334963,0.04945772779811866,0.014088592261618555
0.0013949086818874621,0.0496359115162185,-0.00938786588111172
0.0024077336415414324,0.050349954919130795,-0.041817688474313094
0.0024222955681308164,0.050294360289944245,-0.010698569581040427
0.0022052323726349204,0.04999844009283658,0.004475781585943145
0.002189893464824318,0.05024109287238908,0.0038862499547102016
0.002549023791217386,0.04932048236342561,0.05256703538611092
0.002824023914436719,0.04984202076119767,0.01374409192442842
0.002009150085287235,0.049498570179948034,0.041842249659267146
0.0018561609932721604,0.04966934627537987,0.018451951264664528
0.002546782223435519,0.04990486579088549,0.05185094252399536
0.0022220746405252714,0.04931656890508243,0.024381243760708188
0.002483161054123927,0.04940211879007752,0.05127773111399754
0.0023735923996036344,0.04930412877068727,0.03820715485304459
0.0014613274776578077,0.050307347794903125,0.00572878147663022
0.00145647876609632,0.0502823565249507,0.0037567752925378186
0.0018357179413299631,0.049070524802992725,0.04643250728843997
0.0017500419821704963,0.04918396277173493,0.06828673563389401
0.001955077026596017,0.04884543978468445,0.0427534389071918
0.002346024681799978,0.04930312536912768,0.03596459880264919
0.002237101939307234,0.05018038681109708,0.07638026147189993
0.0023708078766237523,0.04922182966185782,0.018811442860116604
0.001686407099361439,0.049378722901054696,0.040281004763793975
0.002013655910771191,0.05048699171882381,0.014618071732436169
0.0019016131004571022,0.050556923195421564,0.025163452286877993
0.0022577833134475823,0.05036911838313483,0.008027722524072642
0.0020851086836108507,0.05035716943344147,-0.005040707218761979
0.0025080884961188677,0.050834118537371464,-0.015128268423045647
0.002478509304961411,0.05081746691040699,-0.014092079865309916
0.0021768637295669626,0.051391206976997984,-0.026894895930704137
0.0020525094042713,0.050946991357419966,-0.03049954143322435
0.0021002592560144854,0.04972693377249387,0.06775244264440405
0.0022851224679705396,0.049247820426303254,0.03433740723389363
0.002242081302671575,0.049029683655209697,0.02372200943187442
0.002017303003401739,0.04935092683088983,0.07634852099129415
0.0020900399107367943,0.04889755321178624,0.05137400919546713
0.0019854256826005038,0.04907972853326015,0.080748523144979
0.002034065307745897,0.04980193800839276,0.05565701247762133
0.002047333071157997,0.04992021594761994,-0.0057402534414264655
0.0020252740789493376,0.051151433454876154,0.033628163568202675
0.00219459800228629,0.05089604112426045,0.0016216527359563652
0.0024926255854681003,0.04984147823030759,0.04044749870390155
0.0019634240942476427,0.05076861216183339,-0.040755309040062665
0.0021988460273219103,0.04945006184284081,0.05249546562782823
0.002060257996959381,0.050820715896054545,-0.026751975880791045
0.002048239033938419,0.05028277662247009,-0.003507221914269009
0.002413339822918979,0.04944163542810626,0.043409871320533075
0.00208664645447487,0.04917200504454174,0.02185019185596143
0.0022541775159660785,0.05081105346955393,-0.0023030110634351744
0.0022161488776868085,0.049489612429182483,0.023661107983603262
0.0020850788005568107,0.049429369579964924,0.04687684935948525
0.0020500657564221317,0.049817837357681374,0.02816154037045019
0.0019255471359286977,0.050461606358301894,-0.03169507235148136
0.0022106223554641874,0.050438242905168934,0.01733408665784714
0.00229259098296705,0.049773721872782,0.0010820018452457226
0.0015142218504046088,0.04875377219008346,0.09207565425372422
0.0019283194650896165,0.049071675884497255,0.014369103891879498
0.0011502875159674288,0.05061829320335785,0.0194845984637814
0.0022041129092056928,0.05096061061057378,-0.028668710779214412
0.0021252728881446916,0.05062912184882488,-0.017592422547567346
0.0024635669749051114,0.049527244234878975,0.052487398659620994
0.0020971601847361242,0.051234598886282484,-0.06400755322785918
0.002040631003153394,0.0512426573135707,-0.06575251351231377
0.002383185886897727,0.04987977785955296,0.027611486857136578
0.002257645335211755,0.04994083986493133,0.022822582033279627
0.0018521034658075673,0.04949383287565518,-0.005116691250334408
0.0021319837644967177,0.04986491833660812,-0.006407658602125963
0.0025937163941549294,0.04969323908949996,0.017680819415777514
0.0019126289207021777,0.05041530964035532,0.0019513629330859717
0.0018376124161143678,0.04983348241087427,-0.01688503873354313
0.0026095984993000886,0.050280237561956785,0.02880751412707841
0.0023203813229492106,0.05031058869321567,-0.041514944077937106
0.0017346833391428758,0.05165730352282064,-0.016798129450098037
0.0018173662950967005,0.05101336320034036,0.00026810902686807226
0.00289041304587126,0.05043209331829579,-0.040639069266584
0.0017464310850246192,0.04920646776627945,0.06050656708426428
0.002570653920237778,0.04979061858972101,0.03448734207987274
0.0023699110438534965,0.0501088038912883,0.0017679318975470655
0.00218683640389214,0.050265420539395464,0.013107743044326076
0.0022005779495506647,0.04983336315145528,0.027670624269002766
0.0027289118533723603,0.049870885020296574,0.009069941605587667
0.002897755427151412,0.05032001959375964,0.012099586396156171
0.003057538168465852,0.05050306965518439,0.008641559254293914
0.0028210099246010123,0.0499566047201697,0.007796491553574378
0.0019082209658279183,0.048287949016825316,0.0543567884446635
0.001959687134732769,0.048994248308345395,0.09860818973674683
0.0017498210439186475,0.04890534647751371,0.05431530902484349
0.001838571395118752,0.0493586625386159,0.015333047487696401
0.0018901868175994264,0.04915381854627355,0.017061897171601236
0.002134480115133167,0.04983295302832237,-0.0007139199535622241
0.0016922585528511562,0.05047269856490849,-0.0032355896566970883
0.002510630693951958,0.04994955789212764,0.0017922214462949473
0.002601799665868435,0.049661409728737484,0.04730571041821021
0.0025468199124217914,0.049006217808857375,0.0460964353061993
0.002302021620822615,0.050161092778910274,0.028464332886211738
0.0019959494972918383,0.049628125641442235,0.004353259903492273
0.00223125281948718,0.04929847809789942,-0.0004861761602263222
0.0017827466308046331,0.05012189178050605,0.05730957603198417
0.0016802561013155247,0.050404853560014534,0.061416477920292985
0.0017278400366338132,0.0483309072743709,0.0418157763139384
0.0016790190057760141,0.04868293666227628,0.10940581391738886
0.0019241590231720426,0.048530053356819786,0.029917635978708744
0.0023059313703207786,0.04948490633827511,0.050674445023383
0.002446131725218904,0.048880572966745715,0.04987672346518631
0.001643620231845864,0.04950631357215575,0.01608678738544978
0.0019037570318209522,0.050843886663326066,0.005555173516091311
0.0023056874274518524,0.04975379675222025,0.03155427685564438
0.002045201533124371,0.050079867477531376,0.04475094879330527
0.0023139360717183196,0.0497932832602904,-0.006239316594942147
0.002582172097648805,0.049805856923268846,0.05048502387976583
0.0018416355312130053,0.04959310921688694,0.015469327534343628
0.0022921068791046575,0.049871181801180775,0.016851869724349697
0.00267063012300435,0.050206623225112684,-0.0010287101374470483
0.001981432518142568,0.04937739184084118,0.017703735386710568
0.0020281069306389526,0.050477417756811284,-0.0035780421277307847
0.0017651980071416492,0.05048590028488724,0.0023571994292619423
0.001871172917535086,0.05047724537070163,-0.004222865713960129
0.002542893408879755,0.05135846408231125,-0.035157361175106205
0.002295029099060267,0.050671831812872714,-0.04066647365497149
0.002200703655158157,0.050618766428939005,-0.024999474892773193
0.0023363946434476635,0.05028851826947282,-0.01912050170940021
0.0018718404685636263,0.05098925131311305,-0.024260130801443316
0.0019269171134864514,0.05039413343218157,-0.04685639900392419
0.0024755655807323536,0.04971054733562183,-0.009851379356485486
0.002391790194541498,0.05008321359438472,0.014286327907760911
0.002110254213152418,0.04881329537117318,0.060540473341369964
0.0027211078271592937,0.048244872266053375,0.11817426739329483
0.0028126712984141277,0.04910131057375794,0.08407502980681225
0.0016563478657519416,0.05105661235496369,-0.05078883032339281
0.0016696063707572534,0.05148222147425339,-0.03455539870643586
0.001790470338607544,0.051231264500501195,-0.00708119877202155
0.0019440443198336416,0.050481760093110034,-0.01706422912479377
0.002331901252547979,0.049964521567146716,0.025844640775388613
0.002518141319262827,0.050179335972139014,-0.014360051459746146
0.0018257643171747174,0.050753756776149815,-0.0409585965270448
0.0014809104951669695,0.050453490009682356,0.004007661637897655
0.002746453083169982,0.05045958420792017,-0.023790462959875185
0.002564981016461412,0.05035382012357894,0.007956573593626438
0.0023197641568150893,0.04973029065685707,0.019058173864192698
0.0026692633430104476,0.05073906873441608,0.005140553378063583
0.0026174109837922375,0.05079442536019389,0.0063808562750126046
0.0019269269093686412,0.05004769355851353,0.025235829424554095
0.00224976385035474,0.049863326023621334,0.014698784513025748
0.002488058916705063,0.05004890967945126,0.00853110013106612
0.0019828877141616313,0.04960016202790511,0.03255630407412731
0.002416343771133604,0.05052112408645307,0.009283635272591373
0.0027098987478711765,0.05010704538004503,-0.01818952559481916
0.0024913520292737293,0.04992404250190518,-0.003381526086638812
0.0028531994982802455,0.05005778239870019,0.02987373405956361
0.0026415651142425484,0.0504367365304787,0.03532075614828632
0.0026977712019667357,0.050204923262471696,0.03112104135224612
0.0016570267720329582,0.05051625539859868,-0.012836294980366418
0.001823479999684352,0.05228068191519589,-0.07876622380992238
0.0019470359477879368,0.05136375010441021,-0.07167603408528823
0.0017980250167173525,0.051133771476314274,-0.05059854194742948
0.0024019644381263333,0.05000191503292302,-0.004098494086159845
0.002554936854603113,0.049503514282443754,0.01320056651277124
0.002434241112456303,0.049415813694853615,0.015335106477774143
0.0028289879265021834,0.049577352958265146,0.060279198058788466
0.0028012677106303086,0.04940619907296,0.04960052652432555
0.0025607128090514982,0.049288248777960585,0.045711290298132284
0.0025090630777096844,0.04987056151823479,0.0679468438755939
0.00230558848660265,0.0502740753976346,0.05454786727957308
0.0024569755846760286,0.05128306789172855,-0.037633648409996355
0.0024299899340418808,0.050208394099272205,-0.023630726456897892
0.0023956480589150315,0.04968661794484668,0.04233208530705059
0.0023274299123175976,0.04972506967306152,0.02465055235251976
0.0022878272302847874,0.050687984864222116,-0.019262739410573947
0.002536319688456272,0.04957804103055447,0.05532244477688151
0.002479185256703035,0.04996098068612433,0.06235772764471039
0.002567250027533783,0.04930099525621715,0.0551959617630294
0.0015718626155985299,0.050143939994072156,-0.011751486146055397
0.0023303889858220356,0.051148920354961755,-0.033436762108986204
0.0021100456761346236,0.051606471896168196,-0.024887979636107723
0.002561121157977741,0.04974876234290588,0.01470238162820635
0.002147822497049091,0.049072124446771934,0.044325985703405735
0.0026015844475254578,0.0508702548756599,-0.014858917396401166
0.0016382155687473872,0.04938456989741146,0.04004785046192929
0.0016510177048081624,0.04876723601813723,0.035669521608752586
0.0016368517892123746,0.0496118142138172,0.056983402296945325
0.002359916924605773,0.04943450871206161,0.041159650141748896
0.002631073851238736,0.04941931521136626,0.004517939271868458
0.002723733781060397,0.04974890294912938,0.029216950626270357
0.0028790734946644563,0.049763710424964414,0.014053961390932629
0.002562418540077186,0.05046605338224176,0.018122111817713095
0.00192770276735381,0.05052902959206912,0.00289387168802401
0.0017041731309099216,0.04995926037077557,-0.004746361834705876
0.0016294668682690222,0.05025414030802133,-0.023699834524740226
0.0015429271200448236,0.05011842570354679,-0.020913703726176305
0.0015047192399622413,0.05064305053150845,0.03871471543442108
0.0015692428115092005,0.05056606619073049,0.044658406403352335
0.001299477233929666,0.04988852619826434,0.03557726084430939
0.0013697241626223346,0.049435164200455184,0.05784308255196576
0.00133635608815952,0.04909423664905451,0.060859945311903606
0.001591778321878085,0.049145533580565094,0.0516507004575801
0.0017566740525631118,0.04826398880392791,0.11159508097098697
0.0024557768077874027,0.04915519230816965,0.069983314301091
0.0019928305309025937,0.05017315562930851,-0.017993340484479176
0.0027363510238083456,0.04964635218977445,0.030306639050830107
0.001973695272866232,0.0503928990018236,-0.02128709319153144
0.0024296244767075437,0.04956147889723809,0.027105100363954776
0.0028906309873450936,0.050169023992476774,0.04592628271488133
0.0015298751737437535,0.05036533490144794,0.02358994599538063
0.0015706930879799195,0.04940286764493013,0.03320832674972405
0.0016227784347003231,0.049436856546783536,0.04002345252097225
0.0021323910230069327,0.04970241633154509,0.02063059566895483
0.0021294894771944914,0.050886854190179666,-0.03325990595992912
0.0025289983594815914,0.05002590775046428,0.018475117192563544
0.0025289983594815914,0.05002590775046428,0.018475117192563544
0.002740773368670981,0.04987202674813341,0.03874086126412633
0.0019114229224536981,0.05016676626223111,0.015794218037094115
0.0017119289936636272,0.05019124058489984,0.020916393342588616
0.0015787391247591624,0.05046940818347345,0.024248793227249606
0.0016010117104612118,0.05023577103742269,-0.047170571943182645
0.0016223352082170004,0.05035015440073785,-0.0357088887749444
0.0014793841139895247,0.05048451393331735,-0.026077144600415412
0.0024803024023639718,0.049377652675279264,0.0059821824249451086
0.002205483058386611,0.04989894020673424,0.027405035487407567
0.0022523120085383794,0.05052609276269523,-0.010672396840015018
0.0021644548363219545,0.050374757135912204,-0.017564981272350618
0.0020958293458416314,0.050277066054766596,-0.013435067050252313
0.001864837168280489,0.05062366732995354,-0.010179793728332808
0.0019642755233976582,0.04968875573293017,-0.0351971499891124
0.0021586485610357413,0.05034683793427253,0.02329208829396667
0.001797122996367877,0.0492913495081574,0.03740750317452461
0.0019288071921434039,0.049120423248242,0.03188693646235653
0.0025992223898789325,0.0492130408253018,0.03854405196844458
0.001961220981556627,0.0515721888684712,-0.07743208499213232
0.0026553255724973417,0.0484143755146543,0.07903995772706819
0.002396805565236321,0.04861309255201257,0.08528584792926609
0.002198652709527455,0.04940094242474347,0.05053998604563883
0.002185224384757198,0.05109633336648458,-0.05506845502661559
0.002443098128850852,0.05035801347097303,-0.018464582137691796
0.0021828591717072735,0.05000705011560399,0.0001902933850731445
0.002234598677956238,0.05058764278653029,0.005863675907692615
0.0021233964597364694,0.050153233305582724,-0.003057280412166352
0.0020180887132330455,0.05017301266383675,-0.0009807658145239537
0.002012328726161002,0.0498005220691843,0.020174728734205817
0.0023569719961276533,0.05022134912570864,0.002473589759385483
0.0023569719961276533,0.05022134912570864,0.002473589759385483
0.0024429364904570484,0.05056646734183187,-0.0004664530496335247
0.0024368297799316594,0.04993793178773873,0.030596515639500037
0.0021275449143644373,0.05057175206707282,-0.002265297061995726
0.0021275449143644373,0.05057175206707282,-0.002265297061995726
0.0023376625646622283,0.04962462357285575,0.01605080751827483
0.0023376625646622283,0.04962462357285575,0.01605080751827483
0.0019126189632519093,0.050021511202716466,0.010563498776915477
0.0022505757877634832,0.05037647066732996,0.03522490433221348
0.0022898134018046567,0.05123907872038705,6.57700468540676e-05
0.002363224383228733,0.051017024208716,-0.029551441472767573
0.0025302926583344455,0.05058041857388059,-0.04201549933853698
0.0020023614036213085,0.0491510988417776,0.04199321410686162
0.0016985368785304542,0.04961331276000856,0.03634771454307435
0.00238999014521583,0.04940891216098983,0.06507807054813358
0.002254182268129439,0.05031270330448529,0.017566559556071466
0.0023037086609136105,0.05013969857092865,0.007631225886735747
0.003009159693877267,0.049944811647864226,0.010843809585945805
0.0015859980085724664,0.050154582143042706,-0.008242211886477868
0.0024886883602481744,0.04990231481130026,0.02639891390296009
0.002308803713911937,0.04964666145484987,0.01174386836097868
0.001843572026145673,0.049715336394358746,0.021453028406101644
0.00193035708175354,0.04952542565757713,0.009236229365519924
0.0019226737848778424,0.04965567110445689,0.015274677656198644
0.002060552356712821,0.048967561187106136,0.07502408684514003
0.002270353418779709,0.05000439330145711,0.005930832007723997
0.0023460890854551993,0.05041892372391263,-0.023364612596443703
0.0024786948742681883,0.04967762330186813,0.024566455904052716
0.002216584953972216,0.04963988177398203,0.033811612206361585
0.0021711307553736944,0.05066185431692011,-0.007932192378478416
0.002003212365139143,0.051196845839606736,-0.04730615563296053
0.0023710504315857008,0.050411492239183536,-0.005799649577829785
0.0016646573379869082,0.05040478822179795,-0.015709333616861526
0.0014729477849374202,0.04875583850747776,0.0670539565637017
0.002207042483946576,0.04986233184490521,-0.0060474042441665855
0.002200658778999349,0.05039665781662763,-0.004977274544885231
0.0023007573121350397,0.049532340099905106,0.009013019274296846
0.0012423017807362483,0.048535795122585525,0.0973323580719763
0.0015005367035172466,0.04831072661268837,0.08008388253580061
0.0021861004637270154,0.04958091655277705,0.021538809459570613
0.0023040725595772898,0.050762575332303383,-0.014202454031104832
0.0024570518892966567,0.05070613406585738,0.020812920506121945
0.002733027423495432,0.04988632259267775,0.02069776977260759
0.0022169264171255586,0.04975690017817633,0.021846332460125018
0.0019931999795410635,0.05057335239145619,-0.01326130109673972
0.0027205828702623258,0.04977237115925873,0.017395155191612225
0.0019356637189765782,0.04945578707360494,0.05516980054043535
0.0020507734045590925,0.04935859861947526,0.03491196971820517
0.0019225497437305942,0.049936563810112106,0.00457430143331683
0.0023815846218178185,0.05100422131158233,-0.05420576555522241
0.002279179258620598,0.05063120622306298,-0.016940296546856786
0.0019369705048735647,0.0493264131531399,0.023918048526424825
0.0018048301581732743,0.04962278001710882,0.017179912281887796
0.0027094762677929477,0.0492660283614149,0.04716956112840258
0.0021841731457083796,0.04925741599080218,0.057908904960393366
0.0023445927465540572,0.04924949100533849,0.051519016572492554
0.0024025641666174814,0.049626636210053664,0.026444572262733817
0.0017371130892928634,0.05002030351765943,0.015739050871525207
0.002925279418000416,0.05058570241945829,-0.0024366949325950473
0.0019921758330837275,0.04978530179774557,-0.005926973025829216
0.0025138741401712432,0.050292391745103776,0.0071923886550054675
0.002631049742800287,0.049936827864775477,-0.0037412706530433383
0.002116454968067697,0.04923552767383706,0.02699096440117032
0.0019368404115237847,0.049139418026036746,0.0371595322807908
0.0026615904166087416,0.04941096445851534,0.04355136716196928
0.0022941843072529088,0.049449042754760385,0.03981216364536903
0.0022184767193372526,0.04958484046231536,0.020461004837807974
0.0022659176732732936,0.04977652119170592,0.028007108956599313
0.002900604202525114,0.05008567671972658,-0.0017754347573657545
0.002692170864318599,0.05064677310475004,0.012371764059727472
0.0019540288467290775,0.05041951062409534,-0.021632756405975263
0.0028165518386179525,0.050615750044855544,-0.005355983973634472
0.0020116679998362836,0.04937844142474115,0.046636767124857356
0.002368831889169762,0.05002122730483452,0.030453365618421414
0.002254279295802583,0.050621232235278806,0.0015861751055209112
0.002364170115300158,0.05097073607870226,-0.02060262229783924
0.0021656395653162413,0.05028716503748503,0.010856432252604756
0.0018564813341527735,0.04915894984652299,0.03791754521563235
0.0019991642308743183,0.04933031379245648,0.055672246221700555
0.002215417148256462,0.04959902553641435,0.046103964068685936
0.0022092378440576764,0.05123019889782828,-0.03343935481890421
0.0023054221681767725,0.04961670810908707,0.028538696070530948
0.0029213258964488203,0.050481548822371734,-0.004040337236266295
0.002029637290106791,0.050577128166215804,-0.007614564621395937
0.0025217731030841516,0.05036523231350635,-0.02592190795606837
0.002438421471900372,0.049965010575642274,-0.0019587763680796585
0.002011817159835726,0.05108763444283628,-0.02805898352992523
0.0020953181792290805,0.050005966914863115,-0.005883862495316363
0.002147790210187838,0.04976840770055653,0.013457842156214966
0.002537386423887133,0.05062027436831701,-0.0157183968690291
0.0021147185502676464,0.05041572067220322,-0.013066140120112783
0.001524409349504593,0.05024132754429863,0.0012520416845378196
0.0014859386210095806,0.05031801615533905,-0.0010766169092867176
0.001999410375397526,0.050215196122690764,-0.012970957740210029
0.0021442481056809836,0.04980222657293854,0.014258957476944608
0.002077184434678123,0.04979019836375388,0.029334252460680298
0.00239564065040884,0.049989197027885006,-0.0014216478375350826
0.002493572255089595,0.05118444486283343,0.0010053016473375567
0.0026147102419378137,0.050341126839697596,-0.0018923124541428981
0.0023537751448787655,0.050465025370462,-0.0198232923435194
0.0022443991602213637,0.051104648145717364,-0.016949297692228065
0.0018828577648715506,0.05084173696765471,-0.0288716008997129
0.002971036218081304,0.05028363950818494,0.03776324785406431
0.002757843559774539,0.050081623854049837,0.012789387713005293
0.002361246902174282,0.0508479574208051,-0.022289766863556125
0.002220392633653801,0.050234767442484826,-0.003161803423879661
0.0022583940012114467,0.050281281028136525,0.02007036465202024
0.001971948769759354,0.050208585900684465,-0.02291572286658052
0.0027139923512373623,0.0499191195339705,-0.001547575833959795
0.0021654148182342877,0.0507436923772755,-0.026992806575922897
0.0024868328126876425,0.051052597511151716,-0.054661307864074984
0.0025112574568743728,0.051014710981901815,-0.031633260995892615
0.0023589069356226987,0.049103765951395685,0.07436810751693235
0.002322753758218765,0.05137839803539605,-0.04828848928153071
0.002431399120438272,0.050982507461234505,-0.0577200243132296
0.0018659506045484715,0.050008319511964765,-0.02291151918245773
0.0019400020268697258,0.05082613669544346,-0.017275791378456057
0.0018774591270065853,0.04988034751450397,-0.04193492421683831
0.0018270156756042572,0.050387499372023976,0.0353551342270012
0.002069911118127262,0.050449843244483615,-0.032571170331423996
0.002572264984005472,0.04950623919503144,0.04822530985261467
0.0018794327030203209,0.0498818082223209,0.0420569179722444
0.0019658073165790507,0.048897214020225274,0.007952964787048981
0.0026581217322304007,0.051011466008065054,-0.010529760072567578
0.0019806530553238026,0.05062782238272878,-0.04455247339173881
0.0019730469320990347,0.05080358700568711,0.0013887096177329934
0.0029407114238395285,0.05071244748358584,-0.04488798475533999
0.0029407114238395285,0.05071244748358584,-0.04488798475533999
0.0021202562013130986,0.05077308800431064,-0.013376890288440909
0.0022349887975601237,0.04939450605973843,0.03668526539520161
0.002430599071676886,0.050567244004439564,-0.021922973736199048
0.0023837889550872766,0.05024731981904478,0.0009869470844139727
0.0021475973211381684,0.04966006524975011,0.02430037291824916
0.002541844943060792,0.04955796414504499,0.050429065101159125
0.0023328617745592287,0.049387705315110546,0.06809841959270242
0.0017770794635404302,0.05014180474800612,0.03234063164333213
0.00197331296272879,0.04858197652218365,0.08752175945271333
0.0020532858746054638,0.04949345578576939,0.06662533617608868
0.0024577655937432605,0.051174184399158454,-0.000833548411036436
0.0026109455209721287,0.051140444121549736,-0.05626045577554646
0.002431700461698895,0.05080449832542426,-0.024081046254795624
0.002394958694712799,0.050036487146713174,0.018426814739452322
0.002337997124385105,0.050708037722550066,-0.03317087317190947
0.0015842647215380723,0.04973900573477066,0.0039110670384670575
0.002074495298059468,0.049929669625544834,0.019696901576090334
0.0020613069529029472,0.049537582686305315,0.020153916460788117
0.0020613069529029472,0.049537582686305315,0.020153916460788117
0.002351425069770794,0.04920651409045362,0.06773525524321583
0.0017272735682425486,0.05070074728668154,-0.06719771491638102
0.002119191830905061,0.0517059551178044,-0.02220990580737166
0.002185307075768361,0.05092973827176354,-0.037074281566550876
0.002112908599690692,0.051142275462470486,-0.04582555372208799
0.0019791507413027425,0.05100564955087184,-0.024823663526757637
0.0021724190294408175,0.05045036021673081,-0.027758873901388186
0.002457830274044082,0.049572113576808394,0.04379369668779041
0.002065692062604356,0.05043328771826762,0.013030333720962442
0.002287122449933935,0.05011302758079462,0.02681312346501528
0.0021975925993280277,0.05022611786872806,-0.019006624226708173
0.0024155555947914147,0.050797758184403484,-0.0237784499194994
0.0026425315740678836,0.05083611677090524,-0.035853357683349976
0.0017194881287399212,0.050866644820755466,0.005802729365775731
0.0019807493976109407,0.05039564027852538,-0.044467767223395065
0.002204506798434975,0.05048416148914582,-0.017424489486059576
0.002218882716611632,0.050450311696868755,0.0028071565333603007
0.002618915197760187,0.05107253871813411,-0.025141049322728537
0.001530157782898012,0.049193307914321895,0.05122657321256806
0.0028135591878012925,0.049374272680901075,0.050418761848213305
0.002276149343961119,0.05049429726743668,-0.012779119165916161
0.0023740053073528465,0.04945360941893628,0.04354229332090639
0.0022559892720347163,0.049736398772162765,0.029291325657385923
0.0022559892720347163,0.049736398772162765,0.029291325657385923
0.0025956903674078024,0.05059702298432733,0.026578323327638542
0.002533363730530272,0.05001893527067827,-0.03782050231739224
0.002278274020685323,0.05091364320265537,-0.0072444337771639606
0.0024517997574900192,0.04947613960509547,0.007620800732300012
0.0022426838462052865,0.05004677690181585,0.04225218941702288
0.002153748332067877,0.048926422071095224,0.033173228054414174
0.00258313459830602,0.04970517322729494,0.021228939273120993
0.0030850713930414544,0.04948688847764369,0.06560267676668821
0.0021864993794880353,0.050423751882700554,-0.027117577099122644
0.0022262520447938845,0.050145693497600806,0.025489416428456618
0.0022439894707686633,0.05027857909699817,0.028218059288700904
0.0019109008082095955,0.049049765451035454,0.06342760453128349
0.002212412413196593,0.0488820276325669,0.0784052732624627
0.002229992940744491,0.05175153955846951,-0.06138740047701147
0.0019918363926348702,0.050233365102527024,-0.011509538505851867
0.002839989848862376,0.049318967190431245,0.04487325592048741
0.0015725643787437788,0.04901335335393513,0.027178443167796825
0.0015828944703070236,0.04973321575053299,0.04425354558604113
0.00155839945651733,0.04861020706235294,0.07893323867842969
0.001717053587758707,0.04899659341598137,0.1179033761902978
0.0016110508334220468,0.048636490200665794,0.06111293359199765
0.002199890138118827,0.04933025131525735,0.01762241748502582
0.002047964535353361,0.05070822725604237,-0.05561125535782724
0.0019193567371235643,0.050156210486696065,0.025739256938040453
0.0020648358045788477,0.05044891358704192,-0.009678423578813445
0.0021556106600679075,0.0503967400737072,-0.013875541521259246
0.0019951990368531364,0.04970155080678508,0.026431490537706624
0.0022515257293064628,0.04910780472769938,0.044368904970560695
0.0029271114529429653,0.05025398769450245,0.03908875154559832
0.002225584656703173,0.05013595148640497,-0.008103576449794701
0.002323753698352876,0.04998553478014487,0.013624553276840201
0.0024435614535138557,0.049812420061948075,0.027147231640775454
0.0027108985273111923,0.049826686348754576,0.028063899361565392
0.002718770845848592,0.04964535628379995,0.034861883066794365
0.0024026149266129357,0.04928525426581216,0.0533608915159062
0.00227516863627499,0.050797022205169,-0.027238594078991964
0.0022536448038258023,0.04912785272532002,0.012525191485397862
0.002227281422905347,0.05048792462546231,-0.037457045794923545
0.0024425755206152542,0.050537445074582917,-0.05067970426631103
0.002474085712104623,0.05129104893479799,-0.008784561574150137
0.0019312439736084552,0.05011777505828904,-0.04433186710285454
0.0019601134598177155,0.04968309515097151,-0.011913790376110256
0.0019178125314979328,0.04991969300962952,-0.004864815074965539
0.0022855319038344144,0.05027711881291894,0.018457998107768114
0.0025252502345974974,0.050366539155579544,-0.007608099714710563
0.003145553010711924,0.05058357495667185,-0.00461166191728682
0.0019378508406797158,0.04941774659965153,0.04153319991070093
0.0018517389410757804,0.04977921464407999,0.01706497347667308
0.0019614340295124925,0.049531443258255634,0.03525553768618195
0.002429777424831371,0.04944779521409288,0.02910995989848191
0.002515905896554078,0.05037085804324186,-0.015869542943437245
0.002148094285566962,0.049184573306110674,0.03637019435104623
0.00255669744668988,0.049951825517893615,0.046507559072593074
0.0021992970217927003,0.05081815973878472,0.002912094906312092
0.002248512576487976,0.051134155809936466,0.006117881385237861
0.0021827823642406566,0.05132503041271377,-0.042384398881561626
0.002052171934700994,0.05167616743874899,-0.010857905364285032
0.0014168285022838458,0.05002016137403484,-0.04921072649012683
0.001662451082500599,0.04995940996344471,-0.013450434458229635
0.002292765240303207,0.05019363386356631,0.0044091215416493575
0.0022751243713726673,0.05023537820843291,0.026379893421502786
0.0025123277208196813,0.051210798241698,-0.013864482853307413
0.0021728156316138574,0.05008782811019798,0.005451276185506368
0.0023668510262043483,0.050238461564851046,0.01571615739695608
0.0020092192918565806,0.04965994573893968,0.0252346728028907
0.0020072336460555617,0.0500499214005376,0.034639369095373115
0.0023968602364636557,0.049562558592845314,0.014361859202144224
0.0024855994037860747,0.04974904189625135,0.004808757441125647
0.002812759115214292,0.049622040386208405,0.009829316660556475
0.002219052070093287,0.05086727784545359,0.0005312682073615745
0.0023754647398343477,0.0511253879976964,-0.021816838387109072
0.0019030599123577966,0.04933337615249935,0.03333565010293672
0.0020058004489638868,0.049878751503210875,0.029680411266367855
0.0022258094914606955,0.050425344391571626,0.0055415121067518705
0.0028321319279985195,0.05014472880867016,0.018099035012786913
0.0018946359100735154,0.04959896701148513,0.036076036547897844
0.0021723104682670694,0.049975061672322636,0.008668780231395336
0.0021983006045591565,0.050265943098149496,0.007049904201061014
0.0020416033341341677,0.049797117698558734,0.030881026284911108
0.0022797855299467786,0.04984735406256391,0.009338054533064293
0.0022505786089367466,0.050462931733365746,0.027522792368148127
0.002129978075411414,0.04930219951535413,0.01945566477591244
0.0021703924752545347,0.05099984154824261,0.01460021169285554
0.00208773522542704,0.049924439225057876,-0.012331265940616154
0.0019442205664534108,0.049940955822348344,0.015620121342150574
0.0028271898522804523,0.05022388607067993,-0.021037741246166555
0.0027038423933423935,0.05100722641872666,0.012907169661146927
0.0025995791477058487,0.05087588160822263,0.016614363316617326
0.0023980584101168795,0.05066692004431653,-0.004912067492233837
0.0022498885512526727,0.04944550203427173,-0.004991766895355443
0.0020098118166623387,0.05038774335743567,4.629523369748454e-05
0.002044135168548175,0.050960058861932535,-0.018835569643079704
0.0019087889129155771,0.05038914041698847,-0.04405215145853022
0.0027092127795790835,0.0496811735172899,-0.006722041762546504
0.0018285221297784586,0.04954862272081177,0.022343940405774514
0.0020508164506109912,0.04912761663880496,0.03887899501589044
0.002226527956770931,0.05009312177929608,0.016502508129525667
0.0020102615236761885,0.05013377746395883,0.008576003289855055
0.0020658254138777605,0.05053588253057646,-0.02181394569882388
0.0023260587268875642,0.05039160263522927,-0.05382072323409263
0.0024251707315751997,0.05090690486198585,0.0026305028888324975
0.0023400387946550956,0.050463807547502654,-0.049383049738860374
0.0015881172089715124,0.051787310288566334,-0.013788201632557623
0.0017535506047319242,0.04999042456521516,-0.01632960494714369
0.002143424407624108,0.050801209234908565,-0.044181179658421346
0.002710578688826692,0.049609097154364186,0.04427152242430326
0.002097752774107548,0.04927058456043666,0.006187206224766952
0.0019991550106059634,0.04967426669909597,0.04116117321017686
0.0026183567953146653,0.050832098560286455,-0.005464604112317212
0.0018490654365373486,0.04980888617343945,0.05061428805000506
0.002530266853514977,0.05040615381506117,0.020013975584843545
0.00186981832813506,0.04921563802636781,0.048563605308628535
0.0028126519812694535,0.04988927110827983,0.04945464064514173
0.0031338066983551778,0.04953092625094816,0.03762537519534821
0.002014573655250563,0.04974631008994575,0.021266743587319982
0.0021851182160547754,0.05049535281921475,-0.03956821781702439
0.0020927229845764043,0.0506556150905462,-0.011153023445049474
0.0022886669851506438,0.050072204880762965,-0.03366484974376372
0.0026506021758873435,0.050013861337977805,0.04825230646915194
0.0024979319041418114,0.050510216128802306,-0.03488913641145122
0.0019041238590315798,0.04904727133884731,0.03257378750651005
0.0016994653115804308,0.05035220748841934,0.02397467238017135
0.002332306175714763,0.0499477907879583,0.04047551470881123
0.002479200658291533,0.05012681863228474,-0.0038435173805415196
0.0021043593090609284,0.05059243541714403,-0.011582810897821783
0.002672947614782658,0.04944340092948624,0.05912519484953511
0.002411247964005372,0.050296670369156984,-0.003375030147598479
0.002559501409028742,0.05073830659881819,-0.004623714513779997
0.002395419717512,0.04968198665383175,0.027292820441440047
0.002281803686657069,0.04954095346500454,0.03578944146609421
0.002094385278012947,0.04990905533889514,0.024572234037170355
0.0027904527818360405,0.0493396653991563,0.010804341514647958
0.002530472336062557,0.049960868966970225,0.06883738271137033
0.0020890503540676093,0.05027469618212341,-0.014301178431965225
0.002066212686566834,0.050218954922352455,-0.016192888964811507
0.0017546595067417482,0.05045439737081945,0.033487272007982176
0.0016414020294046605,0.05047668761638001,-0.018245041389052453
0.0022676606848220553,0.04917779909692641,0.04522654288724837
0.0021381302406956533,0.050469578250130875,0.00018023389955110436
0.0019050108586354728,0.0496022837249894,0.0021363818795909427
0.0019855460040932578,0.049885098156927064,-0.007133961856993493
0.002913574328610647,0.04967317186960682,0.02506053489124718
0.0016639409956742109,0.04954664147003514,0.012631367835203692
0.0019371135488882088,0.04992632443340272,0.019995939154956895
0.0019363123727901574,0.04923840777471878,0.012642167839934252
0.0016681526627682908,0.04953698974684766,-0.002958721453517121
0.002774658741235768,0.049594389271876385,0.01812713434526397
0.0020961544684841853,0.048831713803490336,0.0455343277637364
0.002163405819862538,0.04926277716384781,0.07844565642893504
0.002087496417219516,0.050277597045400614,0.0010719568985717684
0.001718111987632687,0.05078721418564571,-0.00021333519019494905
0.0017865135179276387,0.05085993420903886,-0.0002710658114921901
0.0021092026647496942,0.04944131371625317,0.009193715113650632
0.0021112606176936616,0.04998278131681536,0.04312216120811278
0.0026070644860043237,0.04970090179709144,0.027815819466671447
0.002079023796051573,0.049685415430836585,0.039939061364790966
0.0020013604456185804,0.049608591049864946,0.03322058663100484
0.001617966115142248,0.04960257215989713,0.004973941212134606
0.0016845061812357258,0.04995816891772477,-0.005998538005928992
0.001901201701236392,0.05004705717358356,-0.01713948057181537
0.0027337355459949387,0.05048099707631125,-1.3887328113209958e-05
0.0027337355459949387,0.05048099707631125,-1.3887328113209958e-05
0.0021275412845682953,0.05064149458505494,-0.02525559179849827
0.0019314716596271653,0.04963703366698132,0.040785402439265206
0.0025783423659000455,0.05065778708004919,-0.010541672722272888
0.002551565650310481,0.05021265341132697,-0.01215333625816859
0.0024273992932536117,0.050389563571417516,0.00505800735797915
0.0021770492356776388,0.05012576569698331,-0.018423750423246493
0.0019673042688562186,0.05011663386797518,-0.021613769063242756
0.0024527101176841635,0.04992254220121631,0.022231057218979014
0.002786873428761768,0.050406147116286715,0.016109079294428497
0.002911767145631279,0.0503628804382398,-0.003047373477729083
0.002300424826624879,0.05014956423944622,0.0035869839848557163
0.002402615800579393,0.0499955126467928,0.013134395174204795
0.0024297117911403067,0.05030763274105139,0.015525069384647138
0.0025421560278963444,0.0495156312199405,0.016432222813895097
0.0026565819561820457,0.05022813228721062,0.019340663672561945
0.0023656004081326013,0.05012326307020025,0.0005469950265945158
0.0024478578349165533,0.050011173736082215,-0.006629595508814435
0.0023147135796720026,0.05043742467258537,0.014585310352858342
0.002458724569159355,0.05058155201283851,-0.00182552219660377
0.0016171061981627513,0.04969671899420101,0.005796604377499563
0.0019575901019682597,0.050764327595228,0.03358180146216786
0.0017391789280470932,0.048902147796752476,-0.006469987950622707
0.0022111383305297235,0.05038806065560424,0.05953627822883476
0.0025831296479889338,0.049759951017472964,0.0010370314529215773
0.002180327604595577,0.05094712886207552,-0.0014363316441165358
0.0025384125093201003,0.04954250822332007,0.015084515020957796
0.002532415712425136,0.05024689613863311,0.016086791244368428
0.002587207016841333,0.05010717696682389,-0.00796830072060259
0.002315147902431526,0.05032382511580264,0.03365743672774111
0.0025050243429724415,0.04999731334327382,0.02128946017281414
0.002427616575936459,0.04951018797054891,0.0472540674428072
0.002894899997418099,0.04947838588111639,0.04502083941324176
0.0023013977132385144,0.05026929586794123,-0.004256245235391438
0.0022208508242670885,0.04979691630219344,0.00868936309035894
0.0025898350272816955,0.05033200406869835,0.0026693533641616867
0.0023414753350517147,0.05067545675926066,-0.0031038452182846573
0.002494584380508484,0.050020704377329236,0.00892876531897677
0.002759967718572587,0.050058501121016424,0.0072835049491215605
0.0020181274038072274,0.05029478291447126,0.0065844539664778115
0.0022102430531548483,0.04872483044118182,0.0339039535427998
0.0018169921096149078,0.049067700470353075,0.0611022975881945
0.0018293001558535471,0.050703496626900574,-0.03335782523821707
0.002745422932870303,0.04948154345456989,0.048065248328797446
0.0017353902448192626,0.050603784242578935,-0.0346000218088417
0.0021147512823682327,0.051009071760621076,-0.052635825035177344
0.002207498254978468,0.051045802704881106,-0.03735906750802469
0.002599284412278342,0.04918684968824805,0.06137210395595386
0.0025192379880614123,0.05000839976045311,0.006616437507586408
0.0023548819130645954,0.05063796199981664,-0.014992576489291549
0.0026207817037743665,0.05066093907710762,-0.04662072325820897
0.0025083510470228832,0.050768548677647345,-0.055560982893773134
0.002336178749241316,0.05141873738300729,-0.027734757580757163
0.0014823937770395334,0.04974398455049448,-0.01503026863618095
0.001550834480923867,0.05091141393148063,0.021122386501589832
0.002357520862524225,0.05093484390595189,0.0021283173128509233
0.002179733137786134,0.0500698430840058,0.00596985738212788
0.002365716703988549,0.04935551474924956,0.05051392634837687
0.0022593694795793634,0.050072558003619864,0.054817234982307214
0.002375112998347956,0.04954132358774974,0.0550892351077578
0.002247716124299926,0.04988086871638729,0.02648534279287416
0.0025866396938288277,0.05029651851978555,-0.015551987963412879
0.002354792662297695,0.050452359174733445,-0.019119404823334882
0.0023076209546898352,0.05068531498720344,-0.020228307016266506
0.0025936561390608394,0.05069484756623632,-0.022719330430983252
0.002425898921601953,0.05092785672557544,-0.014564239544337564
0.002160274064567355,0.049927831076048555,0.040372437807061914
0.0022440540896579647,0.0500301305147334,-0.028992490258211743
0.0018349854481814515,0.05052909872528568,0.024608735887570832
0.001626165825473286,0.050326113837867066,0.003645839576889306
0.002595636925210556,0.050314938029182736,-0.028181362986111836
0.002548267543400868,0.05112324940469535,0.0073517074923300715
0.0027550200214987177,0.050095054727540236,-0.01393912089137923
0.002595836397396627,0.05011846177052809,0.007824613019696006
0.0021987679620544365,0.05073145771486115,0.00856087435033301
0.0020150816675729116,0.04949806126557766,0.05810229649269192
0.002566426791511427,0.05020033314248536,-0.007857363829982401
0.001887305400833953,0.04997596030462114,0.025813681375987992
0.002556458156074083,0.04978922320978701,0.053003086172409335
0.002379974385830504,0.04942557179760401,0.03443897201057151
0.0020090589410064197,0.050370925553602126,0.003504836701330595
0.0022609370346715276,0.05011743355814844,-0.01784579891723644
0.002257613476914834,0.04975748690770844,0.04257482728112712
0.0023106930295677722,0.049255442047317535,0.03319576099417596
0.002382799600933941,0.04975646304334373,0.044472594460590285
0.0025809954727631845,0.04984050425411795,-0.006439489635300447
0.0025809954727631845,0.04984050425411795,-0.006439489635300447
0.002213977647602674,0.050241728720007754,0.01989670380151097
0.0024867418629798705,0.05053198683863293,0.011647905312890517
0.0024867418629798705,0.05053198683863293,0.011647905312890517
0.002357009392702647,0.05078775883994607,0.02533433347825178
0.0023374342804375753,0.050587034792876386,0.0012900736857989947
0.0020081997109037087,0.050341430461817285,0.02493507163643311
0.0023871443907566253,0.04927589456408407,0.04882529182786508
0.0024661175244165704,0.04998668547210444,0.04450710652749051
0.0020583515128790955,0.04959226186770009,0.03154874323776113
0.002489057654636891,0.04989507277376966,0.011168116088822413
0.00231475499465552,0.04946992591794249,0.05106591120878905
0.0020115428227365137,0.049538644352861344,0.026898911906795313
0.0025715907321362504,0.050269531521960696,5.217066054726521e-05
0.0023655264412400143,0.049565100915828275,0.01785931391484746
0.0023018204874057408,0.05023367252984931,0.015951941234298658
0.0022843012057806537,0.050411278249383844,0.024183022720698336
0.0022843012057806537,0.050411278249383844,0.024183022720698336
0.002061160250183488,0.04992019468972161,0.012356495330748434
0.0021342921099912395,0.04973910019776711,0.015424420787627647
0.002312387163462665,0.04966647245707159,0.0066019196684769495
0.001606419687599844,0.04953762146484234,0.04941240776259769
0.0015870463335606068,0.04986031379280982,0.05908333525953192
0.0020663522423702255,0.04912924315804554,0.011566008349932086
0.002229252613476732,0.04938229945642137,0.04532294576946044
0.0026598806813834027,0.048942860047026096,0.04682218956900108
0.00247950251132897,0.04942204193256001,0.0723676441574932
0.0020147613374439472,0.047812157658983494,0.08898042101442129
0.0021780000939694796,0.048049949596942365,0.09593283495093684
0.00246000585527408,0.04841532459337833,0.09218202110986728
0.0020135103778334577,0.04834853722669013,0.09617231916531374
0.002018916487632542,0.04847651716202631,0.0788960930957357
0.0021918070440026206,0.051238604668804186,-0.0509821759840616
0.0023758599736970662,0.05082220139382263,-8.024942295846568e-05
0.0026526962227767497,0.04943051338424082,0.03807021871879123
0.002021294357122637,0.05058059289445487,-0.033914690775047586
0.002050959886923605,0.050613284931749256,-0.015109190067665198
0.0023048826944570095,0.049972464386101305,-0.014389741091600652
0.0023210008895902254,0.050079607195643416,0.03184526928447005
0.0025922519869406827,0.049720210553143115,-0.0012582790770707321
0.0023613658081793206,0.050502784764941897,0.012017464217442654
0.0025232977330801403,0.04985475382636716,0.01696548681763505
0.0026778391835301073,0.0503581482150154,0.005604397808783927
0.0021179952615748778,0.049533773039745765,0.049662899636790346
0.0021138915594442432,0.049310369382869895,0.031243736423575343
0.002625176020193925,0.050736877583464866,-0.0337566269159444
0.002390181149864776,0.05096008493994219,-0.013913344863783506
0.0023443389105115967,0.05080138344789256,0.004808971918342866
0.002184417332990065,0.05046666911176877,-0.015632763236039553
0.0018734552674375938,0.04991966152501547,0.007985387704157222
0.002148747264526604,0.050108594644016284,0.04958887288773418
0.0019738976434416473,0.04926202873929551,-0.009846504705412146
0.0019047574054478309,0.05000261080427818,0.005617360874141281
0.0020785460252045833,0.05000800062210653,0.008566754278826801
0.0017844660325590062,0.04976522920188927,0.01631175737871791
0.0018927512712686874,0.04916160199840836,0.03105925014290068
0.0023487959907807286,0.05017358728235749,-0.025218233251400494
0.0026170933742681556,0.05052519887993052,0.0026218471044155206
0.0023088774755533406,0.049564662636201004,0.05132661088605847
0.0019882352740945497,0.04960460555957204,0.03272934814770329
0.002141432876097239,0.05028216452387554,0.011190766046128989
0.0025452556632424603,0.0506901854659602,-0.003330354271669743
0.002096021633498652,0.05053218436537051,8.866874766696455e-05
0.0021710772078831105,0.05003401255582178,0.0061628506695340785
0.0020411064529697737,0.049069856701409544,0.06438873452714465
0.0018806371622998325,0.04902877277590985,0.07739108036284482
0.0026267924275470353,0.05109037878843056,-0.023623952551344987
0.002624426316679562,0.0509971129018627,-0.02223630043489862
0.0018465844441908112,0.05002271297832898,-0.0026406414349079365
0.002160807986219398,0.049669539348735234,0.02210010184941494
0.002160807986219398,0.049669539348735234,0.02210010184941494
0.002542691216196664,0.049422194766169984,0.042591295784561785
0.002304670647100068,0.04977353395375955,0.008907649564233277
0.0024644355966903842,0.04974374867892182,0.01712324134057415
0.002344077701830125,0.04967116801484406,0.031191519939398785
0.0018663265618762952,0.05037937530485649,-0.0243860049521694
0.0028287091756858222,0.05027028102697674,1.3105914825542818e-05
0.0024632720006677778,0.050462863744793446,0.014740751489637027
0.0018846680704341493,0.04941376881601369,0.0195881804258732
0.001891798043290086,0.05000580964127158,0.027510349916840104
0.0023894809610445346,0.049429060546129576,0.06440571188492904
0.002438625359617285,0.04899626167630742,0.03588721001995709
0.002438625359617285,0.04899626167630742,0.03588721001995709
0.0023671588887800993,0.04952181241686414,0.05907370561654141
0.0023748934016213285,0.04959709303292862,0.026778326653428563
0.002076118735757028,0.05021568887960885,-0.016590652551545237
0.002299733405725104,0.050376481340718336,-0.0030025713169383856
0.002026601598174034,0.04963520560316351,0.007479062563268233
0.002242192340952474,0.05013981697344739,0.027559504272305933
0.002522406814079794,0.05031544953066486,-0.024161851668021678
0.002270476037520435,0.04977971829661236,-0.014143346700831531
0.002152674518065312,0.05071210924522008,-0.003976571182694282
0.00211017160244687,0.0509796634655861,-0.04378385447260256
0.0024124152764468765,0.049477887636379794,0.04359854207111512
0.0024629457819861267,0.04969737723923137,0.025062567661268634
0.0019183613345991897,0.04965482636680882,0.03251584133510671
0.001942952355910463,0.048875678421552875,0.07189293682198541
0.0022671568371368397,0.048929355239970045,0.0600749622563353
0.0023286850974486733,0.04906118928946272,0.055419029168298675
0.002501709567861964,0.04909779465082659,0.06602806856930017
0.0019061867843310105,0.05040749738844986,-0.03470850773174582
0.0019972093400500135,0.05067296041490135,0.03341219599421324
0.002832628353383865,0.04978903322634622,-0.015751799092383164
0.0024732140428410316,0.050013680973750835,0.02570598170873868
0.002206735033038054,0.049970628996993165,-0.00882073751060472
0.001887541855489271,0.050343112287002674,0.01454488514368736
0.0021888093138242725,0.0496569236174948,0.006385476354810407
0.002367922623865257,0.04964475499287029,0.03340239567691388
0.0022446756860540523,0.05079942963436389,-0.019521481467311884
0.0022293589468175166,0.05038508300428295,-0.013693899965022386
0.002529651515844929,0.04992684017359243,0.005984303150568826
0.0024583057262762306,0.04990123173693283,0.0370826114256369
0.002616831874656179,0.049223181120905936,0.036031951697071685
0.002431219089831031,0.049131504374263106,0.010508081177247218
0.0024717080629157975,0.05047863619824799,0.02917450965457006
0.00231275865239772,0.04964849389388013,0.013225206169202496
0.0022054055857834193,0.049335388435169415,0.03648497327705026
0.0019549392878400284,0.04897203736672052,0.05488153339437282
0.002615434750802778,0.049172995373432275,0.048124994703249706
0.0020139531553569996,0.049980324740035664,-0.021465415957301545
0.002329764203479837,0.05015585591489879,0.029552550212247553
0.002387654707229603,0.04996405602676694,0.06039238778575507
0.002555511165218772,0.04965225706998835,0.04048791868319317
0.0017536980898567329,0.05027787559665238,-0.019297471800748218
0.002867141237700657,0.050381495368101416,-0.0025149511760077397
0.0020440800980745795,0.048852512474688484,0.023747877242286292
0.0024798117418939197,0.04975000063835506,0.0067479665526427755
0.0024312204746191725,0.05067583124160289,-0.02220099481296142
0.0021882510575849997,0.049869641830284535,0.004726756301908963
0.0023362194922771948,0.05025924997597187,0.0009727759332659561
0.0023314716355419657,0.04976732768504603,0.0026938287777932618
0.002352813120926071,0.05014536123147207,0.03646836856076131
0.002108065352512873,0.05007745003814569,0.005976543078144167
0.002401321128933921,0.04946266528256159,0.03152938334713761
0.0018053894512632918,0.0496165178024679,0.026571495810877862
0.0023639916713536096,0.048868036391952016,0.06640534743123067
0.0019461053461922297,0.05013912225950129,0.011012081889591617
0.0024385742038041903,0.05006965666464898,0.008647202889777968
0.002493329836813876,0.04879262491539927,0.057907766707250036
0.002824878140731785,0.048730031552124846,0.09797434390892866
0.001335887414501304,0.04777671985562096,0.0878620491371044
0.0013552356174153996,0.04787609175514321,0.08681639905642809
0.0015658288045789018,0.04822917689494771,0.10735394413478946
0.0014990648427293124,0.04801482852988036,0.1027725960160653
0.0016895137614875615,0.04983203284195092,0.05386732380351298
0.002715924110428583,0.04944506539187549,0.02490777154330596
0.0026351054424170093,0.04997129763334756,0.03892436594276168
0.002278503040304397,0.0500503684168293,-0.03840441596885025
0.0024988180359142085,0.051149408677318715,-0.0016713287181628982
0.002409478097884543,0.05101590933117835,-0.036446234833010425
0.001914911888689423,0.05007072042739207,-0.005514160299599081
0.001747474749172413,0.050170499280929905,-0.008734567294743908
0.001798716473642024,0.05091511948684377,-0.005324797794645119
0.0023319630850859416,0.04971888549196105,-0.003810712068201054
0.002116473829146478,0.050210902313475775,0.03478623519318897
0.002264501292623836,0.05030118818433232,0.005309932114258226
0.002477737317843121,0.049236153602345366,0.03390328857826257
0.002477737317843121,0.049236153602345366,0.03390328857826257
0.0025244962477395804,0.05032722483719023,-0.009059544424223874
0.0021475317718987613,0.050220081266126114,-0.0064496366298203035
0.0021475317718987613,0.050220081266126114,-0.0064496366298203035
0.002188492170536702,0.050347991146318376,0.029228748632110363
0.002181539579742543,0.05010294181613967,-0.01727382331222673
0.002137637968029524,0.05142921765079069,-0.0472921517300885
0.0026547407881877703,0.050271327136557395,0.012502358233577806
0.0017071920985385022,0.048511791431710555,0.04652445577887804
0.001847957181505593,0.048663871087256415,0.0420267467955768
0.0025582031304647174,0.05032293925653898,-0.03587725658178769
0.0021434299636754243,0.04781489922684103,0.07367887241931338
0.0019748924259048693,0.048013856814147875,0.08723066272103767
0.0022695874501861423,0.04886555804652322,0.04574545644910193
0.0019672522130053096,0.05105111330154643,-0.03821137324007238
0.0029786096242376482,0.04930835580868768,0.04707534935469568
0.0021922858587740384,0.05014669492634307,0.0027441318771943193
0.0022046949092847574,0.05044498292009699,-0.010526224511305048
0.0022046949092847574,0.05044498292009699,-0.010526224511305048
0.0021298930399529245,0.05075343913451645,-0.005009548103058553
0.0020400471068241434,0.049470928046641924,0.040378092851302914
0.001648468574816451,0.050192589283865975,0.014266594462999039
0.001873109509640351,0.049860184810740775,0.003848144026871587
0.0017346157826930223,0.04935085760985285,-0.007893895467672114
0.0019293308387179576,0.050476813770452475,0.016026505488219975
0.0023865452402549495,0.04986683189432751,0.020659014389666667
0.0021782526827988664,0.05046123139905322,-0.009854961928552525
0.002339389572004793,0.049986441149213835,0.007333171558816613
0.002710760891468871,0.04981171704754922,0.02585448949040487
0.0022214440855199517,0.0502272353127866,0.01191913969959512
0.0026383330263557614,0.050424296157421805,-0.02742128488350167
0.0023614787348912557,0.05107473001251122,-0.03352140868670637
0.00221999014742324,0.05027327464090159,-0.01283062814620616
0.0020003878677913455,0.051864343708312485,-0.072512348727855
0.0019207493752343113,0.05207483573757493,-0.044623358505600896
0.0019382428301613788,0.050570370785803585,-0.0589625073837642
0.0026337176469342877,0.050946822706326396,-0.0038919229502725927
0.0018951661282146008,0.04893657741833732,0.07209065954810541
0.0023943711720225435,0.04947827021004054,0.05264414657009404
0.0027129579219546222,0.04969323016584138,0.01635312014322227
0.001900917681331924,0.04953675837535386,0.015438455872026035
0.0020265908858477844,0.05041131988141617,0.03141034102392201
0.001982375481769786,0.04783730930889968,0.10499474235468963
0.0016904754750307672,0.05037271285129224,-0.034839134666395995
0.0016062804203733985,0.050287076408168624,-0.03921897578979205
0.001826379568303621,0.0507843909169181,0.0051347825721637826
0.0018451034982968745,0.049863835678737894,0.011658052900770413
0.0017783061510085875,0.049970204494635094,0.014486413212881188
0.0018215590142409656,0.05024293182002012,-0.0012722121151283994
0.0017796023027215595,0.04821829774575881,0.08562424066038636
0.0018824811935383838,0.048652762689363235,0.09293789234333308
0.0023288030856986903,0.04884762055262977,0.04831929138122774
0.002044778719505771,0.050319761504733905,0.0008611944738710318
0.0019267054410000441,0.05004934299165446,-0.00011615354117377032
0.001930424878298545,0.04962087349654874,0.00349997875863166
0.0025313326451292433,0.05068679064818378,-0.030365485346315616
0.0017558455607794448,0.04950653866055412,0.0019544393012012155
0.0016568392800576264,0.04937610915050424,0.00871927497863642
0.002404368568523542,0.050436502986661184,-0.024805047727376947
0.0026645993131489154,0.048590194935767175,0.09088927286047425
0.002602261870706981,0.0490323165713423,0.07789277260794775
0.0016960267859091013,0.048400882106835706,0.07586037806612883
0.0015940206273925752,0.04840519249237837,0.08752928462019782
0.0018524243300696457,0.04881277133679257,0.07810424087698296
0.002017300943290278,0.04941384695191656,0.06371730672602854
0.002561240651911549,0.05044065650998251,0.01889804768141955
0.0023733995038362856,0.05021166262449483,0.010288050829432759
0.0031614967944832944,0.049677188691703004,0.027311445148596552
0.002628224854825426,0.05048561117145842,0.0009401570786549649
0.0023356234063658106,0.04988539044105636,0.01875372999687336
0.0026077597802841627,0.05000992009604703,0.038007344464752985
0.0022928120008300196,0.05040221349655882,-0.03365976677568046
0.0020427560686333127,0.04997369603089043,-0.007332789173207269
0.0026063667663663585,0.05049502013356626,0.0033456015321815234
0.0024936224036866163,0.049874015832341106,0.0070846789607930385
0.0022495723976215095,0.050282932094210094,-0.022414052469713466
0.0021908662746744673,0.05061563253277026,-0.012162627053993643
0.0021908662746744673,0.05061563253277026,-0.012162627053993643
0.002300840680499956,0.049904940870735624,0.023967427619681177
0.0023797613521826843,0.04875145120826496,0.0791746531620347
0.0015588037375042882,0.050532879713778914,-0.0038750340776399555
0.002504795275339027,0.049998557604714056,-0.02315090885334594
0.0021402120342158774,0.0497371971195907,-0.00759758221580806
0.0019686684150260984,0.050020204548796805,0.010190357774965958
0.0021223476615974944,0.05114844955416137,-0.04010678482883009
0.0024332623904277113,0.05024437213181821,0.016113569558105157
0.0027183640195714257,0.05050701486276517,0.00437714964321406
0.0018146495946694053,0.05012560709462851,-0.0175532685093006
0.0018418603527821714,0.051117745174979905,0.036943977085703836
0.0018354398537925828,0.05110940189056396,0.0270446900050822
0.002006197366427067,0.050178783091339774,-0.04391682575879084
0.0017428283793443561,0.050441347306549124,0.03941536279704157
0.002348288288747741,0.04900471971852732,0.09199425478766345
0.0017042701658437748,0.05158200359886781,-0.07086202647128023
0.0016413494973643624,0.051881318982976654,-0.07397660300670786
0.001741161956936898,0.04873174091959207,0.06408796577398705
0.0026770225953054562,0.048582726455086725,0.07405403438104305
0.00264781456760622,0.049533839534973347,0.07655748317409979
0.0026713777275465945,0.04921306085830585,0.05252962361398775
0.0016517139786400119,0.04867646623119576,0.06221300064850301
0.0027855359292594,0.04980176350539073,0.012674700649524799
0.002905714582260484,0.05015477372229232,0.037324400258999135
0.0026985425588113045,0.049619061855709856,0.013650470366566147
0.0023793436080671317,0.050282767259789495,0.0089781615191282
0.002258672953784323,0.04882691872203927,0.07470639968420206
0.002414734429509999,0.048768809308112525,0.07232039659127701
0.002338222507784841,0.05129556374777211,-0.06597409478152834
0.002361313132759847,0.04822900229576085,0.0939536784147545
0.0023230856717151673,0.04877084632264727,0.07477924058992626
0.0021772233286936576,0.04863631441959535,0.07893548444908342
0.0019943144689640274,0.05015676162536005,-0.0021643006692360772
0.001663551423487338,0.04991999005569013,0.016075655832872626
0.0017544184045121705,0.04960109790250184,-0.006036438600505011
0.002006887861685196,0.050855882419666654,0.0029310687202243418
0.001959735702448255,0.050161230029434095,0.008460861833989447
0.0016824573469312702,0.050240022891742155,-0.02775436383515725
0.0019320595326682494,0.048966644547937636,0.047174359420464114
0.002231492887222351,0.049160381996614454,0.05364660240399763
0.002082105672553248,0.05039010824172047,0.008321250113098698
0.0022308440576774414,0.05105696049020109,-0.041144544983739484
0.002402111241066014,0.05101944856992957,-0.05888086346377756
0.0017290979286415107,0.04924240916127254,0.01016150801680502
0.0020074925899668137,0.049927383633381915,0.04834062482252094
0.002099692457765659,0.0495948698989344,0.046570446617588364
0.0024900737561799127,0.049913698885223,0.013757757384924608
0.0023845695456475575,0.05034718779045334,0.02148232605672959
0.002486112893869008,0.04971386823433088,0.0018813451781022664
0.0022966708488621297,0.05021132927157402,0.017299115147767333
0.002565426444171419,0.04959709412534075,0.018738825258218406
0.002122754668697442,0.04927739326975221,0.024472156603197768
0.002184945048815439,0.050084180829839675,0.027290827305158343
0.0024178083273175225,0.0505572190670994,-0.005870475701640134
0.0020094209035205974,0.04940860901282309,0.048565156263713535
0.0025842147410442976,0.050103794777207444,0.01662197229920412
0.0019583131432864254,0.04949019758800749,0.045246994792566574
0.002149600209040284,0.04985510503695749,0.06313428153123206
0.0022862077113851654,0.04967136889952013,0.046590914600064696
0.0022862077113851654,0.04967136889952013,0.046590914600064696
0.0018998936207748768,0.049384568173767525,0.026529148983002435
0.001924161911143385,0.049854782128731005,0.02442559800847927
0.0023675727937556962,0.049094865146321255,0.06631122016877061
0.0023675727937556962,0.049094865146321255,0.06631122016877061
0.0022874400195855927,0.04907646028961277,0.06908709006325349
0.0022874400195855927,0.04907646028961277,0.06908709006325349
0.0022083831338682576,0.05118134086566666,-0.05713621103329344
0.0024585307039090873,0.04997360064835577,0.030832273174638828
0.002535098982663396,0.04956843185856524,0.023840582855575717
0.0025350652371683158,0.04985522519442534,0.02689677182678165
0.0021862865426921308,0.049855957923860106,0.03522688650035604
0.002836347747152302,0.04996617088224998,0.013363758886932538
0.0019466522798234995,0.04920898264805643,0.05263241456675854
0.00198697363451564,0.04942435191134701,0.03689574419825329
0.0025924854672917624,0.049831151293692304,0.02964441567965973
0.0020347833073676553,0.048982223632466564,0.052795856860211196
0.0020347833073676553,0.048982223632466564,0.052795856860211196
0.0024598301606960425,0.05055612204945073,-0.026314171009754878
0.00259835926764219,0.05050961915964824,0.0013530675296618507
0.002310543609764433,0.049531209874776785,0.018397570896435782
0.0024586821374397243,0.05008128520924345,0.036960468044068724
0.0018645203373852631,0.04953558115869843,-0.00960305363364499
0.002547322178708091,0.05057436326063322,0.020285231364643254
0.002113005591511007,0.04999191967089111,-0.03387862720623696
0.002722287564020588,0.049256258382224936,0.02107061628042869
0.0026860770460187017,0.0495322286529305,0.02201614725402893
0.0023541560769177335,0.05029082135746434,0.021025270402620866
0.002426986329076966,0.04953806032777621,0.035659521192717696
0.0025372639972424784,0.04920437530114301,0.05650087331170247
0.002210931737426549,0.04933987181100361,0.021058211874345673
0.002411113223748952,0.04998358577264566,0.024235684190359316
0.002014099634812044,0.05026089127120532,-0.007996677319875557
0.002016945969746997,0.04988161436936263,0.01949440081004607
0.0018906369542137837,0.0494420670949839,0.03351964272933252
0.0020261029650645835,0.04984087991588984,-0.013763230402520102
0.002022327078524687,0.050003137491345453,0.03322763117426701
0.002721090624122449,0.04913239707932673,0.03497329096868133
0.0021070849033039078,0.04997640338482198,0.019274813181699033
0.0021419810656365685,0.050272494423805436,0.0031237632924515936
0.0024663984956432225,0.05034406327150344,-0.016824561978588812
0.0024903809234608546,0.050737911354017215,-0.023072920688189096
0.002344351035509549,0.05080987022670255,0.00930511247657161
0.0023769701911578035,0.05057182479966111,-0.016008933535384517
0.002292010515430031,0.05135837963843589,-0.041338941328423494
0.0019569516544721294,0.051762171885910584,-0.08374887895885229
0.002590497923112979,0.0496631548855497,0.04794485853226497
0.002595048004589222,0.049577290025039654,0.07340432761377712
0.002468487295434101,0.04933343450558241,0.041670892415733955
0.0018475744491806112,0.04928536496409806,0.017165966081833565
0.00217235849770403,0.049252731763071746,0.023147239891306303
0.0023967813315063894,0.04947916798727306,0.027028118723938958
0.002588322940489222,0.04920352703401182,0.022687000871702327
0.0019776657132512866,0.04995702933143187,0.09170321473803072
0.0019069245313412372,0.048156784424151985,0.04014335211590935
0.0019446548802533998,0.04814444853810507,0.0475061677589321
0.0020243144987022945,0.04819057521147829,0.1459089460259349
0.0019157883777956345,0.04757492071296222,0.11710156831529224
0.0020059401877418107,0.048602530688099214,0.06677125645074584
0.0018993336259405201,0.04855686698387059,0.10690854090194496
0.0018850913969482145,0.04867901392838795,0.05892967926674622
0.0020057027601825357,0.05017322443677855,0.018678614851494815
0.0022662340017053926,0.05067868779243028,-0.022863457607083554
0.002094965671105384,0.0504646976327232,-0.05496889586561565
0.002009864764335436,0.05062791836243362,-0.012804047120120333
0.0026661467457777146,0.049804647158805206,0.020962307191435704
0.0026661467457777146,0.049804647158805206,0.020962307191435704
0.0023006824766887406,0.050385721515646326,-0.01939284390316159
0.0019359851945154236,0.04837396495022725,0.07041769584862266
0.0018896369335752274,0.04851246723330272,0.08504439401292078
0.0018105675125336391,0.04829705245271374,0.08619407782688195
0.0018105675125336391,0.04829705245271374,0.08619407782688195
0.001999048226034794,0.048211785389198666,0.09105809569680406
0.0020708013759072838,0.04824275882968103,0.09950800738859826
0.002106220608689884,0.048001601283556974,0.06978915121743876
0.0019002762756037477,0.048771294667026836,0.10516550347211158
0.0021716143630147694,0.04778996215781967,0.08086808418458791
0.002242122395346192,0.048486864072472054,0.10052377458183737
0.0022287546838760702,0.04858665883982318,0.10962977010253767
0.002169384338617536,0.048545319058746365,0.09328742251460757
0.001774950612347391,0.04920681260977345,0.034411378548207305
0.0018617591469776546,0.049590877429084135,0.042159975169895135
0.002560031016965555,0.049426221882816396,0.02718239148454077
0.0025685985947237824,0.04999852397078037,0.04020784191172224
0.0024061341404692034,0.05103586741590331,-0.01536449476460829
0.0022244678155999035,0.05000194124339964,0.03286957254302936
0.0024920744624972553,0.05005789853680261,0.004312651848191526
0.0022611694205839864,0.04920875486350907,0.06145361061795737
0.002196478184664151,0.04868560405889204,0.0617388792115907
0.0023495801085476435,0.0493306894544408,0.02924540422669922
0.002339874881612243,0.05021730757405046,0.018813817744806078
0.002339874881612243,0.05021730757405046,0.018813817744806078
0.0017697988735829275,0.04959975707766209,-0.007796772429250485
0.0022308809218003272,0.0505676911217137,0.007067210969532276
0.00191423058604911,0.04960107199188761,0.012117452354655764
0.0020265395081810267,0.04954931512606967,0.01863282315010068
0.002446102991714282,0.04981820124175553,0.03195740936566007
0.0022595611788975307,0.04966742897643645,0.03801026854992048
0.002026522273271232,0.04892199788143418,0.06215649155324191
0.0018984413086296599,0.04840085942457204,0.047676563256237856
0.002092821832113473,0.04918666959465806,0.03857247305335869
0.0019737823297441433,0.049679778913739966,0.02763250758961838
0.0022472680223138176,0.05172821244349224,-0.07721391242491737
0.0020079268271256208,0.05046989214095627,0.00035607696088478833
0.0020094011374059677,0.05051448503626646,-0.05292549866731184
0.0023626063664400183,0.05155721475217733,-0.040553446890282424
0.0023645018790366744,0.04994229724001522,0.03974771781337585
0.002333758509577956,0.05022880180463291,-0.01982103150385828
0.002080945979069653,0.05073240432838345,0.0032195965541568015
0.0014220602089534899,0.05055708934796055,-0.028424316732724213
0.0025903550986091147,0.049308612843619926,0.054872632952770485
0.002254573503675799,0.0502802961305496,0.037641683763673314
0.0017305104316287653,0.049171037810851095,0.014345452183527311
0.0028011040051328655,0.04961119798750456,0.002402982333004912
0.002786378485702958,0.04948422382118292,0.026931003182819067
0.0026108421470346305,0.04932305626234386,0.04459722125404281
0.0026030625246496893,0.04976754389064763,0.03313501923475407
0.002369110303841788,0.04983373711355156,0.014280951197067794
0.0023990796944261313,0.04927050598849863,0.05782180557643383
0.0018728919153493408,0.05078664367178693,0.0031767001076940023
0.0014914222738203063,0.049242579327899896,0.007405806073046315
0.0014311682385032866,0.04950843384052698,-0.013248090197018517
0.0014961318848265447,0.049617429215344476,-0.003433801050977827
0.001356929642325561,0.04961327715696901,0.03881083821790627
0.001920747457004633,0.049092217960855285,0.05548316769073537
0.001989753450771105,0.04987432117669321,0.04076343100057862
0.0017880091711538705,0.04886387562112032,0.059209320902200845
0.0019198362909114179,0.04925460834001998,0.06803250815285518
0.002011050417638341,0.049741855959959794,0.005866338821203488
0.0022631573929241867,0.04967147431941633,0.038456041207796554
0.0027344534468463186,0.05071701031123717,-0.004016882770924722
0.002333812429759864,0.050339085529139835,-0.01348358514969583
0.002251165725474006,0.049778973488307586,0.02881313744651075
0.0024757927912483326,0.04989607974050592,0.030775015893105436
0.0024757927912483326,0.04989607974050592,0.030775015893105436
0.0024545078738875312,0.049998111950027756,0.010976181487804281
0.002470366728623162,0.04993867081983706,0.009619424627899635
0.0025746757822998063,0.05050181342177836,0.024368651190486264
0.0023463423085506563,0.04985514057524113,0.008592535686277335
0.002629888813195577,0.050935388394675186,-0.0043098355190942
0.002186113425490983,0.050707197757446795,-0.03097550853133206
0.002115402696310832,0.048270226651633816,0.07531543502361408
0.0017657064232164121,0.04932249624815922,0.045604602954885075
0.00223801502692603,0.049735256095214744,-0.014463110620773628
0.002222614824065809,0.049630481946857,0.059792609731006856
0.0020325826728341883,0.049517183217386844,0.030259570284705797
0.0027437878886746613,0.05023612773399141,0.007616136958349166
0.0016933186356285622,0.04920537435278084,0.0651877553480915
0.0029363927585397387,0.04986175812575616,0.028931088154797988
0.0028645081602760307,0.049342969719628274,0.06709006266793939
0.0026993640901485576,0.04996048805160534,0.05312430805812489
0.0028572773027374884,0.0506847498392746,-0.025702382396809543
0.0016859707414371534,0.05062721914104371,-0.018477510378085576
0.0021627005590447584,0.0497424258951761,0.02197136849354888
0.0021880218747290063,0.04973830388269129,0.009731650238069206
0.0020444371144161455,0.05085305359419694,0.0024280651342243253
0.0021117590115197617,0.050321953918321206,-0.03965630801396049
0.0021970728829210167,0.050357127926337314,-0.014391442989442517
0.0027565909674647743,0.04953704056272506,0.03728494584239206
0.002780850662086212,0.04979313145247036,0.04986390514858789
0.0022265750411649085,0.05008574964316723,-0.022604648213970766
0.002135349352732343,0.04988301182760493,0.0163867707431791
0.0023648222777741877,0.04979304702169713,0.02676602825803945
0.002338641492812847,0.050282553894987043,0.01817174115793047
0.0027737618715915767,0.04972387986750592,0.030975582441840416
0.0022565028966618004,0.049771837377300183,0.023374105759468963
0.002436834556676349,0.050194103971817304,0.03023251400506802
0.0022174025080213783,0.04989336344207569,-0.008209834670941774
0.002067564064150719,0.0502157774209242,0.01146778594082041
0.002067564064150719,0.0502157774209242,0.01146778594082041
0.002572950307017032,0.050550559508674806,0.005789815865279538
0.0020442862890051117,0.050534416163523214,0.010251993863860482
0.002223398116906828,0.04981042115223682,-0.023418866872877506
0.0021787767291744932,0.050798369639250454,0.02815979733472504
0.0024162653166572984,0.04939812474149905,0.017398518907866208
0.0023278346189975247,0.05052997114043009,0.024838002323640494
0.002341418109408672,0.04903478651838175,0.01699505444297137
0.001957725651213376,0.0507126806829051,0.040290482026374204
0.002272328715426643,0.050086586972872146,0.015194584718642575
0.0024593981184331533,0.050192979364618334,0.02390526783364205
0.002342354593204859,0.04958540589491468,0.029896482058916454
0.0022729118369590423,0.050180417646594803,-0.005000695648612978
0.002455376541864452,0.04994146549298711,0.008492113280346138
0.0020557798362372676,0.0513158474714694,-0.053451103732316874
0.0011887107533418784,0.05118753015351925,-0.042746978236326956
0.002439155810908515,0.049854437090000855,0.03149860368073446
